
2.47479
2.50315
2.53151
2.55987
2.58823
2.61658
2.64494
2.6733
2.70166
2.73002
2.75838
2.78674
2.78674
2.8151
2.8151
2.84345
2.84345
2.84345
2.87181
2.87181
2.87181
2.90017
2.90017
2.90017
2.92853
2.92853
2.92853
2.95689
2.95689
2.95689
2.98525
2.98525
2.98525
3.01361
3.01361
3.01361
3.04197
3.04197
3.04197
3.07032
3.07032
3.07032
3.09868
3.09868
3.09868
3.12704
3.12704
3.12704
3.1554
3.1554
3.1554
3.18376
3.18376
3.18376
3.21212
3.21212
3.21212
3.24048
3.24048
3.24048
3.26884
3.26884
3.26884
3.2972
3.2972
3.2972
3.32555
3.32555
3.32555
3.35391
3.35391
3.35391
3.38227
3.38227
3.38227
3.41063
3.41063
3.41063
3.43899
3.43899
3.43899
3.46735
3.46735
3.46735
3.49571
3.49571
3.49571
3.52407
3.52407
3.52407
3.55242
3.55242
3.55242
3.58078
3.58078
3.58078
3.60914
3.60914
3.60914
3.6375
3.6375
3.6375
3.6375
3.66586
3.66586
3.66586
3.66586
3.69422
3.69422
3.69422
3.69422
3.72258
3.72258
3.72258
3.72258
3.75094
3.75094
3.75094
3.75094
3.77929
3.77929
3.77929
3.77929
3.80765
3.80765
3.80765
3.80765
3.83601
3.83601
3.83601
3.83601
3.86437
3.86437
3.86437
3.86437
3.89273
3.89273
3.89273
3.89273
3.92109
3.92109
3.92109
3.92109
3.94945
3.94945
3.94945
3.94945
3.97781
3.97781
3.97781
3.97781
4.00617
4.00617
4.00617
4.00617
4.03452
4.03452
4.03452
4.03452
4.06288
4.06288
4.06288
4.09124
4.1196
4.14796
4.17632
4.20468
4.23304
4.26139
4.28975
4.31811
4.34647
4.37483
4.40319
4.43155
4.43155
4.45991
4.45991
4.48826
4.48826
4.51662
4.51662
4.54498
4.54498
4.57334
4.57334
4.6017
4.6017
4.63006
4.63006
4.65842
4.68678
4.71514
4.74349
4.77185
4.80021
4.82857
4.85693
4.88529
4.91365
4.94201
4.97036
4.99872
5.02708
5.05544
5.0838
5.11216
5.14052
5.16888
5.19723
5.22559
5.25395
5.28231
