
2.51827
2.54669
2.57511
2.60354
2.63196
2.66038
2.68881
2.71723
2.74565
2.77407
2.77407
2.8025
2.8025
2.83092
2.83092
2.85934
2.85934
2.88776
2.88776
2.91619
2.91619
2.94461
2.94461
2.94461
2.97303
2.97303
2.97303
3.00145
3.00145
3.00145
3.02988
3.02988
3.02988
3.0583
3.0583
3.0583
3.08672
3.08672
3.08672
3.11514
3.11514
3.11514
3.14357
3.14357
3.14357
3.17199
3.17199
3.17199
3.20041
3.20041
3.20041
3.22883
3.22883
3.22883
3.25726
3.25726
3.25726
3.28568
3.28568
3.28568
3.3141
3.3141
3.3141
3.34252
3.34252
3.34252
3.37095
3.37095
3.37095
3.39937
3.39937
3.39937
3.42779
3.42779
3.42779
3.45621
3.45621
3.45621
3.48464
3.48464
3.48464
3.51306
3.51306
3.51306
3.54148
3.54148
3.54148
3.5699
3.5699
3.5699
3.59833
3.59833
3.59833
3.62675
3.62675
3.62675
3.65517
3.65517
3.65517
3.68359
3.68359
3.68359
3.71202
3.71202
3.71202
3.71202
3.74044
3.74044
3.74044
3.74044
3.76886
3.76886
3.76886
3.76886
3.79728
3.79728
3.79728
3.79728
3.82571
3.82571
3.82571
3.82571
3.85413
3.85413
3.85413
3.85413
3.88255
3.88255
3.88255
3.88255
3.91097
3.91097
3.91097
3.91097
3.9394
3.9394
3.9394
3.9394
3.96782
3.96782
3.96782
3.96782
3.99624
3.99624
3.99624
3.99624
4.02466
4.02466
4.02466
4.02466
4.05308
4.05308
4.05308
4.05308
4.08151
4.08151
4.08151
4.10993
4.10993
4.13835
4.13835
4.16677
4.1952
4.22362
4.25204
4.28046
4.30889
4.33731
4.36573
4.39415
4.42258
4.451
4.47942
4.47942
4.50784
4.50784
4.53627
4.53627
4.56469
4.56469
4.59311
4.59311
4.62153
4.62153
4.64996
4.64996
4.67838
4.67838
4.7068
4.7068
4.73522
4.73522
4.76365
4.79207
4.82049
4.84891
4.87734
4.90576
4.93418
4.9626
4.99103
5.01945
5.04787
5.07629
5.10472
5.13314
5.16156
5.18998
5.21841
5.24683
5.27525
5.30367
5.3321
5.36052
