
2.71754
2.74768
2.77782
2.80796
2.80796
2.8381
2.8381
2.86824
2.86824
2.89838
2.89838
2.92852
2.92852
2.95867
2.95867
2.98881
2.98881
2.98881
3.01895
3.01895
3.01895
3.04909
3.04909
3.04909
3.07923
3.07923
3.07923
3.10937
3.10937
3.10937
3.13951
3.13951
3.13951
3.16965
3.16965
3.16965
3.19979
3.19979
3.19979
3.22993
3.22993
3.22993
3.26007
3.26007
3.26007
3.29021
3.29021
3.29021
3.32035
3.32035
3.32035
3.35049
3.35049
3.35049
3.38064
3.38064
3.38064
3.41078
3.41078
3.41078
3.44092
3.44092
3.44092
3.47106
3.47106
3.47106
3.5012
3.5012
3.5012
3.53134
3.53134
3.53134
3.56148
3.56148
3.56148
3.59162
3.59162
3.59162
3.62176
3.62176
3.62176
3.6519
3.6519
3.6519
3.68204
3.68204
3.68204
3.71218
3.71218
3.71218
3.74232
3.74232
3.74232
3.77246
3.77246
3.77246
3.80261
3.80261
3.80261
3.83275
3.83275
3.83275
3.86289
3.86289
3.86289
3.89303
3.89303
3.89303
3.92317
3.92317
3.92317
3.92317
3.95331
3.95331
3.95331
3.95331
3.98345
3.98345
3.98345
3.98345
4.01359
4.01359
4.01359
4.04373
4.04373
4.04373
4.07387
4.07387
4.07387
4.10401
4.10401
4.10401
4.13415
4.13415
4.13415
4.16429
4.16429
4.16429
4.19443
4.19443
4.19443
4.22457
4.22457
4.22457
4.25472
4.25472
4.25472
4.28486
4.28486
4.28486
4.315
4.315
4.315
4.34514
4.34514
4.34514
4.37528
4.37528
4.40542
4.43556
4.4657
4.49584
4.52598
4.55612
4.58626
4.6164
4.64654
4.67669
4.70683
4.73697
4.76711
4.79725
4.85753
4.88767
4.91781
4.94795
4.97809
5.00823
5.03837
5.06851
5.09866
5.1288
5.15894
5.18908
5.21922
5.24936
5.2795
5.30964
5.33978
5.36992
5.40006
5.4302
5.46034
5.49048
5.52063
5.55077
5.58091
5.61105
5.64119
5.67133
5.70147
5.73161
