
1.89834
1.92663
1.95491
1.9832
2.01149
2.03977
2.06806
2.09635
2.09635
2.12463
2.12463
2.15292
2.15292
2.18121
2.18121
2.20949
2.20949
2.20949
2.23778
2.23778
2.23778
2.26607
2.26607
2.26607
2.29435
2.29435
2.29435
2.32264
2.32264
2.32264
2.35093
2.35093
2.35093
2.37921
2.37921
2.37921
2.4075
2.4075
2.4075
2.43579
2.43579
2.43579
2.46407
2.46407
2.46407
2.49236
2.49236
2.49236
2.52065
2.52065
2.52065
2.54893
2.54893
2.54893
2.57722
2.57722
2.57722
2.60551
2.60551
2.60551
2.63379
2.63379
2.63379
2.66208
2.66208
2.66208
2.69037
2.69037
2.69037
2.71865
2.71865
2.71865
2.74694
2.74694
2.74694
2.77523
2.77523
2.77523
2.80351
2.80351
2.80351
2.8318
2.8318
2.8318
2.86009
2.86009
2.86009
2.88837
2.88837
2.88837
2.91666
2.91666
2.91666
2.94495
2.94495
2.94495
2.97323
2.97323
2.97323
3.00152
3.00152
3.00152
3.02981
3.02981
3.02981
3.05809
3.05809
3.05809
3.08638
3.08638
3.08638
3.11467
3.11467
3.11467
3.14295
3.14295
3.14295
3.17124
3.17124
3.17124
3.19953
3.19953
3.22781
3.22781
3.2561
3.2561
3.28439
3.28439
3.31268
3.31268
3.34096
3.34096
3.34096
3.36925
3.36925
3.36925
3.39754
3.39754
3.39754
3.42582
3.42582
3.42582
3.45411
3.45411
3.45411
3.4824
3.4824
3.4824
3.51068
3.51068
3.51068
3.53897
3.53897
3.53897
3.56726
3.56726
3.56726
3.59554
3.59554
3.59554
3.62383
3.62383
3.62383
3.65212
3.65212
3.65212
3.6804
3.6804
3.6804
3.70869
3.70869
3.73698
3.73698
3.76526
3.76526
3.79355
3.82184
3.85012
3.85012
3.87841
3.87841
3.9067
3.9067
3.93498
3.93498
3.96327
3.96327
3.99156
3.99156
4.01984
4.04813
4.07642
4.1047
4.13299
4.16128
4.18956
4.21785
4.24614
4.27442
4.30271
4.331
4.35928
4.38757
4.41586
4.44414
4.47243
4.50072
4.529
4.55729
4.58558
4.61386
4.64215
4.67044
4.69872
