
2.50727
2.53562
2.56396
2.59231
2.62066
2.64901
2.67735
2.7057
2.73405
2.76239
2.76239
2.79074
2.79074
2.81909
2.81909
2.84744
2.84744
2.87578
2.87578
2.90413
2.90413
2.90413
2.93248
2.93248
2.93248
2.96083
2.96083
2.96083
2.98917
2.98917
2.98917
3.01752
3.01752
3.01752
3.04587
3.04587
3.04587
3.07421
3.07421
3.07421
3.10256
3.10256
3.10256
3.13091
3.13091
3.13091
3.15926
3.15926
3.15926
3.1876
3.1876
3.1876
3.21595
3.21595
3.21595
3.2443
3.2443
3.2443
3.27264
3.27264
3.27264
3.30099
3.30099
3.30099
3.32934
3.32934
3.32934
3.35769
3.35769
3.35769
3.38603
3.38603
3.38603
3.41438
3.41438
3.41438
3.44273
3.44273
3.44273
3.47107
3.47107
3.47107
3.49942
3.49942
3.49942
3.52777
3.52777
3.52777
3.55612
3.55612
3.55612
3.58446
3.58446
3.58446
3.61281
3.61281
3.61281
3.64116
3.64116
3.64116
3.66951
3.66951
3.66951
3.69785
3.69785
3.69785
3.69785
3.7262
3.7262
3.7262
3.7262
3.75455
3.75455
3.75455
3.75455
3.78289
3.78289
3.78289
3.78289
3.81124
3.81124
3.81124
3.81124
3.83959
3.83959
3.83959
3.83959
3.86794
3.86794
3.86794
3.86794
3.89628
3.89628
3.89628
3.89628
3.92463
3.92463
3.92463
3.92463
3.95298
3.95298
3.95298
3.95298
3.98132
3.98132
3.98132
3.98132
4.00967
4.00967
4.00967
4.00967
4.03802
4.03802
4.03802
4.03802
4.06637
4.06637
4.06637
4.09471
4.09471
4.12306
4.12306
4.15141
4.17975
4.2081
4.23645
4.2648
4.29314
4.32149
4.34984
4.37819
4.40653
4.43488
4.46323
4.46323
4.49157
4.49157
4.51992
4.51992
4.54827
4.54827
4.57662
4.57662
4.60496
4.60496
4.63331
4.63331
4.66166
4.66166
4.69
4.69
4.71835
4.71835
4.7467
4.77505
4.80339
4.83174
4.86009
4.88843
4.91678
4.94513
4.97348
5.00182
5.03017
5.05852
5.08687
5.11521
5.14356
5.17191
5.20025
5.2286
5.25695
5.2853
5.31364
5.34199
