
1.71715
1.74523
1.7733
1.80138
1.82945
1.85753
1.8856
1.91368
1.91368
1.94175
1.94175
1.96983
1.96983
1.9979
1.9979
2.02598
2.02598
2.05405
2.05405
2.08213
2.08213
2.1102
2.1102
2.13828
2.13828
2.16635
2.16635
2.19443
2.19443
2.22251
2.22251
2.25058
2.25058
2.27866
2.27866
2.30673
2.30673
2.33481
2.33481
2.33481
2.36288
2.36288
2.36288
2.39096
2.39096
2.39096
2.41903
2.41903
2.41903
2.44711
2.44711
2.44711
2.47518
2.47518
2.47518
2.50326
2.50326
2.50326
2.53133
2.53133
2.53133
2.55941
2.55941
2.55941
2.58748
2.58748
2.58748
2.61556
2.61556
2.61556
2.64363
2.64363
2.64363
2.67171
2.67171
2.67171
2.69979
2.69979
2.69979
2.72786
2.72786
2.72786
2.75594
2.75594
2.75594
2.78401
2.78401
2.78401
2.81209
2.81209
2.81209
2.84016
2.84016
2.84016
2.86824
2.86824
2.86824
2.89631
2.89631
2.89631
2.92439
2.92439
2.92439
2.95246
2.95246
2.95246
2.98054
2.98054
2.98054
3.00861
3.00861
3.00861
3.03669
3.03669
3.03669
3.06476
3.06476
3.06476
3.09284
3.09284
3.09284
3.12091
3.12091
3.12091
3.14899
3.14899
3.14899
3.17707
3.17707
3.17707
3.17707
3.20514
3.20514
3.20514
3.20514
3.23322
3.23322
3.23322
3.26129
3.26129
3.26129
3.28937
3.28937
3.31744
3.31744
3.34552
3.34552
3.37359
3.37359
3.40167
3.40167
3.42974
3.42974
3.45782
3.45782
3.48589
3.48589
3.51397
3.51397
3.54204
3.54204
3.57012
3.57012
3.5982
3.5982
3.62627
3.62627
3.65435
3.65435
3.68242
3.68242
3.7105
3.7105
3.73857
3.73857
3.76665
3.76665
3.79472
3.79472
3.8228
3.8228
3.85087
3.85087
3.87895
3.87895
3.90702
3.90702
3.9351
3.9351
3.96317
3.96317
3.99125
3.99125
4.01932
4.01932
4.0474
4.0474
4.07548
4.07548
4.10355
4.10355
4.13163
4.13163
4.1597
4.18778
4.21585
4.24393
4.272
4.30008
4.32815
4.35623
4.3843
4.41238
4.44045
4.46853
4.4966
4.52468
