
3.49529
3.52337
3.55144
3.57952
3.60759
3.63567
3.66374
3.69182
3.69182
3.71989
3.71989
3.74797
3.74797
3.77604
3.77604
3.80412
3.80412
3.83219
3.83219
3.86027
3.86027
3.88835
3.88835
3.91642
3.91642
3.9445
3.9445
3.97257
3.97257
4.00065
4.00065
4.02872
4.02872
4.0568
4.0568
4.08487
4.08487
4.11295
4.11295
4.11295
4.14102
4.14102
4.14102
4.1691
4.1691
4.1691
4.19717
4.19717
4.19717
4.22525
4.22525
4.22525
4.25333
4.25333
4.25333
4.2814
4.2814
4.2814
4.30948
4.30948
4.30948
4.33755
4.33755
4.33755
4.36563
4.36563
4.36563
4.3937
4.3937
4.3937
4.42178
4.42178
4.42178
4.44985
4.44985
4.44985
4.47793
4.47793
4.47793
4.506
4.506
4.506
4.53408
4.53408
4.53408
4.56216
4.56216
4.56216
4.59023
4.59023
4.59023
4.61831
4.61831
4.61831
4.64638
4.64638
4.64638
4.67446
4.67446
4.67446
4.70253
4.70253
4.70253
4.73061
4.73061
4.73061
4.75868
4.75868
4.75868
4.78676
4.78676
4.78676
4.81483
4.81483
4.81483
4.84291
4.84291
4.84291
4.87098
4.87098
4.87098
4.89906
4.89906
4.89906
4.92714
4.92714
4.92714
4.95521
4.95521
4.95521
4.95521
4.98329
4.98329
4.98329
4.98329
5.01136
5.01136
5.01136
5.03944
5.03944
5.03944
5.06751
5.06751
5.09559
5.09559
5.12366
5.12366
5.15174
5.15174
5.17981
5.17981
5.20789
5.20789
5.23596
5.23596
5.26404
5.26404
5.29212
5.29212
5.32019
5.32019
5.34827
5.34827
5.37634
5.37634
5.40442
5.40442
5.43249
5.43249
5.46057
5.46057
5.48864
5.48864
5.51672
5.51672
5.54479
5.54479
5.57287
5.57287
5.60094
5.60094
5.62902
5.62902
5.6571
5.6571
5.68517
5.68517
5.71325
5.71325
5.74132
5.74132
5.7694
5.7694
5.79747
5.79747
5.82555
5.82555
5.85362
5.85362
5.8817
5.8817
5.90977
5.90977
5.93785
5.96593
5.994
6.02208
6.05015
6.07823
6.1063
6.13438
6.16245
6.19053
6.2186
6.24668
6.27475
6.30283
