
1.49669
1.5313
1.5659
1.60051
1.63511
1.66972
1.70432
1.73893
1.77353
1.80814
1.84274
1.87735
1.91195
1.94656
1.98116
2.01577
2.01577
2.05037
2.05037
2.08498
2.08498
2.11958
2.11958
2.15419
2.15419
2.18879
2.18879
2.2234
2.2234
2.2234
2.258
2.258
2.258
2.29261
2.29261
2.29261
2.32721
2.32721
2.32721
2.36182
2.36182
2.36182
2.39643
2.39643
2.39643
2.43103
2.43103
2.43103
2.46564
2.46564
2.46564
2.50024
2.50024
2.50024
2.53485
2.53485
2.53485
2.56945
2.56945
2.56945
2.60406
2.60406
2.60406
2.63866
2.63866
2.63866
2.67327
2.67327
2.67327
2.70787
2.70787
2.70787
2.74248
2.74248
2.74248
2.77708
2.77708
2.77708
2.81169
2.81169
2.84629
2.84629
2.8809
2.8809
2.9155
2.9155
2.95011
2.95011
2.95011
2.98471
2.98471
2.98471
3.01932
3.01932
3.01932
3.05392
3.05392
3.05392
3.08853
3.08853
3.08853
3.12313
3.12313
3.12313
3.15774
3.15774
3.15774
3.19234
3.19234
3.19234
3.22695
3.22695
3.22695
3.26156
3.26156
3.26156
3.29616
3.29616
3.29616
3.33077
3.33077
3.33077
3.36537
3.36537
3.39998
3.39998
3.43458
3.43458
3.46919
3.46919
3.50379
3.50379
3.5384
3.5384
3.573
3.573
3.60761
3.60761
3.64221
3.64221
3.67682
3.67682
3.71142
3.71142
3.74603
3.74603
3.78063
3.78063
3.81524
4.05747
4.09208
4.12669
4.16129
4.1959
4.2305
4.26511
4.29971
4.33432
4.36892
4.40353
4.43813
4.47274
4.50734
4.54195
4.57655
4.61116
4.64576
4.68037
4.71497
4.74958
4.78418
4.81879
4.85339
4.888
4.9226
4.95721
