
2.19958
2.22728
2.25498
2.28268
2.31038
2.33808
2.36578
2.39348
2.42118
2.44888
2.47658
2.50428
2.53198
2.55968
2.58738
2.61508
2.64278
2.67048
2.67048
2.69818
2.69818
2.72588
2.72588
2.72588
2.75358
2.75358
2.75358
2.78128
2.78128
2.78128
2.80898
2.80898
2.80898
2.83668
2.83668
2.83668
2.86438
2.86438
2.86438
2.89208
2.89208
2.89208
2.91977
2.91977
2.91977
2.94747
2.94747
2.94747
2.97517
2.97517
2.97517
3.00287
3.00287
3.00287
3.03057
3.03057
3.03057
3.05827
3.05827
3.05827
3.08597
3.08597
3.08597
3.11367
3.11367
3.11367
3.14137
3.14137
3.14137
3.16907
3.16907
3.16907
3.19677
3.19677
3.19677
3.22447
3.22447
3.22447
3.25217
3.25217
3.25217
3.27987
3.27987
3.27987
3.30757
3.30757
3.30757
3.33527
3.33527
3.33527
3.36297
3.36297
3.36297
3.39067
3.39067
3.39067
3.41837
3.41837
3.41837
3.44607
3.44607
3.44607
3.47377
3.47377
3.47377
3.50147
3.50147
3.52917
3.52917
3.55687
3.55687
3.58457
3.58457
3.61227
3.61227
3.63997
3.63997
3.63997
3.66767
3.66767
3.66767
3.69537
3.69537
3.69537
3.72307
3.72307
3.72307
3.75077
3.75077
3.75077
3.77847
3.77847
3.77847
3.80617
3.80617
3.80617
3.83387
3.83387
3.83387
3.86157
3.86157
3.86157
3.88927
3.88927
3.88927
3.91697
3.91697
3.91697
3.94467
3.94467
3.94467
3.97237
3.97237
3.97237
4.00007
4.00007
4.00007
4.02777
4.02777
4.02777
4.05547
4.05547
4.05547
4.08317
4.08317
4.08317
4.11087
4.11087
4.11087
4.13857
4.13857
4.13857
4.16627
4.16627
4.16627
4.19397
4.19397
4.19397
4.22167
4.22167
4.22167
4.24937
4.24937
4.24937
4.27707
4.27707
4.27707
4.30476
4.30476
4.33246
4.33246
4.36016
4.36016
4.38786
4.38786
4.41556
4.41556
4.44326
4.44326
4.47096
4.49866
4.52636
4.55406
4.58176
4.60946
4.63716
4.66486
4.69256
4.72026
4.74796
4.77566
4.80336
4.83106
4.85876
4.88646
4.91416
4.94186
