
3.01176
3.04146
3.07116
3.10086
3.13055
3.16025
3.18995
3.21965
3.24935
3.27905
3.27905
3.30874
3.30874
3.33844
3.33844
3.36814
3.36814
3.39784
3.39784
3.39784
3.42754
3.42754
3.42754
3.45724
3.45724
3.45724
3.48693
3.48693
3.48693
3.51663
3.51663
3.51663
3.54633
3.54633
3.54633
3.57603
3.57603
3.57603
3.60573
3.60573
3.60573
3.63543
3.63543
3.63543
3.66512
3.66512
3.66512
3.69482
3.69482
3.69482
3.72452
3.72452
3.72452
3.75422
3.75422
3.75422
3.78392
3.78392
3.78392
3.81362
3.81362
3.81362
3.84332
3.84332
3.84332
3.87301
3.87301
3.87301
3.90271
3.90271
3.90271
3.93241
3.93241
3.93241
3.96211
3.96211
3.96211
3.99181
3.99181
3.99181
4.02151
4.02151
4.02151
4.0512
4.0512
4.0512
4.0809
4.0809
4.0809
4.1106
4.1106
4.1106
4.1403
4.1403
4.1403
4.17
4.17
4.17
4.1997
4.1997
4.1997
4.22939
4.22939
4.22939
4.25909
4.25909
4.25909
4.28879
4.28879
4.28879
4.31849
4.31849
4.31849
4.34819
4.34819
4.34819
4.37789
4.37789
4.37789
4.40758
4.40758
4.40758
4.43728
4.43728
4.43728
4.46698
4.46698
4.46698
4.49668
4.49668
4.49668
4.52638
4.52638
4.52638
4.55608
4.55608
4.55608
4.58578
4.58578
4.58578
4.61547
4.61547
4.61547
4.64517
4.64517
4.64517
4.67487
4.67487
4.67487
4.70457
4.70457
4.70457
4.73427
4.73427
4.76397
4.76397
4.79366
4.79366
4.82336
4.82336
4.85306
4.85306
4.88276
4.88276
4.91246
4.91246
4.94216
4.94216
4.97185
4.97185
5.00155
5.03125
5.06095
5.09065
5.12035
5.15004
5.17974
5.20944
5.23914
5.26884
5.29854
5.32824
5.35793
5.38763
5.41733
5.44703
5.47673
5.50643
5.53612
5.56582
5.59552
5.62522
5.65492
5.68462
5.71431
5.74401
5.77371
5.80341
5.83311
5.86281
5.8925
5.9222
5.9519
