
1.98985
2.02927
2.0687
2.10812
2.14755
2.18697
2.2264
2.26582
2.30525
2.34467
2.38409
2.42352
2.42352
2.46294
2.46294
2.50237
2.50237
2.54179
2.54179
2.58122
2.58122
2.62064
2.62064
2.66006
2.66006
2.69949
2.69949
2.73891
2.73891
2.77834
2.77834
2.81776
2.81776
2.85719
2.85719
2.85719
2.89661
2.89661
2.89661
2.93604
2.93604
2.93604
2.97546
2.97546
2.97546
3.01488
3.01488
3.01488
3.05431
3.05431
3.05431
3.09373
3.09373
3.09373
3.13316
3.13316
3.13316
3.17258
3.17258
3.17258
3.21201
3.21201
3.21201
3.21201
3.25143
3.25143
3.25143
3.25143
3.29086
3.29086
3.29086
3.33028
3.33028
3.33028
3.3697
3.3697
3.3697
3.40913
3.40913
3.40913
3.44855
3.44855
3.44855
3.48798
3.48798
3.48798
3.5274
3.5274
3.5274
3.56683
3.56683
3.56683
3.60625
3.60625
3.60625
3.64567
3.64567
3.6851
3.6851
3.72452
3.72452
3.76395
3.76395
3.80337
3.80337
3.8428
3.8428
3.88222
3.88222
3.92165
3.92165
3.96107
3.96107
4.00049
4.00049
4.03992
4.03992
4.07934
4.07934
4.11877
4.11877
4.15819
4.15819
4.19762
4.19762
4.23704
4.23704
4.27647
4.31589
4.35531
4.39474
4.43416
5.02553
5.06495
5.10438
5.1438
5.18323
5.22265
5.26208
5.3015
5.34092
5.38035
5.41977
5.4592
5.49862
5.53805
5.57747
5.61689
5.65632
5.69574
5.73517
5.77459
5.81402
5.85344
5.89287
5.93229
