
0.663949
0.698686
0.733423
0.76816
0.802897
0.837633
0.87237
0.907107
0.907107
0.941844
0.941844
0.976581
0.976581
1.01132
1.01132
1.04606
1.04606
1.04606
1.08079
1.08079
1.08079
1.11553
1.11553
1.11553
1.15027
1.15027
1.15027
1.185
1.185
1.185
1.21974
1.21974
1.21974
1.25448
1.25448
1.25448
1.28922
1.28922
1.28922
1.32395
1.32395
1.32395
1.35869
1.35869
1.35869
1.39343
1.39343
1.39343
1.42816
1.42816
1.42816
1.4629
1.4629
1.4629
1.49764
1.49764
1.49764
1.53237
1.53237
1.53237
1.56711
1.56711
1.56711
1.60185
1.60185
1.60185
1.63658
1.63658
1.63658
1.67132
1.67132
1.67132
1.70606
1.70606
1.70606
1.74079
1.74079
1.74079
1.77553
1.77553
1.77553
1.81027
1.81027
1.81027
1.84501
1.84501
1.84501
1.87974
1.87974
1.87974
1.91448
1.91448
1.91448
1.94922
1.94922
1.94922
1.98395
1.98395
2.01869
2.01869
2.05343
2.05343
2.05343
2.08816
2.08816
2.08816
2.1229
2.1229
2.1229
2.15764
2.15764
2.15764
2.19237
2.19237
2.19237
2.22711
2.22711
2.22711
2.26185
2.26185
2.26185
2.29658
2.29658
2.29658
2.33132
2.33132
2.33132
2.36606
2.36606
2.36606
2.4008
2.4008
2.4008
2.43553
2.43553
2.43553
2.47027
2.47027
2.47027
2.50501
2.50501
2.53974
2.53974
2.57448
2.57448
2.60922
2.60922
2.64395
2.67869
2.71343
3.23448
3.26922
3.30395
3.33869
3.37343
3.40817
3.4429
3.47764
3.51238
3.54711
3.58185
3.61659
3.65132
3.68606
3.7208
3.75553
3.79027
3.82501
3.85974
3.89448
3.92922
3.96396
3.99869
4.03343
4.06817
4.1029
