
0.871478
0.907051
0.942624
0.978197
1.01377
1.04935
1.08492
1.08492
1.12049
1.12049
1.12049
1.15607
1.15607
1.15607
1.19164
1.19164
1.19164
1.22721
1.22721
1.22721
1.26278
1.26278
1.26278
1.29836
1.29836
1.29836
1.33393
1.33393
1.33393
1.3695
1.3695
1.3695
1.40508
1.40508
1.40508
1.44065
1.44065
1.44065
1.47622
1.47622
1.47622
1.5118
1.5118
1.5118
1.54737
1.54737
1.54737
1.58294
1.58294
1.58294
1.61852
1.61852
1.61852
1.65409
1.65409
1.65409
1.68966
1.68966
1.68966
1.72524
1.72524
1.72524
1.76081
1.76081
1.76081
1.79638
1.79638
1.79638
1.83195
1.83195
1.83195
1.86753
1.86753
1.86753
1.9031
1.9031
1.9031
1.93867
1.93867
1.93867
1.97425
1.97425
1.97425
2.00982
2.00982
2.00982
2.04539
2.04539
2.04539
2.04539
2.08097
2.08097
2.08097
2.08097
2.11654
2.11654
2.11654
2.11654
2.15211
2.15211
2.15211
2.15211
2.18769
2.18769
2.18769
2.22326
2.22326
2.22326
2.25883
2.25883
2.25883
2.2944
2.2944
2.2944
2.32998
2.32998
2.32998
2.36555
2.36555
2.36555
2.40112
2.40112
2.40112
2.4367
2.4367
2.4367
2.47227
2.47227
2.47227
2.50784
2.50784
2.54342
2.54342
2.57899
2.57899
2.61456
2.61456
2.65014
2.68571
2.72128
2.75685
2.79243
2.828
2.86357
2.89915
3.53946
3.57504
3.61061
3.64618
3.68176
3.71733
3.7529
3.78847
3.82405
3.85962
3.89519
3.93077
3.96634
4.00191
4.03749
4.07306
4.10863
4.14421
4.17978
4.21535
4.25092
4.2865
4.32207
4.35764
4.39322
