
1.17912
1.21268
1.24625
1.27981
1.31338
1.34694
1.3805
1.41407
1.44763
1.4812
1.51476
1.54833
1.58189
1.61545
1.64902
1.68258
1.71615
1.74971
1.78327
1.81684
1.8504
1.88397
1.91753
1.95109
1.95109
1.98466
1.98466
2.01822
2.01822
2.05179
2.05179
2.08535
2.08535
2.11891
2.11891
2.15248
2.15248
2.15248
2.18604
2.18604
2.18604
2.21961
2.21961
2.21961
2.25317
2.25317
2.25317
2.28674
2.28674
2.28674
2.3203
2.3203
2.3203
2.35386
2.35386
2.35386
2.38743
2.38743
2.38743
2.42099
2.42099
2.42099
2.45456
2.45456
2.45456
2.48812
2.48812
2.52168
2.52168
2.55525
2.55525
2.58881
2.58881
2.62238
2.62238
2.65594
2.65594
2.6895
2.6895
2.72307
2.72307
2.75663
2.75663
2.7902
2.7902
2.7902
2.82376
2.82376
2.82376
2.85732
2.85732
2.85732
2.89089
2.89089
2.89089
2.92445
2.92445
2.92445
2.95802
2.95802
2.95802
2.99158
2.99158
2.99158
3.02515
3.02515
3.02515
3.05871
3.05871
3.05871
3.09227
3.09227
3.09227
3.12584
3.12584
3.12584
3.1594
3.1594
3.1594
3.19297
3.19297
3.19297
3.22653
3.22653
3.26009
3.26009
3.29366
3.29366
3.32722
3.32722
3.36079
3.36079
3.39435
3.39435
3.42791
3.42791
3.46148
3.46148
3.49504
3.49504
3.52861
3.52861
3.56217
3.56217
3.59574
3.59574
3.6293
3.6293
3.66286
3.66286
3.66286
3.69643
3.69643
3.69643
3.72999
3.72999
3.76356
3.79712
3.83068
3.86425
3.89781
3.93138
3.96494
3.9985
4.03207
4.06563
4.0992
4.13276
4.16632
4.19989
4.23345
4.26702
4.30058
4.33415
4.36771
4.40127
4.43484
4.4684
4.50197
