
3.49658
3.52591
3.55523
3.58456
3.61389
3.64321
3.67254
3.70187
3.73119
3.76052
3.78985
3.81917
3.8485
3.87783
3.90715
3.93648
3.96581
3.99513
4.02446
4.05379
4.08311
4.11244
4.14177
4.14177
4.17109
4.17109
4.20042
4.20042
4.22975
4.22975
4.25907
4.25907
4.2884
4.2884
4.31772
4.31772
4.34705
4.34705
4.37638
4.37638
4.4057
4.4057
4.4057
4.43503
4.43503
4.43503
4.46436
4.46436
4.46436
4.49368
4.49368
4.49368
4.52301
4.52301
4.52301
4.55234
4.55234
4.55234
4.58166
4.58166
4.58166
4.61099
4.61099
4.61099
4.64032
4.64032
4.64032
4.66964
4.66964
4.66964
4.69897
4.69897
4.69897
4.7283
4.7283
4.7283
4.75762
4.75762
4.75762
4.78695
4.78695
4.78695
4.81628
4.81628
4.81628
4.8456
4.8456
4.8456
4.87493
4.87493
4.87493
4.90426
4.90426
4.90426
4.93358
4.93358
4.93358
4.96291
4.96291
4.96291
4.99224
4.99224
4.99224
5.02156
5.02156
5.02156
5.05089
5.05089
5.05089
5.08022
5.08022
5.08022
5.10954
5.10954
5.10954
5.13887
5.13887
5.13887
5.1682
5.1682
5.1682
5.19752
5.19752
5.19752
5.22685
5.22685
5.22685
5.25618
5.25618
5.25618
5.2855
5.2855
5.2855
5.31483
5.31483
5.34416
5.34416
5.37348
5.37348
5.37348
5.40281
5.40281
5.40281
5.43214
5.43214
5.43214
5.46146
5.46146
5.49079
5.49079
5.52012
5.52012
5.54944
5.54944
5.57877
5.57877
5.6081
5.6081
5.63742
5.63742
5.66675
5.66675
5.69608
5.69608
5.7254
5.7254
5.75473
5.75473
5.78405
5.78405
5.81338
5.81338
5.84271
5.84271
5.87203
5.87203
5.90136
5.90136
5.93069
5.93069
5.96001
5.96001
5.98934
5.98934
6.01867
6.01867
6.04799
6.04799
6.07732
6.07732
6.10665
6.10665
6.13597
6.13597
6.1653
6.1653
6.19463
6.19463
6.22395
6.22395
6.25328
6.25328
6.28261
6.31193
6.34126
6.37059
6.39991
