-177.5 -89.0 25.891594
-177.5 -86.0 65.40801
-177.5 -82.0 58.427338
-177.5 -78.0 37.213036
-177.5 -74.0 32.27069
-177.5 -70.0 32.140575
-177.5 -66.0 41.395554
-177.5 -62.0 32.082813
-177.5 -58.0 24.966242
-177.5 -54.0 23.419733
-177.5 -50.0 36.68688
-177.5 -46.0 44.060307
-177.5 -42.0 25.89639
-177.5 -38.0 19.86076
-177.5 -34.0 17.604677
-177.5 -30.0 19.478441
-177.5 -26.0 21.659784
-177.5 -22.0 20.634396
-177.5 -18.0 26.58287
-177.5 -14.0 22.648169
-177.5 -10.0 19.37847
-177.5 -6.0 18.65436
-177.5 -2.0 12.597739
-177.5 2.0 10.09563
-177.5 6.0 10.566763
-177.5 10.0 15.617233
-177.5 14.0 13.396186
-177.5 18.0 8.903385
-177.5 22.0 8.485818
-177.5 26.0 8.383091
-177.5 30.0 7.4354153
-177.5 34.0 8.503721
-177.5 38.0 9.820321
-177.5 42.0 13.275119
-177.5 46.0 13.225241
-177.5 50.0 13.851584
-177.5 54.0 13.547368
-177.5 58.0 12.121885
-177.5 62.0 13.630181
-177.5 66.0 14.66336
-177.5 70.0 12.537949
-177.5 74.0 13.120691
-177.5 78.0 11.842004
-177.5 82.0 16.683098
-177.5 86.0 19.632692
-177.5 89.0 6.757652
-172.5 -89.0 25.891594
-172.5 -86.0 64.96897
-172.5 -82.0 59.10052
-172.5 -78.0 49.55555
-172.5 -74.0 41.332886
-172.5 -70.0 28.319391
-172.5 -66.0 47.649044
-172.5 -62.0 43.979576
-172.5 -58.0 25.038664
-172.5 -54.0 22.147968
-172.5 -50.0 31.022915
-172.5 -46.0 45.00054
-172.5 -42.0 20.723675
-172.5 -38.0 19.320831
-172.5 -34.0 33.865673
-172.5 -30.0 31.293957
-172.5 -26.0 36.67915
-172.5 -22.0 29.63105
-172.5 -18.0 21.021439
-172.5 -14.0 18.454763
-172.5 -10.0 11.563319
-172.5 -6.0 16.32549
-172.5 -2.0 12.763719
-172.5 2.0 8.641407
-172.5 6.0 9.839478
-172.5 10.0 17.435093
-172.5 14.0 15.61969
-172.5 18.0 9.541865
-172.5 22.0 7.67031
-172.5 26.0 8.002345
-172.5 30.0 6.9500594
-172.5 34.0 8.346744
-172.5 38.0 11.402628
-172.5 42.0 10.854444
-172.5 46.0 14.537683
-172.5 50.0 14.135013
-172.5 54.0 13.491109
-172.5 58.0 13.308245
-172.5 62.0 13.713703
-172.5 66.0 14.272433
-172.5 70.0 13.481605
-172.5 74.0 13.428365
-172.5 78.0 13.558881
-172.5 82.0 17.405083
-172.5 86.0 22.811918
-172.5 89.0 6.757652
-167.5 -89.0 25.891594
-167.5 -86.0 63.67381
-167.5 -82.0 62.31711
-167.5 -78.0 42.998608
-167.5 -74.0 37.90631
-167.5 -70.0 16.586433
-167.5 -66.0 32.686977
-167.5 -62.0 27.986553
-167.5 -58.0 42.17118
-167.5 -54.0 39.80647
-167.5 -50.0 17.3537
-167.5 -46.0 31.36374
-167.5 -42.0 33.995644
-167.5 -38.0 21.751354
-167.5 -34.0 41.541477
-167.5 -30.0 56.096306
-167.5 -26.0 45.91051
-167.5 -22.0 27.127438
-167.5 -18.0 10.107679
-167.5 -14.0 8.678494
-167.5 -10.0 16.678064
-167.5 -6.0 14.471496
-167.5 -2.0 11.865367
-167.5 2.0 10.622394
-167.5 6.0 9.941757
-167.5 10.0 17.16215
-167.5 14.0 13.361262
-167.5 18.0 5.5900016
-167.5 22.0 4.841023
-167.5 26.0 5.408364
-167.5 30.0 6.1465907
-167.5 34.0 7.3293443
-167.5 38.0 10.489143
-167.5 42.0 12.110349
-167.5 46.0 14.749674
-167.5 50.0 15.668939
-167.5 54.0 14.157498
-167.5 58.0 15.667863
-167.5 62.0 14.431167
-167.5 66.0 13.147556
-167.5 70.0 14.780365
-167.5 74.0 12.715188
-167.5 78.0 12.718054
-167.5 82.0 18.976606
-167.5 86.0 22.742056
-167.5 89.0 6.757652
-162.5 -89.0 25.891594
-162.5 -86.0 69.17328
-162.5 -82.0 67.15996
-162.5 -78.0 39.760868
-162.5 -74.0 30.261316
-162.5 -70.0 17.96813
-162.5 -66.0 19.465422
-162.5 -62.0 32.64469
-162.5 -58.0 57.472145
-162.5 -54.0 33.231018
-162.5 -50.0 32.52093
-162.5 -46.0 35.953327
-162.5 -42.0 26.054195
-162.5 -38.0 55.761124
-162.5 -34.0 66.901085
-162.5 -30.0 48.77971
-162.5 -26.0 45.896126
-162.5 -22.0 17.223732
-162.5 -18.0 6.3789997
-162.5 -14.0 12.688627
-162.5 -10.0 20.534285
-162.5 -6.0 19.099535
-162.5 -2.0 17.862368
-162.5 2.0 12.879409
-162.5 6.0 11.306033
-162.5 10.0 13.18932
-162.5 14.0 11.131323
-162.5 18.0 6.173665
-162.5 22.0 4.762132
-162.5 26.0 5.646159
-162.5 30.0 6.6734915
-162.5 34.0 7.1212187
-162.5 38.0 10.215337
-162.5 42.0 13.195513
-162.5 46.0 14.659724
-162.5 50.0 14.773224
-162.5 54.0 14.717454
-162.5 58.0 14.624594
-162.5 62.0 13.994565
-162.5 66.0 13.289075
-162.5 70.0 14.599983
-162.5 74.0 12.241474
-162.5 78.0 12.681277
-162.5 82.0 19.349422
-162.5 86.0 23.169376
-162.5 89.0 6.757652
-157.5 -89.0 25.891594
-157.5 -86.0 66.42971
-157.5 -82.0 65.82243
-157.5 -78.0 37.609562
-157.5 -74.0 18.00696
-157.5 -70.0 21.20654
-157.5 -66.0 19.249662
-157.5 -62.0 27.714447
-157.5 -58.0 43.81734
-157.5 -54.0 31.6174
-157.5 -50.0 40.79915
-157.5 -46.0 51.458218
-157.5 -42.0 15.203531
-157.5 -38.0 36.97615
-157.5 -34.0 54.75878
-157.5 -30.0 41.730057
-157.5 -26.0 34.312294
-157.5 -22.0 16.331839
-157.5 -18.0 15.2987
-157.5 -14.0 19.944475
-157.5 -10.0 31.204227
-157.5 -6.0 34.18469
-157.5 -2.0 43.916786
-157.5 2.0 22.606787
-157.5 6.0 10.725086
-157.5 10.0 9.508996
-157.5 14.0 8.140812
-157.5 18.0 7.7922897
-157.5 22.0 6.3021393
-157.5 26.0 5.8507714
-157.5 30.0 6.2185926
-157.5 34.0 9.2753525
-157.5 38.0 11.757103
-157.5 42.0 13.367267
-157.5 46.0 13.798141
-157.5 50.0 14.57537
-157.5 54.0 14.602422
-157.5 58.0 14.401171
-157.5 62.0 12.989168
-157.5 66.0 12.9954195
-157.5 70.0 14.624349
-157.5 74.0 12.190127
-157.5 78.0 11.460673
-157.5 82.0 19.293154
-157.5 86.0 24.786566
-157.5 89.0 6.757652
-152.5 -89.0 25.891594
-152.5 -86.0 72.648636
-152.5 -82.0 52.707718
-152.5 -78.0 35.603546
-152.5 -74.0 32.62238
-152.5 -70.0 37.4049
-152.5 -66.0 17.588623
-152.5 -62.0 19.194172
-152.5 -58.0 59.557095
-152.5 -54.0 34.233215
-152.5 -50.0 33.366096
-152.5 -46.0 49.236023
-152.5 -42.0 45.6033
-152.5 -38.0 31.932444
-152.5 -34.0 23.752222
-152.5 -30.0 26.099077
-152.5 -26.0 30.200588
-152.5 -22.0 18.207708
-152.5 -18.0 17.422024
-152.5 -14.0 22.501627
-152.5 -10.0 37.91821
-152.5 -6.0 42.244804
-152.5 -2.0 25.761015
-152.5 2.0 20.101398
-152.5 6.0 11.28058
-152.5 10.0 9.488488
-152.5 14.0 9.230514
-152.5 18.0 3.3009186
-152.5 22.0 2.198309
-152.5 26.0 6.6582484
-152.5 30.0 9.876
-152.5 34.0 7.6454754
-152.5 38.0 12.832874
-152.5 42.0 15.612953
-152.5 46.0 13.438729
-152.5 50.0 14.111683
-152.5 54.0 14.342893
-152.5 58.0 13.933675
-152.5 62.0 14.781387
-152.5 66.0 14.161754
-152.5 70.0 12.880964
-152.5 74.0 11.616011
-152.5 78.0 11.91815
-152.5 82.0 17.401978
-152.5 86.0 23.31836
-152.5 89.0 6.757652
-147.5 -89.0 25.891594
-147.5 -86.0 75.564926
-147.5 -82.0 64.8912
-147.5 -78.0 30.791367
-147.5 -74.0 25.698479
-147.5 -70.0 69.62607
-147.5 -66.0 26.898933
-147.5 -62.0 25.639915
-147.5 -58.0 36.540977
-147.5 -54.0 28.928684
-147.5 -50.0 34.71499
-147.5 -46.0 56.706165
-147.5 -42.0 37.366695
-147.5 -38.0 28.126179
-147.5 -34.0 29.900434
-147.5 -30.0 27.702686
-147.5 -26.0 28.673908
-147.5 -22.0 21.291601
-147.5 -18.0 22.144619
-147.5 -14.0 29.658728
-147.5 -10.0 65.142555
-147.5 -6.0 42.838318
-147.5 -2.0 45.739807
-147.5 2.0 31.158125
-147.5 6.0 23.940674
-147.5 10.0 9.18469
-147.5 14.0 13.402661
-147.5 18.0 26.72494
-147.5 22.0 46.59287
-147.5 26.0 60.487995
-147.5 30.0 22.260534
-147.5 34.0 8.183413
-147.5 38.0 10.501325
-147.5 42.0 16.018734
-147.5 46.0 13.184063
-147.5 50.0 14.418785
-147.5 54.0 14.982226
-147.5 58.0 16.06826
-147.5 62.0 14.792384
-147.5 66.0 14.448242
-147.5 70.0 14.535284
-147.5 74.0 14.048349
-147.5 78.0 11.967436
-147.5 82.0 17.697235
-147.5 86.0 25.732344
-147.5 89.0 6.757652
-142.5 -89.0 25.891594
-142.5 -86.0 76.46957
-142.5 -82.0 61.547657
-142.5 -78.0 31.089642
-142.5 -74.0 25.409052
-142.5 -70.0 33.189587
-142.5 -66.0 33.10911
-142.5 -62.0 20.225294
-142.5 -58.0 37.60141
-142.5 -54.0 21.901163
-142.5 -50.0 40.09545
-142.5 -46.0 49.037754
-142.5 -42.0 42.961773
-142.5 -38.0 29.308237
-142.5 -34.0 33.825863
-142.5 -30.0 36.112972
-142.5 -26.0 39.54308
-142.5 -22.0 35.828785
-142.5 -18.0 30.45374
-142.5 -14.0 39.849033
-142.5 -10.0 77.32857
-142.5 -6.0 91.63406
-142.5 -2.0 43.268528
-142.5 2.0 59.254948
-142.5 6.0 33.112637
-142.5 10.0 15.390841
-142.5 14.0 10.824675
-142.5 18.0 37.616184
-142.5 22.0 377.99277
-142.5 26.0 167.75261
-142.5 30.0 26.093334
-142.5 34.0 20.41037
-142.5 38.0 12.462103
-142.5 42.0 11.295914
-142.5 46.0 16.585672
-142.5 50.0 16.76162
-142.5 54.0 16.521873
-142.5 58.0 15.731128
-142.5 62.0 15.029447
-142.5 66.0 14.1242895
-142.5 70.0 14.344507
-142.5 74.0 12.769907
-142.5 78.0 13.328634
-142.5 82.0 17.279749
-142.5 86.0 28.817795
-142.5 89.0 6.757652
-137.5 -89.0 25.891594
-137.5 -86.0 77.34793
-137.5 -82.0 60.281475
-137.5 -78.0 42.201675
-137.5 -74.0 34.718044
-137.5 -70.0 35.20571
-137.5 -66.0 49.303993
-137.5 -62.0 32.024704
-137.5 -58.0 21.160963
-137.5 -54.0 43.30667
-137.5 -50.0 36.183815
-137.5 -46.0 44.679996
-137.5 -42.0 44.619576
-137.5 -38.0 31.751373
-137.5 -34.0 39.696686
-137.5 -30.0 41.88677
-137.5 -26.0 49.871548
-137.5 -22.0 52.837673
-137.5 -18.0 40.030785
-137.5 -14.0 51.74558
-137.5 -10.0 94.61064
-137.5 -6.0 157.01015
-137.5 -2.0 92.03182
-137.5 2.0 49.797245
-137.5 6.0 108.30467
-137.5 10.0 69.736534
-137.5 14.0 14.688279
-137.5 18.0 306.00317
-137.5 22.0 144.90517
-137.5 26.0 64.132614
-137.5 30.0 12.162992
-137.5 34.0 16.29541
-137.5 38.0 45.03499
-137.5 42.0 8.150977
-137.5 46.0 17.930777
-137.5 50.0 20.80873
-137.5 54.0 13.754534
-137.5 58.0 18.205063
-137.5 62.0 16.908163
-137.5 66.0 13.007966
-137.5 70.0 14.055079
-137.5 74.0 14.39308
-137.5 78.0 12.6712055
-137.5 82.0 16.670794
-137.5 86.0 31.095425
-137.5 89.0 6.757652
-132.5 -89.0 25.891594
-132.5 -86.0 70.61702
-132.5 -82.0 55.20082
-132.5 -78.0 40.804325
-132.5 -74.0 39.467003
-132.5 -70.0 35.813934
-132.5 -66.0 46.8994
-132.5 -62.0 44.495975
-132.5 -58.0 45.813892
-132.5 -54.0 46.54612
-132.5 -50.0 81.40626
-132.5 -46.0 37.04484
-132.5 -42.0 38.681194
-132.5 -38.0 29.035105
-132.5 -34.0 46.851143
-132.5 -30.0 48.628445
-132.5 -26.0 66.175156
-132.5 -22.0 77.31192
-132.5 -18.0 81.75354
-132.5 -14.0 111.83708
-132.5 -10.0 222.96422
-132.5 -6.0 303.30365
-132.5 -2.0 171.91026
-132.5 2.0 134.54489
-132.5 6.0 177.18431
-132.5 10.0 203.0453
-132.5 14.0 232.87679
-132.5 18.0 226.88188
-132.5 22.0 175.38997
-132.5 26.0 22.97825
-132.5 30.0 13.290876
-132.5 34.0 9.360021
-132.5 38.0 43.062477
-132.5 42.0 13.328563
-132.5 46.0 17.550978
-132.5 50.0 26.107822
-132.5 54.0 12.628685
-132.5 58.0 16.85221
-132.5 62.0 16.941126
-132.5 66.0 12.913353
-132.5 70.0 13.825208
-132.5 74.0 13.776327
-132.5 78.0 9.940617
-132.5 82.0 17.243473
-132.5 86.0 29.867027
-132.5 89.0 6.757652
-127.5 -89.0 25.891594
-127.5 -86.0 79.45562
-127.5 -82.0 47.14348
-127.5 -78.0 27.774332
-127.5 -74.0 26.366665
-127.5 -70.0 27.880402
-127.5 -66.0 36.766148
-127.5 -62.0 30.194172
-127.5 -58.0 40.993763
-127.5 -54.0 27.279757
-127.5 -50.0 46.49311
-127.5 -46.0 34.4851
-127.5 -42.0 39.423286
-127.5 -38.0 38.30879
-127.5 -34.0 48.151134
-127.5 -30.0 55.947266
-127.5 -26.0 84.73847
-127.5 -22.0 133.90201
-127.5 -18.0 181.13857
-127.5 -14.0 238.70891
-127.5 -10.0 197.60063
-127.5 -6.0 176.18752
-127.5 -2.0 253.89523
-127.5 2.0 221.1613
-127.5 6.0 113.63638
-127.5 10.0 160.36627
-127.5 14.0 258.11923
-127.5 18.0 252.75128
-127.5 22.0 120.49032
-127.5 26.0 147.03577
-127.5 30.0 40.61596
-127.5 34.0 17.967077
-127.5 38.0 32.845417
-127.5 42.0 15.446789
-127.5 46.0 15.586588
-127.5 50.0 23.998264
-127.5 54.0 18.870392
-127.5 58.0 14.799523
-127.5 62.0 16.379211
-127.5 66.0 14.04689
-127.5 70.0 13.285652
-127.5 74.0 13.893579
-127.5 78.0 11.068056
-127.5 82.0 17.510088
-127.5 86.0 28.070473
-127.5 89.0 6.757652
-122.5 -89.0 25.891594
-122.5 -86.0 81.80851
-122.5 -82.0 50.75645
-122.5 -78.0 22.51085
-122.5 -74.0 27.930851
-122.5 -70.0 30.1637
-122.5 -66.0 30.827076
-122.5 -62.0 53.714725
-122.5 -58.0 41.54594
-122.5 -54.0 32.25819
-122.5 -50.0 33.54191
-122.5 -46.0 30.914824
-122.5 -42.0 35.58001
-122.5 -38.0 39.245422
-122.5 -34.0 63.30456
-122.5 -30.0 72.31903
-122.5 -26.0 114.741165
-122.5 -22.0 262.4849
-122.5 -18.0 465.33728
-122.5 -14.0 700.5714
-122.5 -10.0 121.08675
-122.5 -6.0 364.15024
-122.5 -2.0 223.15506
-122.5 2.0 385.17957
-122.5 6.0 246.85793
-122.5 10.0 141.57593
-122.5 14.0 224.07825
-122.5 18.0 297.34946
-122.5 22.0 161.9391
-122.5 26.0 95.45352
-122.5 30.0 58.131348
-122.5 34.0 36.702366
-122.5 38.0 35.088455
-122.5 42.0 46.311184
-122.5 46.0 24.059626
-122.5 50.0 17.01657
-122.5 54.0 22.776167
-122.5 58.0 17.437761
-122.5 62.0 14.6809845
-122.5 66.0 14.592695
-122.5 70.0 14.257042
-122.5 74.0 13.254703
-122.5 78.0 12.719518
-122.5 82.0 16.455101
-122.5 86.0 25.70296
-122.5 89.0 6.757652
-117.5 -89.0 25.891594
-117.5 -86.0 51.83119
-117.5 -82.0 46.92616
-117.5 -78.0 26.993874
-117.5 -74.0 24.472416
-117.5 -70.0 37.155594
-117.5 -66.0 53.20471
-117.5 -62.0 37.356716
-117.5 -58.0 37.644035
-117.5 -54.0 30.528057
-117.5 -50.0 32.389572
-117.5 -46.0 30.800837
-117.5 -42.0 40.113186
-117.5 -38.0 65.43642
-117.5 -34.0 74.69419
-117.5 -30.0 91.20431
-117.5 -26.0 153.44157
-117.5 -22.0 353.3099
-117.5 -18.0 551.8111
-117.5 -14.0 408.1593
-117.5 -10.0 195.51317
-117.5 -6.0 116.4597
-117.5 -2.0 140.41954
-117.5 2.0 92.21575
-117.5 6.0 93.113785
-117.5 10.0 75.98229
-117.5 14.0 75.4359
-117.5 18.0 155.60547
-117.5 22.0 161.01993
-117.5 26.0 91.84187
-117.5 30.0 49.52409
-117.5 34.0 51.407505
-117.5 38.0 122.505264
-117.5 42.0 146.69057
-117.5 46.0 29.594513
-117.5 50.0 13.276398
-117.5 54.0 21.917025
-117.5 58.0 20.229277
-117.5 62.0 13.17853
-117.5 66.0 14.284847
-117.5 70.0 15.092858
-117.5 74.0 13.423048
-117.5 78.0 12.731654
-117.5 82.0 17.720734
-117.5 86.0 32.334904
-117.5 89.0 6.757652
-112.5 -89.0 25.891594
-112.5 -86.0 50.778618
-112.5 -82.0 41.47288
-112.5 -78.0 27.29781
-112.5 -74.0 37.247883
-112.5 -70.0 37.940544
-112.5 -66.0 39.12602
-112.5 -62.0 29.878397
-112.5 -58.0 22.4021
-112.5 -54.0 26.267918
-112.5 -50.0 50.69204
-112.5 -46.0 40.02997
-112.5 -42.0 34.528603
-112.5 -38.0 42.938576
-112.5 -34.0 61.602474
-112.5 -30.0 93.00547
-112.5 -26.0 165.04628
-112.5 -22.0 320.48135
-112.5 -18.0 418.10748
-112.5 -14.0 255.37193
-112.5 -10.0 160.7696
-112.5 -6.0 61.892628
-112.5 -2.0 36.409786
-112.5 2.0 63.063896
-112.5 6.0 20.07266
-112.5 10.0 74.09879
-112.5 14.0 88.60232
-112.5 18.0 103.27784
-112.5 22.0 243.2873
-112.5 26.0 166.37143
-112.5 30.0 96.23416
-112.5 34.0 107.44253
-112.5 38.0 305.52106
-112.5 42.0 274.85855
-112.5 46.0 70.49483
-112.5 50.0 12.474539
-112.5 54.0 20.320328
-112.5 58.0 22.113409
-112.5 62.0 13.395438
-112.5 66.0 14.505642
-112.5 70.0 15.79054
-112.5 74.0 12.8750105
-112.5 78.0 12.310368
-112.5 82.0 16.475107
-112.5 86.0 29.875607
-112.5 89.0 6.757652
-107.5 -89.0 25.891594
-107.5 -86.0 55.860474
-107.5 -82.0 39.387054
-107.5 -78.0 26.314419
-107.5 -74.0 31.716528
-107.5 -70.0 39.405327
-107.5 -66.0 36.988247
-107.5 -62.0 41.536892
-107.5 -58.0 24.158995
-107.5 -54.0 23.605034
-107.5 -50.0 45.842308
-107.5 -46.0 40.2582
-107.5 -42.0 28.72676
-107.5 -38.0 33.664394
-107.5 -34.0 73.0213
-107.5 -30.0 98.26397
-107.5 -26.0 111.84942
-107.5 -22.0 261.21634
-107.5 -18.0 469.96213
-107.5 -14.0 116.22352
-107.5 -10.0 118.9006
-107.5 -6.0 46.906166
-107.5 -2.0 14.885214
-107.5 2.0 15.670604
-107.5 6.0 35.534267
-107.5 10.0 161.66628
-107.5 14.0 84.377205
-107.5 18.0 70.89911
-107.5 22.0 104.31658
-107.5 26.0 186.63452
-107.5 30.0 95.60127
-107.5 34.0 105.3746
-107.5 38.0 231.85994
-107.5 42.0 314.0926
-107.5 46.0 127.875595
-107.5 50.0 18.868177
-107.5 54.0 17.048878
-107.5 58.0 20.32028
-107.5 62.0 13.597283
-107.5 66.0 15.3141165
-107.5 70.0 14.722378
-107.5 74.0 15.597109
-107.5 78.0 12.947969
-107.5 82.0 17.307959
-107.5 86.0 32.5842
-107.5 89.0 6.757652
-102.5 -89.0 25.891594
-102.5 -86.0 60.694466
-102.5 -82.0 41.20015
-102.5 -78.0 26.030653
-102.5 -74.0 32.136353
-102.5 -70.0 33.22087
-102.5 -66.0 29.882332
-102.5 -62.0 38.693325
-102.5 -58.0 51.87008
-102.5 -54.0 47.969593
-102.5 -50.0 58.322884
-102.5 -46.0 31.182537
-102.5 -42.0 28.532099
-102.5 -38.0 77.220314
-102.5 -34.0 254.03328
-102.5 -30.0 529.52454
-102.5 -26.0 345.6538
-102.5 -22.0 262.55466
-102.5 -18.0 220.18332
-102.5 -14.0 184.20245
-102.5 -10.0 117.48263
-102.5 -6.0 33.49838
-102.5 -2.0 21.776796
-102.5 2.0 35.902237
-102.5 6.0 31.286749
-102.5 10.0 169.59909
-102.5 14.0 366.28354
-102.5 18.0 98.385345
-102.5 22.0 89.6407
-102.5 26.0 67.63771
-102.5 30.0 63.50338
-102.5 34.0 51.8072
-102.5 38.0 178.06517
-102.5 42.0 122.69677
-102.5 46.0 51.526833
-102.5 50.0 32.464478
-102.5 54.0 24.816988
-102.5 58.0 20.502293
-102.5 62.0 14.554311
-102.5 66.0 15.455217
-102.5 70.0 15.583206
-102.5 74.0 15.891018
-102.5 78.0 11.921749
-102.5 82.0 18.833324
-102.5 86.0 34.438835
-102.5 89.0 6.757652
-97.5 -89.0 25.891594
-97.5 -86.0 57.143036
-97.5 -82.0 36.94687
-97.5 -78.0 21.68817
-97.5 -74.0 30.62942
-97.5 -70.0 31.809395
-97.5 -66.0 28.94577
-97.5 -62.0 38.89172
-97.5 -58.0 33.027157
-97.5 -54.0 58.667377
-97.5 -50.0 86.29804
-97.5 -46.0 36.728065
-97.5 -42.0 78.554016
-97.5 -38.0 135.21085
-97.5 -34.0 101.39179
-97.5 -30.0 68.44631
-97.5 -26.0 60.423275
-97.5 -22.0 73.51542
-97.5 -18.0 118.52724
-97.5 -14.0 167.12936
-97.5 -10.0 77.07015
-97.5 -6.0 25.217276
-97.5 -2.0 18.791298
-97.5 2.0 26.824278
-97.5 6.0 74.58446
-97.5 10.0 69.9376
-97.5 14.0 51.22318
-97.5 18.0 69.34759
-97.5 22.0 102.62835
-97.5 26.0 121.24849
-97.5 30.0 53.222675
-97.5 34.0 44.53592
-97.5 38.0 48.86642
-97.5 42.0 37.01183
-97.5 46.0 36.18081
-97.5 50.0 33.037373
-97.5 54.0 31.301264
-97.5 58.0 23.980598
-97.5 62.0 15.157329
-97.5 66.0 16.421698
-97.5 70.0 15.340596
-97.5 74.0 13.78731
-97.5 78.0 11.263434
-97.5 82.0 18.312904
-97.5 86.0 35.16999
-97.5 89.0 6.757652
-92.5 -89.0 25.891594
-92.5 -86.0 61.908325
-92.5 -82.0 46.1611
-92.5 -78.0 26.34302
-92.5 -74.0 32.761467
-92.5 -70.0 32.653107
-92.5 -66.0 29.769806
-92.5 -62.0 33.806202
-92.5 -58.0 22.013647
-92.5 -54.0 39.586548
-92.5 -50.0 35.012676
-92.5 -46.0 38.569733
-92.5 -42.0 182.32428
-92.5 -38.0 140.85292
-92.5 -34.0 49.40312
-92.5 -30.0 44.294926
-92.5 -26.0 50.57707
-92.5 -22.0 55.246956
-92.5 -18.0 60.320457
-92.5 -14.0 82.90427
-92.5 -10.0 41.574093
-92.5 -6.0 13.145075
-92.5 -2.0 15.534054
-92.5 2.0 10.547328
-92.5 6.0 16.797148
-92.5 10.0 23.463905
-92.5 14.0 34.28019
-92.5 18.0 30.88264
-92.5 22.0 43.11652
-92.5 26.0 95.4812
-92.5 30.0 46.164387
-92.5 34.0 38.136475
-92.5 38.0 46.392857
-92.5 42.0 43.206318
-92.5 46.0 26.788082
-92.5 50.0 43.183685
-92.5 54.0 30.188227
-92.5 58.0 25.92912
-92.5 62.0 15.781431
-92.5 66.0 14.992891
-92.5 70.0 13.988018
-92.5 74.0 13.780224
-92.5 78.0 12.339669
-92.5 82.0 17.999136
-92.5 86.0 34.357323
-92.5 89.0 6.757652
-87.5 -89.0 25.891594
-87.5 -86.0 63.139126
-87.5 -82.0 57.875637
-87.5 -78.0 33.551258
-87.5 -74.0 37.805172
-87.5 -70.0 22.795788
-87.5 -66.0 29.404757
-87.5 -62.0 45.125164
-87.5 -58.0 38.237823
-87.5 -54.0 40.94748
-87.5 -50.0 26.85673
-87.5 -46.0 33.329132
-87.5 -42.0 56.508816
-87.5 -38.0 133.03044
-87.5 -34.0 67.43465
-87.5 -30.0 33.907516
-87.5 -26.0 28.719954
-87.5 -22.0 30.826302
-87.5 -18.0 33.891205
-87.5 -14.0 37.957306
-87.5 -10.0 42.166237
-87.5 -6.0 12.677307
-87.5 -2.0 12.987069
-87.5 2.0 8.029569
-87.5 6.0 6.7231755
-87.5 10.0 7.574054
-87.5 14.0 8.287127
-87.5 18.0 12.916892
-87.5 22.0 18.145075
-87.5 26.0 25.9965
-87.5 30.0 30.716124
-87.5 34.0 34.894283
-87.5 38.0 63.63225
-87.5 42.0 52.18164
-87.5 46.0 15.096313
-87.5 50.0 28.079569
-87.5 54.0 27.531166
-87.5 58.0 19.902336
-87.5 62.0 18.18093
-87.5 66.0 14.166849
-87.5 70.0 13.006166
-87.5 74.0 13.005384
-87.5 78.0 11.600159
-87.5 82.0 17.81798
-87.5 86.0 35.799343
-87.5 89.0 6.757652
-82.5 -89.0 25.891594
-82.5 -86.0 58.35908
-82.5 -82.0 45.31216
-82.5 -78.0 64.22144
-82.5 -74.0 35.006836
-82.5 -70.0 36.06206
-82.5 -66.0 26.511578
-82.5 -62.0 28.72334
-82.5 -58.0 25.121998
-82.5 -54.0 20.95404
-82.5 -50.0 22.525467
-82.5 -46.0 48.558792
-82.5 -42.0 62.0396
-82.5 -38.0 151.66737
-82.5 -34.0 58.40369
-82.5 -30.0 34.876648
-82.5 -26.0 31.43328
-82.5 -22.0 22.16138
-82.5 -18.0 21.612925
-82.5 -14.0 29.992966
-82.5 -10.0 22.606081
-82.5 -6.0 8.890301
-82.5 -2.0 12.275141
-82.5 2.0 7.177059
-82.5 6.0 11.182877
-82.5 10.0 9.675776
-82.5 14.0 11.498325
-82.5 18.0 13.255731
-82.5 22.0 16.03558
-82.5 26.0 28.50614
-82.5 30.0 36.307346
-82.5 34.0 41.710983
-82.5 38.0 34.475254
-82.5 42.0 50.254215
-82.5 46.0 41.95855
-82.5 50.0 17.038355
-82.5 54.0 12.527464
-82.5 58.0 16.132719
-82.5 62.0 16.463142
-82.5 66.0 13.102725
-82.5 70.0 12.728824
-82.5 74.0 12.807685
-82.5 78.0 10.704512
-82.5 82.0 17.618422
-82.5 86.0 34.902164
-82.5 89.0 6.757652
-77.5 -89.0 25.891594
-77.5 -86.0 63.882217
-77.5 -82.0 56.13108
-77.5 -78.0 38.26264
-77.5 -74.0 21.961092
-77.5 -70.0 18.137154
-77.5 -66.0 29.659788
-77.5 -62.0 29.476461
-77.5 -58.0 19.910818
-77.5 -54.0 26.484066
-77.5 -50.0 39.66056
-77.5 -46.0 54.079746
-77.5 -42.0 59.363136
-77.5 -38.0 80.62493
-77.5 -34.0 170.10965
-77.5 -30.0 73.024895
-77.5 -26.0 27.277506
-77.5 -22.0 24.626478
-77.5 -18.0 17.481234
-77.5 -14.0 28.01265
-77.5 -10.0 13.358794
-77.5 -6.0 21.825167
-77.5 -2.0 13.577149
-77.5 2.0 14.401625
-77.5 6.0 10.565964
-77.5 10.0 7.371869
-77.5 14.0 6.9795265
-77.5 18.0 11.170478
-77.5 22.0 16.395628
-77.5 26.0 31.679836
-77.5 30.0 36.431915
-77.5 34.0 34.142445
-77.5 38.0 47.18467
-77.5 42.0 58.515686
-77.5 46.0 47.693195
-77.5 50.0 9.705385
-77.5 54.0 12.131364
-77.5 58.0 15.498619
-77.5 62.0 17.24057
-77.5 66.0 13.892504
-77.5 70.0 14.111664
-77.5 74.0 12.935463
-77.5 78.0 11.075502
-77.5 82.0 18.901995
-77.5 86.0 35.770363
-77.5 89.0 6.757652
-72.5 -89.0 25.891594
-72.5 -86.0 67.186356
-72.5 -82.0 37.761837
-72.5 -78.0 36.53825
-72.5 -74.0 44.952446
-72.5 -70.0 30.461767
-72.5 -66.0 30.711044
-72.5 -62.0 39.19954
-72.5 -58.0 20.205551
-72.5 -54.0 30.507761
-72.5 -50.0 58.48025
-72.5 -46.0 80.69583
-72.5 -42.0 70.08745
-72.5 -38.0 54.733715
-72.5 -34.0 59.68614
-72.5 -30.0 77.449524
-72.5 -26.0 44.76377
-72.5 -22.0 34.942993
-72.5 -18.0 18.524536
-72.5 -14.0 10.710215
-72.5 -10.0 7.8248725
-72.5 -6.0 12.85269
-72.5 -2.0 16.482313
-72.5 2.0 15.407938
-72.5 6.0 11.946726
-72.5 10.0 15.678358
-72.5 14.0 14.421983
-72.5 18.0 16.145224
-72.5 22.0 14.242393
-72.5 26.0 21.368647
-72.5 30.0 26.971876
-72.5 34.0 40.377247
-72.5 38.0 72.495544
-72.5 42.0 51.151836
-72.5 46.0 51.118572
-72.5 50.0 12.958877
-72.5 54.0 12.376326
-72.5 58.0 14.913689
-72.5 62.0 15.637741
-72.5 66.0 12.029696
-72.5 70.0 12.056001
-72.5 74.0 11.76146
-72.5 78.0 10.322433
-72.5 82.0 16.657476
-72.5 86.0 36.49953
-72.5 89.0 6.757652
-67.5 -89.0 25.891594
-67.5 -86.0 72.04939
-67.5 -82.0 43.272995
-67.5 -78.0 32.15597
-67.5 -74.0 32.258205
-67.5 -70.0 26.019644
-67.5 -66.0 28.017447
-67.5 -62.0 29.32707
-67.5 -58.0 29.880426
-67.5 -54.0 38.75108
-67.5 -50.0 13.085372
-67.5 -46.0 43.92123
-67.5 -42.0 57.360046
-67.5 -38.0 49.29781
-67.5 -34.0 33.013668
-67.5 -30.0 69.85434
-67.5 -26.0 32.705864
-67.5 -22.0 42.306957
-67.5 -18.0 43.858265
-67.5 -14.0 4.7611146
-67.5 -10.0 5.111114
-67.5 -6.0 7.7843904
-67.5 -2.0 9.126465
-67.5 2.0 8.889215
-67.5 6.0 10.18414
-67.5 10.0 17.168438
-67.5 14.0 15.590252
-67.5 18.0 15.844738
-67.5 22.0 17.388416
-67.5 26.0 19.819592
-67.5 30.0 20.052582
-67.5 34.0 18.169708
-67.5 38.0 26.466309
-67.5 42.0 51.61463
-67.5 46.0 33.945892
-67.5 50.0 34.35004
-67.5 54.0 13.77933
-67.5 58.0 13.549372
-67.5 62.0 15.123402
-67.5 66.0 12.299406
-67.5 70.0 11.642489
-67.5 74.0 13.3029175
-67.5 78.0 10.342312
-67.5 82.0 19.475073
-67.5 86.0 33.43407
-67.5 89.0 6.757652
-62.5 -89.0 25.891594
-62.5 -86.0 70.99409
-62.5 -82.0 27.168512
-62.5 -78.0 30.024282
-62.5 -74.0 24.582653
-62.5 -70.0 23.649734
-62.5 -66.0 34.02559
-62.5 -62.0 25.041183
-62.5 -58.0 35.74242
-62.5 -54.0 40.458733
-62.5 -50.0 35.777176
-62.5 -46.0 40.17837
-62.5 -42.0 30.81097
-62.5 -38.0 41.286175
-62.5 -34.0 40.170834
-62.5 -30.0 29.613396
-62.5 -26.0 35.291695
-62.5 -22.0 45.031624
-62.5 -18.0 52.99927
-62.5 -14.0 6.1313787
-62.5 -10.0 14.450358
-62.5 -6.0 2.738401
-62.5 -2.0 2.683529
-62.5 2.0 5.0183325
-62.5 6.0 7.577931
-62.5 10.0 10.222931
-62.5 14.0 10.906928
-62.5 18.0 15.444368
-62.5 22.0 16.5045
-62.5 26.0 11.09872
-62.5 30.0 14.81569
-62.5 34.0 24.851465
-62.5 38.0 23.149895
-62.5 42.0 28.453829
-62.5 46.0 33.293552
-62.5 50.0 30.608566
-62.5 54.0 15.901959
-62.5 58.0 14.097461
-62.5 62.0 14.1103
-62.5 66.0 12.265056
-62.5 70.0 11.302384
-62.5 74.0 12.907437
-62.5 78.0 9.513693
-62.5 82.0 23.29687
-62.5 86.0 33.395584
-62.5 89.0 6.757652
-57.5 -89.0 25.891594
-57.5 -86.0 63.906307
-57.5 -82.0 34.33257
-57.5 -78.0 28.83923
-57.5 -74.0 22.952387
-57.5 -70.0 28.815487
-57.5 -66.0 28.119074
-57.5 -62.0 30.166636
-57.5 -58.0 33.36317
-57.5 -54.0 17.055403
-57.5 -50.0 16.843912
-57.5 -46.0 25.149433
-57.5 -42.0 44.58123
-57.5 -38.0 35.116207
-57.5 -34.0 28.154202
-57.5 -30.0 11.668954
-57.5 -26.0 24.558868
-57.5 -22.0 27.331257
-57.5 -18.0 31.243135
-57.5 -14.0 7.5233345
-57.5 -10.0 15.449368
-57.5 -6.0 6.3544836
-57.5 -2.0 5.3335695
-57.5 2.0 4.741929
-57.5 6.0 6.660154
-57.5 10.0 9.526649
-57.5 14.0 9.611624
-57.5 18.0 11.676946
-57.5 22.0 16.483793
-57.5 26.0 10.462457
-57.5 30.0 12.33706
-57.5 34.0 27.073235
-57.5 38.0 22.8937
-57.5 42.0 29.399633
-57.5 46.0 24.2358
-57.5 50.0 15.218614
-57.5 54.0 13.482017
-57.5 58.0 11.637795
-57.5 62.0 14.5776205
-57.5 66.0 12.393496
-57.5 70.0 11.920519
-57.5 74.0 12.418805
-57.5 78.0 10.951755
-57.5 82.0 18.7706
-57.5 86.0 31.89757
-57.5 89.0 6.757652
-52.5 -89.0 25.891594
-52.5 -86.0 115.1106
-52.5 -82.0 34.193188
-52.5 -78.0 33.03444
-52.5 -74.0 24.102669
-52.5 -70.0 26.325813
-52.5 -66.0 30.728191
-52.5 -62.0 24.18093
-52.5 -58.0 40.936935
-52.5 -54.0 19.378666
-52.5 -50.0 8.653073
-52.5 -46.0 20.60044
-52.5 -42.0 23.35728
-52.5 -38.0 30.96131
-52.5 -34.0 18.239763
-52.5 -30.0 9.821104
-52.5 -26.0 8.545772
-52.5 -22.0 7.928262
-52.5 -18.0 9.591193
-52.5 -14.0 3.2167544
-52.5 -10.0 10.555962
-52.5 -6.0 6.573223
-52.5 -2.0 5.1059766
-52.5 2.0 5.239374
-52.5 6.0 8.128447
-52.5 10.0 10.22487
-52.5 14.0 7.6696453
-52.5 18.0 6.1836414
-52.5 22.0 7.954463
-52.5 26.0 5.5629106
-52.5 30.0 9.96007
-52.5 34.0 10.793822
-52.5 38.0 11.877711
-52.5 42.0 16.96404
-52.5 46.0 13.93102
-52.5 50.0 11.939482
-52.5 54.0 12.917868
-52.5 58.0 13.254668
-52.5 62.0 12.8896265
-52.5 66.0 11.925295
-52.5 70.0 10.9384365
-52.5 74.0 12.17209
-52.5 78.0 11.913534
-52.5 82.0 16.055285
-52.5 86.0 33.35788
-52.5 89.0 6.757652
-47.5 -89.0 25.891594
-47.5 -86.0 104.28207
-47.5 -82.0 32.354965
-47.5 -78.0 22.276022
-47.5 -74.0 24.259092
-47.5 -70.0 30.44089
-47.5 -66.0 16.04409
-47.5 -62.0 25.110031
-47.5 -58.0 26.09108
-47.5 -54.0 8.430874
-47.5 -50.0 7.7286925
-47.5 -46.0 7.261057
-47.5 -42.0 13.41901
-47.5 -38.0 22.262882
-47.5 -34.0 19.131634
-47.5 -30.0 11.79731
-47.5 -26.0 10.355159
-47.5 -22.0 8.669343
-47.5 -18.0 3.5958178
-47.5 -14.0 1.8546216
-47.5 -10.0 7.9850907
-47.5 -6.0 5.798653
-47.5 -2.0 8.615648
-47.5 2.0 6.9850383
-47.5 6.0 5.8512807
-47.5 10.0 6.4984803
-47.5 14.0 4.2421174
-47.5 18.0 3.8621333
-47.5 22.0 4.479948
-47.5 26.0 5.2002683
-47.5 30.0 7.44827
-47.5 34.0 9.678972
-47.5 38.0 10.998383
-47.5 42.0 10.543336
-47.5 46.0 11.443817
-47.5 50.0 12.644939
-47.5 54.0 12.524992
-47.5 58.0 11.749148
-47.5 62.0 12.480244
-47.5 66.0 12.023248
-47.5 70.0 12.810241
-47.5 74.0 12.635544
-47.5 78.0 11.374725
-47.5 82.0 11.087168
-47.5 86.0 34.084167
-47.5 89.0 6.757652
-42.5 -89.0 25.891594
-42.5 -86.0 73.72246
-42.5 -82.0 36.144062
-42.5 -78.0 23.478943
-42.5 -74.0 21.240063
-42.5 -70.0 31.968216
-42.5 -66.0 23.12456
-42.5 -62.0 24.181759
-42.5 -58.0 28.299288
-42.5 -54.0 6.279534
-42.5 -50.0 9.354783
-42.5 -46.0 5.8706374
-42.5 -42.0 8.018408
-42.5 -38.0 12.432011
-42.5 -34.0 18.569042
-42.5 -30.0 10.805041
-42.5 -26.0 13.220239
-42.5 -22.0 10.082152
-42.5 -18.0 7.0338793
-42.5 -14.0 3.9347742
-42.5 -10.0 11.535211
-42.5 -6.0 20.21157
-42.5 -2.0 12.030131
-42.5 2.0 7.717578
-42.5 6.0 5.497171
-42.5 10.0 4.4670396
-42.5 14.0 3.9160342
-42.5 18.0 3.7584414
-42.5 22.0 4.759638
-42.5 26.0 5.579513
-42.5 30.0 7.319444
-42.5 34.0 8.767031
-42.5 38.0 11.038654
-42.5 42.0 10.969494
-42.5 46.0 11.679791
-42.5 50.0 12.874463
-42.5 54.0 10.980781
-42.5 58.0 11.899676
-42.5 62.0 11.945539
-42.5 66.0 12.380945
-42.5 70.0 12.268604
-42.5 74.0 12.342617
-42.5 78.0 11.452916
-42.5 82.0 12.270328
-42.5 86.0 26.323963
-42.5 89.0 6.757652
-37.5 -89.0 25.891594
-37.5 -86.0 115.77459
-37.5 -82.0 29.49079
-37.5 -78.0 22.167063
-37.5 -74.0 23.83062
-37.5 -70.0 36.766808
-37.5 -66.0 39.076153
-37.5 -62.0 33.337803
-37.5 -58.0 19.297106
-37.5 -54.0 7.079145
-37.5 -50.0 8.26173
-37.5 -46.0 5.5683656
-37.5 -42.0 9.707942
-37.5 -38.0 12.353239
-37.5 -34.0 15.492451
-37.5 -30.0 10.516815
-37.5 -26.0 12.973222
-37.5 -22.0 9.539568
-37.5 -18.0 5.7288456
-37.5 -14.0 7.544476
-37.5 -10.0 5.2290087
-37.5 -6.0 10.202888
-37.5 -2.0 12.383048
-37.5 2.0 4.9321733
-37.5 6.0 5.5233183
-37.5 10.0 3.8957088
-37.5 14.0 4.4253573
-37.5 18.0 4.4024525
-37.5 22.0 5.3732624
-37.5 26.0 7.0207953
-37.5 30.0 8.093353
-37.5 34.0 10.208354
-37.5 38.0 10.362595
-37.5 42.0 11.313433
-37.5 46.0 10.922735
-37.5 50.0 11.247534
-37.5 54.0 10.913108
-37.5 58.0 11.414785
-37.5 62.0 11.6028385
-37.5 66.0 10.661006
-37.5 70.0 10.564779
-37.5 74.0 11.93656
-37.5 78.0 11.680271
-37.5 82.0 14.570932
-37.5 86.0 21.912233
-37.5 89.0 6.757652
-32.5 -89.0 25.891594
-32.5 -86.0 109.98516
-32.5 -82.0 26.80388
-32.5 -78.0 22.110262
-32.5 -74.0 27.55329
-32.5 -70.0 27.477156
-32.5 -66.0 24.136435
-32.5 -62.0 17.474699
-32.5 -58.0 30.205662
-32.5 -54.0 25.703598
-32.5 -50.0 10.948582
-32.5 -46.0 10.947016
-32.5 -42.0 12.194529
-32.5 -38.0 14.392692
-32.5 -34.0 20.53069
-32.5 -30.0 14.96782
-32.5 -26.0 4.6535463
-32.5 -22.0 5.7314363
-32.5 -18.0 2.0509164
-32.5 -14.0 4.018961
-32.5 -10.0 5.3994284
-32.5 -6.0 11.034218
-32.5 -2.0 8.426503
-32.5 2.0 6.590715
-32.5 6.0 6.642142
-32.5 10.0 7.4487996
-32.5 14.0 8.963001
-32.5 18.0 6.0571184
-32.5 22.0 6.3202724
-32.5 26.0 8.515128
-32.5 30.0 7.8315334
-32.5 34.0 8.834648
-32.5 38.0 9.3606205
-32.5 42.0 10.930254
-32.5 46.0 10.807298
-32.5 50.0 11.1451435
-32.5 54.0 11.345155
-32.5 58.0 10.603423
-32.5 62.0 11.472476
-32.5 66.0 11.170383
-32.5 70.0 10.471738
-32.5 74.0 12.7545
-32.5 78.0 11.477188
-32.5 82.0 16.619637
-32.5 86.0 19.932299
-32.5 89.0 6.757652
-27.5 -89.0 25.891594
-27.5 -86.0 128.50821
-27.5 -82.0 26.193459
-27.5 -78.0 22.850637
-27.5 -74.0 32.353592
-27.5 -70.0 21.541893
-27.5 -66.0 24.29992
-27.5 -62.0 22.673836
-27.5 -58.0 25.192324
-27.5 -54.0 33.08021
-27.5 -50.0 19.610058
-27.5 -46.0 20.634268
-27.5 -42.0 18.163256
-27.5 -38.0 16.549438
-27.5 -34.0 17.990713
-27.5 -30.0 15.283647
-27.5 -26.0 8.946301
-27.5 -22.0 4.818117
-27.5 -18.0 2.090356
-27.5 -14.0 3.4288518
-27.5 -10.0 7.0315146
-27.5 -6.0 7.112403
-27.5 -2.0 10.515732
-27.5 2.0 11.532058
-27.5 6.0 12.639044
-27.5 10.0 10.879624
-27.5 14.0 10.124303
-27.5 18.0 11.772638
-27.5 22.0 7.309817
-27.5 26.0 8.093829
-27.5 30.0 9.241503
-27.5 34.0 9.077877
-27.5 38.0 8.983575
-27.5 42.0 11.290249
-27.5 46.0 11.48741
-27.5 50.0 11.464379
-27.5 54.0 10.863145
-27.5 58.0 11.06419
-27.5 62.0 12.073645
-27.5 66.0 10.583723
-27.5 70.0 11.0292225
-27.5 74.0 12.422884
-27.5 78.0 12.222205
-27.5 82.0 19.63597
-27.5 86.0 17.888365
-27.5 89.0 6.757652
-22.5 -89.0 25.891594
-22.5 -86.0 97.48385
-22.5 -82.0 25.480068
-22.5 -78.0 24.610754
-22.5 -74.0 26.842625
-22.5 -70.0 45.088078
-22.5 -66.0 39.627857
-22.5 -62.0 24.828644
-22.5 -58.0 31.25439
-22.5 -54.0 18.509315
-22.5 -50.0 23.726759
-22.5 -46.0 25.866127
-22.5 -42.0 16.889925
-22.5 -38.0 19.242523
-22.5 -34.0 14.88975
-22.5 -30.0 13.160385
-22.5 -26.0 8.808161
-22.5 -22.0 6.578498
-22.5 -18.0 5.209595
-22.5 -14.0 5.6737695
-22.5 -10.0 9.868026
-22.5 -6.0 17.127707
-22.5 -2.0 14.054339
-22.5 2.0 15.118701
-22.5 6.0 13.043892
-22.5 10.0 12.739649
-22.5 14.0 15.16933
-22.5 18.0 15.101645
-22.5 22.0 8.050209
-22.5 26.0 8.115978
-22.5 30.0 7.23806
-22.5 34.0 8.327538
-22.5 38.0 8.664585
-22.5 42.0 9.270271
-22.5 46.0 10.252739
-22.5 50.0 10.722856
-22.5 54.0 10.958396
-22.5 58.0 11.317549
-22.5 62.0 11.029969
-22.5 66.0 11.1653805
-22.5 70.0 11.054741
-22.5 74.0 12.4981165
-22.5 78.0 10.332621
-22.5 82.0 20.978254
-22.5 86.0 18.029516
-22.5 89.0 6.757652
-17.5 -89.0 25.891594
-17.5 -86.0 96.548195
-17.5 -82.0 25.59453
-17.5 -78.0 26.247843
-17.5 -74.0 30.655231
-17.5 -70.0 32.348015
-17.5 -66.0 41.650562
-17.5 -62.0 43.91809
-17.5 -58.0 28.455269
-17.5 -54.0 22.400646
-17.5 -50.0 17.759958
-17.5 -46.0 28.979578
-17.5 -42.0 15.255399
-17.5 -38.0 22.704767
-17.5 -34.0 22.33629
-17.5 -30.0 13.2210455
-17.5 -26.0 8.255276
-17.5 -22.0 6.8246512
-17.5 -18.0 6.146549
-17.5 -14.0 7.9945993
-17.5 -10.0 13.007536
-17.5 -6.0 18.048525
-17.5 -2.0 17.026655
-17.5 2.0 18.928078
-17.5 6.0 14.013962
-17.5 10.0 10.54203
-17.5 14.0 15.784749
-17.5 18.0 21.066628
-17.5 22.0 16.909212
-17.5 26.0 10.833609
-17.5 30.0 9.643662
-17.5 34.0 8.062303
-17.5 38.0 8.149484
-17.5 42.0 10.680495
-17.5 46.0 10.493532
-17.5 50.0 10.9588175
-17.5 54.0 11.893531
-17.5 58.0 12.125185
-17.5 62.0 11.832031
-17.5 66.0 11.233834
-17.5 70.0 12.494502
-17.5 74.0 12.151922
-17.5 78.0 11.249844
-17.5 82.0 21.72178
-17.5 86.0 18.991629
-17.5 89.0 6.757652
-12.5 -89.0 25.891594
-12.5 -86.0 102.39607
-12.5 -82.0 28.294231
-12.5 -78.0 28.459545
-12.5 -74.0 28.026016
-12.5 -70.0 24.471865
-12.5 -66.0 27.540022
-12.5 -62.0 26.41091
-12.5 -58.0 40.266357
-12.5 -54.0 24.540228
-12.5 -50.0 27.725767
-12.5 -46.0 33.409775
-12.5 -42.0 27.84507
-12.5 -38.0 21.788967
-12.5 -34.0 24.336897
-12.5 -30.0 18.399796
-12.5 -26.0 12.3912115
-12.5 -22.0 6.4499044
-12.5 -18.0 7.178049
-12.5 -14.0 9.143552
-12.5 -10.0 14.475593
-12.5 -6.0 21.563
-12.5 -2.0 22.221548
-12.5 2.0 22.23771
-12.5 6.0 18.173483
-12.5 10.0 10.668175
-12.5 14.0 12.628994
-12.5 18.0 16.30491
-12.5 22.0 21.449692
-12.5 26.0 15.857037
-12.5 30.0 9.926581
-12.5 34.0 9.379344
-12.5 38.0 8.559322
-12.5 42.0 9.9603
-12.5 46.0 10.439529
-12.5 50.0 11.301161
-12.5 54.0 10.281449
-12.5 58.0 12.030464
-12.5 62.0 12.100982
-12.5 66.0 12.300467
-12.5 70.0 11.642353
-12.5 74.0 12.046108
-12.5 78.0 10.789225
-12.5 82.0 24.698658
-12.5 86.0 21.719147
-12.5 89.0 6.757652
-7.5 -89.0 25.891594
-7.5 -86.0 93.890045
-7.5 -82.0 27.775997
-7.5 -78.0 26.685219
-7.5 -74.0 22.495924
-7.5 -70.0 33.994175
-7.5 -66.0 27.44173
-7.5 -62.0 33.89738
-7.5 -58.0 27.848186
-7.5 -54.0 24.481226
-7.5 -50.0 31.845205
-7.5 -46.0 33.14427
-7.5 -42.0 26.956177
-7.5 -38.0 25.017973
-7.5 -34.0 32.175465
-7.5 -30.0 28.8152
-7.5 -26.0 18.967804
-7.5 -22.0 11.075041
-7.5 -18.0 7.616979
-7.5 -14.0 10.938699
-7.5 -10.0 15.227953
-7.5 -6.0 29.978235
-7.5 -2.0 27.261366
-7.5 2.0 28.90506
-7.5 6.0 23.15598
-7.5 10.0 11.340509
-7.5 14.0 10.59295
-7.5 18.0 16.6584
-7.5 22.0 16.127083
-7.5 26.0 17.054502
-7.5 30.0 15.556648
-7.5 34.0 13.494036
-7.5 38.0 11.161197
-7.5 42.0 10.455223
-7.5 46.0 11.282471
-7.5 50.0 12.268157
-7.5 54.0 12.120505
-7.5 58.0 11.9818325
-7.5 62.0 12.339685
-7.5 66.0 10.442475
-7.5 70.0 12.462553
-7.5 74.0 11.33796
-7.5 78.0 12.459113
-7.5 82.0 22.298748
-7.5 86.0 18.634146
-7.5 89.0 6.757652
-2.5 -89.0 25.891594
-2.5 -86.0 113.185394
-2.5 -82.0 27.589024
-2.5 -78.0 26.890064
-2.5 -74.0 23.809242
-2.5 -70.0 32.978073
-2.5 -66.0 27.088238
-2.5 -62.0 28.420053
-2.5 -58.0 38.287006
-2.5 -54.0 35.61839
-2.5 -50.0 20.88444
-2.5 -46.0 24.700407
-2.5 -42.0 24.08467
-2.5 -38.0 22.717463
-2.5 -34.0 27.430662
-2.5 -30.0 31.411057
-2.5 -26.0 24.701902
-2.5 -22.0 14.822472
-2.5 -18.0 9.903634
-2.5 -14.0 11.690098
-2.5 -10.0 20.395874
-2.5 -6.0 32.614353
-2.5 -2.0 38.673244
-2.5 2.0 40.208206
-2.5 6.0 31.01263
-2.5 10.0 15.477431
-2.5 14.0 12.721341
-2.5 18.0 12.8886
-2.5 22.0 19.523024
-2.5 26.0 19.593565
-2.5 30.0 14.261421
-2.5 34.0 14.781846
-2.5 38.0 11.88156
-2.5 42.0 10.844153
-2.5 46.0 11.8765135
-2.5 50.0 12.059028
-2.5 54.0 11.971528
-2.5 58.0 12.159512
-2.5 62.0 12.510693
-2.5 66.0 11.721266
-2.5 70.0 11.633299
-2.5 74.0 13.01465
-2.5 78.0 12.418693
-2.5 82.0 22.456968
-2.5 86.0 19.246132
-2.5 89.0 6.757652
2.5 -89.0 25.891594
2.5 -86.0 107.19514
2.5 -82.0 26.979385
2.5 -78.0 26.722038
2.5 -74.0 32.410645
2.5 -70.0 23.178185
2.5 -66.0 27.306095
2.5 -62.0 27.626448
2.5 -58.0 27.028534
2.5 -54.0 37.634144
2.5 -50.0 24.722755
2.5 -46.0 27.210608
2.5 -42.0 29.333735
2.5 -38.0 19.69208
2.5 -34.0 27.786308
2.5 -30.0 26.225046
2.5 -26.0 26.00035
2.5 -22.0 21.299402
2.5 -18.0 15.063547
2.5 -14.0 13.623931
2.5 -10.0 20.849327
2.5 -6.0 34.527996
2.5 -2.0 42.37731
2.5 2.0 43.240467
2.5 6.0 36.58052
2.5 10.0 21.83363
2.5 14.0 15.425172
2.5 18.0 13.921426
2.5 22.0 18.590364
2.5 26.0 18.202574
2.5 30.0 15.256991
2.5 34.0 19.094233
2.5 38.0 14.10922
2.5 42.0 10.974208
2.5 46.0 12.074446
2.5 50.0 11.514905
2.5 54.0 11.529042
2.5 58.0 12.399006
2.5 62.0 13.097042
2.5 66.0 12.243415
2.5 70.0 12.437949
2.5 74.0 12.781631
2.5 78.0 11.767495
2.5 82.0 21.69349
2.5 86.0 15.820066
2.5 89.0 6.757652
7.5 -89.0 25.891594
7.5 -86.0 120.75158
7.5 -82.0 24.23902
7.5 -78.0 31.02886
7.5 -74.0 34.14457
7.5 -70.0 26.082901
7.5 -66.0 26.445295
7.5 -62.0 25.995295
7.5 -58.0 33.784477
7.5 -54.0 31.759523
7.5 -50.0 21.805954
7.5 -46.0 26.91604
7.5 -42.0 30.053484
7.5 -38.0 25.04228
7.5 -34.0 27.229563
7.5 -30.0 23.373568
7.5 -26.0 26.281073
7.5 -22.0 17.402058
7.5 -18.0 15.771238
7.5 -14.0 20.90622
7.5 -10.0 30.532011
7.5 -6.0 49.77836
7.5 -2.0 53.618835
7.5 2.0 50.69556
7.5 6.0 45.84903
7.5 10.0 24.57533
7.5 14.0 15.735305
7.5 18.0 14.690653
7.5 22.0 16.978863
7.5 26.0 15.589539
7.5 30.0 14.385609
7.5 34.0 20.062578
7.5 38.0 17.44736
7.5 42.0 11.703247
7.5 46.0 13.318383
7.5 50.0 12.605233
7.5 54.0 12.002421
7.5 58.0 13.6883
7.5 62.0 12.200609
7.5 66.0 12.402708
7.5 70.0 12.6778965
7.5 74.0 12.565699
7.5 78.0 11.969931
7.5 82.0 24.415987
7.5 86.0 26.833157
7.5 89.0 6.757652
12.5 -89.0 25.891594
12.5 -86.0 144.36566
12.5 -82.0 44.825195
12.5 -78.0 78.60335
12.5 -74.0 27.538576
12.5 -70.0 24.731968
12.5 -66.0 21.711853
12.5 -62.0 26.920238
12.5 -58.0 38.189953
12.5 -54.0 23.722656
12.5 -50.0 39.647224
12.5 -46.0 39.62844
12.5 -42.0 31.449392
12.5 -38.0 27.464827
12.5 -34.0 25.668337
12.5 -30.0 25.636938
12.5 -26.0 26.346874
12.5 -22.0 24.022219
12.5 -18.0 19.264547
12.5 -14.0 25.98646
12.5 -10.0 38.398228
12.5 -6.0 46.090763
12.5 -2.0 65.149536
12.5 2.0 62.427803
12.5 6.0 50.60944
12.5 10.0 27.397972
12.5 14.0 16.030464
12.5 18.0 12.381913
12.5 22.0 17.384
12.5 26.0 16.163767
12.5 30.0 14.722643
12.5 34.0 20.729675
12.5 38.0 20.875065
12.5 42.0 14.704693
12.5 46.0 14.945855
12.5 50.0 14.080543
12.5 54.0 11.772749
12.5 58.0 13.538252
12.5 62.0 12.41098
12.5 66.0 12.441238
12.5 70.0 12.720997
12.5 74.0 11.782694
12.5 78.0 12.033503
12.5 82.0 23.214977
12.5 86.0 22.132923
12.5 89.0 6.757652
17.5 -89.0 25.891594
17.5 -86.0 121.56929
17.5 -82.0 70.78431
17.5 -78.0 53.935303
17.5 -74.0 25.461016
17.5 -70.0 22.35568
17.5 -66.0 22.807888
17.5 -62.0 24.839386
17.5 -58.0 31.108541
17.5 -54.0 30.748903
17.5 -50.0 31.09114
17.5 -46.0 25.96654
17.5 -42.0 23.890095
17.5 -38.0 21.910713
17.5 -34.0 25.276356
17.5 -30.0 27.368572
17.5 -26.0 29.42457
17.5 -22.0 21.47466
17.5 -18.0 21.37376
17.5 -14.0 28.73373
17.5 -10.0 69.96786
17.5 -6.0 67.779045
17.5 -2.0 58.63273
17.5 2.0 79.35886
17.5 6.0 60.022648
17.5 10.0 33.405506
17.5 14.0 17.533724
17.5 18.0 14.446869
17.5 22.0 20.904472
17.5 26.0 22.483257
17.5 30.0 21.120443
17.5 34.0 21.89652
17.5 38.0 23.718256
17.5 42.0 15.0528755
17.5 46.0 15.452954
17.5 50.0 14.519363
17.5 54.0 13.519859
17.5 58.0 13.206952
17.5 62.0 12.014116
17.5 66.0 12.757802
17.5 70.0 13.962345
17.5 74.0 11.90737
17.5 78.0 12.100701
17.5 82.0 25.630499
17.5 86.0 23.272644
17.5 89.0 6.757652
22.5 -89.0 25.891594
22.5 -86.0 128.56525
22.5 -82.0 52.33949
22.5 -78.0 17.359692
22.5 -74.0 23.665937
22.5 -70.0 21.741425
22.5 -66.0 28.957426
22.5 -62.0 22.437054
22.5 -58.0 35.24479
22.5 -54.0 25.823551
22.5 -50.0 35.52924
22.5 -46.0 44.593826
22.5 -42.0 38.630264
22.5 -38.0 33.945774
22.5 -34.0 41.557007
22.5 -30.0 25.954449
22.5 -26.0 23.425537
22.5 -22.0 22.715809
22.5 -18.0 22.148787
22.5 -14.0 30.730803
22.5 -10.0 57.348576
22.5 -6.0 117.4105
22.5 -2.0 97.1288
22.5 2.0 79.442535
22.5 6.0 67.72484
22.5 10.0 37.802105
22.5 14.0 23.083492
22.5 18.0 16.057127
22.5 22.0 25.484102
22.5 26.0 23.13528
22.5 30.0 22.44359
22.5 34.0 24.498758
22.5 38.0 16.915243
22.5 42.0 10.457059
22.5 46.0 15.740026
22.5 50.0 13.706743
22.5 54.0 13.908754
22.5 58.0 13.830211
22.5 62.0 13.51252
22.5 66.0 13.476
22.5 70.0 13.421622
22.5 74.0 12.249468
22.5 78.0 12.357902
22.5 82.0 22.054558
22.5 86.0 24.593058
22.5 89.0 6.757652
27.5 -89.0 25.891594
27.5 -86.0 120.857666
27.5 -82.0 58.178246
27.5 -78.0 28.744013
27.5 -74.0 21.063202
27.5 -70.0 18.746294
27.5 -66.0 39.963146
27.5 -62.0 22.344927
27.5 -58.0 35.455204
27.5 -54.0 46.975037
27.5 -50.0 24.364222
27.5 -46.0 24.57716
27.5 -42.0 39.3097
27.5 -38.0 32.841625
27.5 -34.0 39.151756
27.5 -30.0 28.482227
27.5 -26.0 25.012932
27.5 -22.0 26.36178
27.5 -18.0 28.091108
27.5 -14.0 39.60867
27.5 -10.0 62.02703
27.5 -6.0 85.02104
27.5 -2.0 86.022934
27.5 2.0 62.358536
27.5 6.0 59.448997
27.5 10.0 51.568203
27.5 14.0 31.06608
27.5 18.0 22.848549
27.5 22.0 24.194248
27.5 26.0 25.306393
27.5 30.0 20.424421
27.5 34.0 24.82643
27.5 38.0 23.347134
27.5 42.0 12.206437
27.5 46.0 16.6965
27.5 50.0 10.330223
27.5 54.0 17.413353
27.5 58.0 14.071964
27.5 62.0 13.874704
27.5 66.0 13.4332
27.5 70.0 13.438892
27.5 74.0 14.74508
27.5 78.0 11.189329
27.5 82.0 21.648846
27.5 86.0 25.956968
27.5 89.0 6.757652
32.5 -89.0 25.891594
32.5 -86.0 112.774895
32.5 -82.0 38.58518
32.5 -78.0 21.612766
32.5 -74.0 21.906414
32.5 -70.0 37.005005
32.5 -66.0 26.568083
32.5 -62.0 31.655867
32.5 -58.0 26.642363
32.5 -54.0 33.40119
32.5 -50.0 30.84817
32.5 -46.0 26.164454
32.5 -42.0 24.366207
32.5 -38.0 23.226189
32.5 -34.0 29.24591
32.5 -30.0 24.323828
32.5 -26.0 21.389086
32.5 -22.0 28.227953
32.5 -18.0 29.413965
32.5 -14.0 44.463703
32.5 -10.0 80.89015
32.5 -6.0 67.990204
32.5 -2.0 63.761875
32.5 2.0 61.627163
32.5 6.0 49.253647
32.5 10.0 38.287144
32.5 14.0 25.125353
32.5 18.0 23.609585
32.5 22.0 28.810171
32.5 26.0 24.310171
32.5 30.0 27.714592
32.5 34.0 28.248936
32.5 38.0 24.333866
32.5 42.0 16.734114
32.5 46.0 13.829506
32.5 50.0 15.898528
32.5 54.0 16.176748
32.5 58.0 14.457218
32.5 62.0 14.505739
32.5 66.0 14.701474
32.5 70.0 12.869185
32.5 74.0 14.444127
32.5 78.0 11.351808
32.5 82.0 22.300276
32.5 86.0 25.960724
32.5 89.0 6.757652
37.5 -89.0 25.891594
37.5 -86.0 103.181816
37.5 -82.0 32.456993
37.5 -78.0 19.51488
37.5 -74.0 23.27411
37.5 -70.0 25.497225
37.5 -66.0 15.671726
37.5 -62.0 39.78762
37.5 -58.0 29.091934
37.5 -54.0 26.21976
37.5 -50.0 21.26139
37.5 -46.0 18.835033
37.5 -42.0 24.798758
37.5 -38.0 26.847168
37.5 -34.0 22.325773
37.5 -30.0 26.099646
37.5 -26.0 32.149708
37.5 -22.0 33.20595
37.5 -18.0 27.12088
37.5 -14.0 45.568634
37.5 -10.0 45.503044
37.5 -6.0 50.407936
37.5 -2.0 38.922142
37.5 2.0 37.04461
37.5 6.0 41.388996
37.5 10.0 49.35072
37.5 14.0 25.966867
37.5 18.0 31.249947
37.5 22.0 36.492332
37.5 26.0 24.39053
37.5 30.0 27.835796
37.5 34.0 26.229935
37.5 38.0 24.663177
37.5 42.0 22.233822
37.5 46.0 17.165508
37.5 50.0 15.640982
37.5 54.0 14.482361
37.5 58.0 13.863893
37.5 62.0 13.761728
37.5 66.0 13.842999
37.5 70.0 13.911815
37.5 74.0 13.709916
37.5 78.0 11.402724
37.5 82.0 18.150747
37.5 86.0 25.788502
37.5 89.0 6.757652
42.5 -89.0 25.891594
42.5 -86.0 107.75241
42.5 -82.0 41.398647
42.5 -78.0 24.57936
42.5 -74.0 46.332375
42.5 -70.0 27.380976
42.5 -66.0 26.691229
42.5 -62.0 39.39616
42.5 -58.0 24.467918
42.5 -54.0 21.166494
42.5 -50.0 14.678084
42.5 -46.0 13.266209
42.5 -42.0 10.437867
42.5 -38.0 13.450979
42.5 -34.0 31.721838
42.5 -30.0 23.249105
42.5 -26.0 22.436462
42.5 -22.0 18.140362
42.5 -18.0 25.98157
42.5 -14.0 48.680065
42.5 -10.0 61.17763
42.5 -6.0 30.240875
42.5 -2.0 27.091034
42.5 2.0 32.663986
42.5 6.0 54.96353
42.5 10.0 59.26748
42.5 14.0 43.70437
42.5 18.0 34.21069
42.5 22.0 48.59424
42.5 26.0 25.189709
42.5 30.0 24.242966
42.5 34.0 37.998524
42.5 38.0 39.88176
42.5 42.0 19.408867
42.5 46.0 17.732626
42.5 50.0 16.044235
42.5 54.0 14.2697735
42.5 58.0 15.182103
42.5 62.0 13.95881
42.5 66.0 14.480663
42.5 70.0 14.583587
42.5 74.0 13.634123
42.5 78.0 10.24591
42.5 82.0 17.32755
42.5 86.0 26.025766
42.5 89.0 6.757652
47.5 -89.0 25.891594
47.5 -86.0 92.02866
47.5 -82.0 32.387207
47.5 -78.0 20.465593
47.5 -74.0 29.718563
47.5 -70.0 25.307467
47.5 -66.0 36.99725
47.5 -62.0 20.463865
47.5 -58.0 31.192244
47.5 -54.0 26.191177
47.5 -50.0 10.514522
47.5 -46.0 5.186592
47.5 -42.0 2.1803408
47.5 -38.0 1.9745752
47.5 -34.0 12.473473
47.5 -30.0 24.547136
47.5 -26.0 18.536196
47.5 -22.0 19.030064
47.5 -18.0 23.102634
47.5 -14.0 54.01544
47.5 -10.0 54.756275
47.5 -6.0 27.10852
47.5 -2.0 22.242355
47.5 2.0 26.38204
47.5 6.0 53.150932
47.5 10.0 60.700054
47.5 14.0 54.795277
47.5 18.0 36.5366
47.5 22.0 41.96208
47.5 26.0 24.21188
47.5 30.0 16.478325
47.5 34.0 29.602137
47.5 38.0 55.84938
47.5 42.0 23.267216
47.5 46.0 17.37833
47.5 50.0 16.622902
47.5 54.0 14.831316
47.5 58.0 15.104151
47.5 62.0 12.556277
47.5 66.0 13.141225
47.5 70.0 13.688317
47.5 74.0 13.54078
47.5 78.0 10.59399
47.5 82.0 14.586817
47.5 86.0 25.881947
47.5 89.0 6.757652
52.5 -89.0 25.891594
52.5 -86.0 102.33371
52.5 -82.0 24.732683
52.5 -78.0 23.78235
52.5 -74.0 32.110588
52.5 -70.0 29.453382
52.5 -66.0 24.466269
52.5 -62.0 19.311106
52.5 -58.0 53.113506
52.5 -54.0 27.135778
52.5 -50.0 9.188173
52.5 -46.0 1.7543195
52.5 -42.0 0.81939423
52.5 -38.0 0.7412824
52.5 -34.0 2.9417622
52.5 -30.0 20.741203
52.5 -26.0 21.702719
52.5 -22.0 16.742079
52.5 -18.0 14.776459
52.5 -14.0 41.7004
52.5 -10.0 46.94555
52.5 -6.0 19.118578
52.5 -2.0 11.024542
52.5 2.0 17.751644
52.5 6.0 37.62264
52.5 10.0 93.97611
52.5 14.0 58.66409
52.5 18.0 40.28839
52.5 22.0 33.313232
52.5 26.0 31.679474
52.5 30.0 17.087233
52.5 34.0 36.00685
52.5 38.0 50.59614
52.5 42.0 18.64527
52.5 46.0 20.918127
52.5 50.0 17.298203
52.5 54.0 13.85758
52.5 58.0 12.80713
52.5 62.0 13.303822
52.5 66.0 14.569968
52.5 70.0 13.810125
52.5 74.0 14.4456
52.5 78.0 10.505036
52.5 82.0 15.048343
52.5 86.0 23.979687
52.5 89.0 6.757652
57.5 -89.0 25.891594
57.5 -86.0 110.37653
57.5 -82.0 27.732395
57.5 -78.0 27.006771
57.5 -74.0 34.8443
57.5 -70.0 20.931551
57.5 -66.0 30.530193
57.5 -62.0 42.399025
57.5 -58.0 60.80513
57.5 -54.0 28.311857
57.5 -50.0 6.5341587
57.5 -46.0 1.7189585
57.5 -42.0 1.5947328
57.5 -38.0 4.718194
57.5 -34.0 4.0199175
57.5 -30.0 7.4890065
57.5 -26.0 10.3412895
57.5 -22.0 13.845244
57.5 -18.0 22.289452
57.5 -14.0 25.951778
57.5 -10.0 27.530933
57.5 -6.0 11.968523
57.5 -2.0 7.5787706
57.5 2.0 13.622525
57.5 6.0 33.94191
57.5 10.0 74.69305
57.5 14.0 52.378624
57.5 18.0 40.149628
57.5 22.0 34.8863
57.5 26.0 32.616566
57.5 30.0 35.13853
57.5 34.0 21.17997
57.5 38.0 20.555368
57.5 42.0 19.20183
57.5 46.0 16.368973
57.5 50.0 15.795795
57.5 54.0 13.456229
57.5 58.0 14.2629
57.5 62.0 13.497503
57.5 66.0 14.283324
57.5 70.0 14.57868
57.5 74.0 14.880442
57.5 78.0 12.4458
57.5 82.0 15.79885
57.5 86.0 25.53588
57.5 89.0 6.757652
62.5 -89.0 25.891594
62.5 -86.0 112.72249
62.5 -82.0 29.840641
62.5 -78.0 33.13356
62.5 -74.0 40.615078
62.5 -70.0 17.576105
62.5 -66.0 38.93937
62.5 -62.0 35.644726
62.5 -58.0 95.84408
62.5 -54.0 15.317131
62.5 -50.0 2.7885325
62.5 -46.0 2.9370296
62.5 -42.0 3.8165765
62.5 -38.0 6.3252864
62.5 -34.0 5.4563065
62.5 -30.0 4.7841806
62.5 -26.0 11.490529
62.5 -22.0 12.156604
62.5 -18.0 22.830687
62.5 -14.0 31.610865
62.5 -10.0 22.614208
62.5 -6.0 14.560564
62.5 -2.0 9.095156
62.5 2.0 15.038635
62.5 6.0 31.382845
62.5 10.0 71.09811
62.5 14.0 61.441334
62.5 18.0 31.971064
62.5 22.0 23.620687
62.5 26.0 31.187302
62.5 30.0 28.649622
62.5 34.0 17.592588
62.5 38.0 23.18205
62.5 42.0 15.892485
62.5 46.0 15.062458
62.5 50.0 16.510254
62.5 54.0 14.440762
62.5 58.0 13.669109
62.5 62.0 15.511843
62.5 66.0 14.090755
62.5 70.0 14.018157
62.5 74.0 14.311438
62.5 78.0 12.650048
62.5 82.0 15.631695
62.5 86.0 25.306604
62.5 89.0 6.757652
67.5 -89.0 25.891594
67.5 -86.0 103.91591
67.5 -82.0 32.26288
67.5 -78.0 24.969004
67.5 -74.0 50.14433
67.5 -70.0 15.297375
67.5 -66.0 30.997602
67.5 -62.0 39.661613
67.5 -58.0 37.259995
67.5 -54.0 8.386365
67.5 -50.0 1.8550336
67.5 -46.0 4.715087
67.5 -42.0 6.124908
67.5 -38.0 6.004211
67.5 -34.0 6.7029786
67.5 -30.0 7.6194625
67.5 -26.0 24.118298
67.5 -22.0 17.78967
67.5 -18.0 28.682829
67.5 -14.0 42.304707
67.5 -10.0 26.773882
67.5 -6.0 14.905532
67.5 -2.0 9.762923
67.5 2.0 11.937164
67.5 6.0 28.32583
67.5 10.0 64.4614
67.5 14.0 46.63272
67.5 18.0 30.087185
67.5 22.0 20.831366
67.5 26.0 32.559002
67.5 30.0 35.87845
67.5 34.0 20.816536
67.5 38.0 18.026543
67.5 42.0 13.93868
67.5 46.0 14.742755
67.5 50.0 14.402191
67.5 54.0 16.720358
67.5 58.0 14.88998
67.5 62.0 15.477121
67.5 66.0 15.303068
67.5 70.0 13.429295
67.5 74.0 14.1923065
67.5 78.0 11.52267
67.5 82.0 13.629851
67.5 86.0 23.700464
67.5 89.0 6.757652
72.5 -89.0 25.891594
72.5 -86.0 102.00097
72.5 -82.0 40.430336
72.5 -78.0 18.732456
72.5 -74.0 34.448765
72.5 -70.0 21.319012
72.5 -66.0 20.930143
72.5 -62.0 26.748259
72.5 -58.0 29.005304
72.5 -54.0 7.364386
72.5 -50.0 2.1245606
72.5 -46.0 5.7701106
72.5 -42.0 7.9124155
72.5 -38.0 6.797877
72.5 -34.0 5.4876647
72.5 -30.0 7.7717724
72.5 -26.0 19.546356
72.5 -22.0 20.948454
72.5 -18.0 37.543457
72.5 -14.0 33.76843
72.5 -10.0 22.64573
72.5 -6.0 13.82446
72.5 -2.0 9.453965
72.5 2.0 10.021125
72.5 6.0 24.578266
72.5 10.0 35.198708
72.5 14.0 17.645746
72.5 18.0 11.782841
72.5 22.0 21.704557
72.5 26.0 33.664562
72.5 30.0 16.107208
72.5 34.0 19.05605
72.5 38.0 14.367824
72.5 42.0 13.631044
72.5 46.0 14.243989
72.5 50.0 15.284398
72.5 54.0 15.455722
72.5 58.0 15.378827
72.5 62.0 15.393668
72.5 66.0 14.681761
72.5 70.0 14.554538
72.5 74.0 14.116282
72.5 78.0 11.944742
72.5 82.0 14.264656
72.5 86.0 22.552523
72.5 89.0 6.757652
77.5 -89.0 25.891594
77.5 -86.0 94.111115
77.5 -82.0 48.24403
77.5 -78.0 21.80775
77.5 -74.0 41.36756
77.5 -70.0 22.715233
77.5 -66.0 14.499223
77.5 -62.0 24.514116
77.5 -58.0 15.49503
77.5 -54.0 6.319598
77.5 -50.0 3.5771258
77.5 -46.0 6.1749682
77.5 -42.0 5.71894
77.5 -38.0 5.6553164
77.5 -34.0 6.1593385
77.5 -30.0 16.549784
77.5 -26.0 22.715878
77.5 -22.0 30.338324
77.5 -18.0 36.59216
77.5 -14.0 39.422646
77.5 -10.0 17.293428
77.5 -6.0 12.924073
77.5 -2.0 9.059568
77.5 2.0 10.179468
77.5 6.0 18.130299
77.5 10.0 10.4131565
77.5 14.0 3.7025163
77.5 18.0 3.7902322
77.5 22.0 13.328287
77.5 26.0 26.709818
77.5 30.0 11.828066
77.5 34.0 10.9912815
77.5 38.0 13.565365
77.5 42.0 12.512765
77.5 46.0 13.808122
77.5 50.0 13.88211
77.5 54.0 14.4360075
77.5 58.0 14.481034
77.5 62.0 15.436067
77.5 66.0 13.537358
77.5 70.0 14.472418
77.5 74.0 15.621152
77.5 78.0 11.440976
77.5 82.0 14.597772
77.5 86.0 22.933945
77.5 89.0 6.757652
82.5 -89.0 25.891594
82.5 -86.0 98.09596
82.5 -82.0 41.98415
82.5 -78.0 17.756178
82.5 -74.0 31.461037
82.5 -70.0 19.285667
82.5 -66.0 34.518925
82.5 -62.0 24.64583
82.5 -58.0 16.458458
82.5 -54.0 7.4590826
82.5 -50.0 2.9285667
82.5 -46.0 4.4489827
82.5 -42.0 4.231216
82.5 -38.0 5.3388486
82.5 -34.0 8.896981
82.5 -30.0 15.070231
82.5 -26.0 25.129301
82.5 -22.0 33.644894
82.5 -18.0 55.20017
82.5 -14.0 68.53955
82.5 -10.0 23.283306
82.5 -6.0 14.581248
82.5 -2.0 12.628013
82.5 2.0 8.007828
82.5 6.0 6.8296337
82.5 10.0 4.214289
82.5 14.0 2.7227461
82.5 18.0 2.7614894
82.5 22.0 9.298803
82.5 26.0 15.845132
82.5 30.0 9.474829
82.5 34.0 10.161093
82.5 38.0 10.468319
82.5 42.0 12.015246
82.5 46.0 12.624357
82.5 50.0 14.423848
82.5 54.0 14.206611
82.5 58.0 14.691368
82.5 62.0 14.628722
82.5 66.0 14.587859
82.5 70.0 14.00499
82.5 74.0 15.575157
82.5 78.0 10.9969635
82.5 82.0 14.120968
82.5 86.0 24.174517
82.5 89.0 6.757652
87.5 -89.0 25.891594
87.5 -86.0 141.79205
87.5 -82.0 36.527756
87.5 -78.0 18.025877
87.5 -74.0 22.712534
87.5 -70.0 19.709902
87.5 -66.0 20.4418
87.5 -62.0 24.306417
87.5 -58.0 16.959734
87.5 -54.0 10.538784
87.5 -50.0 3.1533346
87.5 -46.0 2.3373451
87.5 -42.0 3.9652212
87.5 -38.0 4.840002
87.5 -34.0 11.977922
87.5 -30.0 14.169724
87.5 -26.0 18.190872
87.5 -22.0 32.47096
87.5 -18.0 47.5539
87.5 -14.0 65.070435
87.5 -10.0 26.923944
87.5 -6.0 20.036995
87.5 -2.0 10.933951
87.5 2.0 7.1623373
87.5 6.0 5.9750695
87.5 10.0 5.6853223
87.5 14.0 5.2195816
87.5 18.0 5.247854
87.5 22.0 9.14139
87.5 26.0 10.712709
87.5 30.0 9.692678
87.5 34.0 9.13696
87.5 38.0 9.3422165
87.5 42.0 12.578614
87.5 46.0 10.197975
87.5 50.0 13.256707
87.5 54.0 12.571695
87.5 58.0 13.824698
87.5 62.0 16.027626
87.5 66.0 14.475807
87.5 70.0 14.197179
87.5 74.0 15.460454
87.5 78.0 10.356628
87.5 82.0 14.213532
87.5 86.0 26.85734
87.5 89.0 6.757652
92.5 -89.0 25.891594
92.5 -86.0 99.262856
92.5 -82.0 18.91146
92.5 -78.0 15.813579
92.5 -74.0 22.10597
92.5 -70.0 27.570852
92.5 -66.0 29.60546
92.5 -62.0 27.598557
92.5 -58.0 19.243813
92.5 -54.0 10.7957115
92.5 -50.0 11.932032
92.5 -46.0 2.4019518
92.5 -42.0 3.2984645
92.5 -38.0 6.4692664
92.5 -34.0 8.547083
92.5 -30.0 15.923622
92.5 -26.0 25.000856
92.5 -22.0 56.659847
92.5 -18.0 42.58963
92.5 -14.0 40.132286
92.5 -10.0 19.226934
92.5 -6.0 19.585096
92.5 -2.0 14.690271
92.5 2.0 13.004146
92.5 6.0 7.226569
92.5 10.0 9.170212
92.5 14.0 11.045314
92.5 18.0 8.1698265
92.5 22.0 7.778704
92.5 26.0 8.877204
92.5 30.0 9.798587
92.5 34.0 8.177666
92.5 38.0 8.4367285
92.5 42.0 10.086993
92.5 46.0 10.444641
92.5 50.0 12.96234
92.5 54.0 13.238155
92.5 58.0 13.094289
92.5 62.0 13.977621
92.5 66.0 12.258964
92.5 70.0 14.132811
92.5 74.0 14.835415
92.5 78.0 9.676162
92.5 82.0 13.7573805
92.5 86.0 26.310064
92.5 89.0 6.757652
97.5 -89.0 25.891594
97.5 -86.0 30.01057
97.5 -82.0 21.079237
97.5 -78.0 15.997501
97.5 -74.0 25.458645
97.5 -70.0 31.203056
97.5 -66.0 41.08611
97.5 -62.0 30.85174
97.5 -58.0 49.046482
97.5 -54.0 20.807117
97.5 -50.0 20.74143
97.5 -46.0 12.477699
97.5 -42.0 6.920104
97.5 -38.0 10.143235
97.5 -34.0 7.437171
97.5 -30.0 12.495637
97.5 -26.0 24.574903
97.5 -22.0 32.45003
97.5 -18.0 29.21341
97.5 -14.0 19.8055
97.5 -10.0 19.5437
97.5 -6.0 24.666782
97.5 -2.0 29.154242
97.5 2.0 23.097227
97.5 6.0 20.68768
97.5 10.0 15.718609
97.5 14.0 15.385679
97.5 18.0 10.413844
97.5 22.0 7.309006
97.5 26.0 8.90768
97.5 30.0 9.491245
97.5 34.0 7.658684
97.5 38.0 9.147867
97.5 42.0 10.019848
97.5 46.0 11.275216
97.5 50.0 13.211463
97.5 54.0 13.673705
97.5 58.0 13.570794
97.5 62.0 13.597421
97.5 66.0 14.270062
97.5 70.0 13.762206
97.5 74.0 13.767272
97.5 78.0 9.621818
97.5 82.0 14.115585
97.5 86.0 24.76191
97.5 89.0 6.757652
102.5 -89.0 25.891594
102.5 -86.0 61.75202
102.5 -82.0 44.6328
102.5 -78.0 20.084152
102.5 -74.0 57.008003
102.5 -70.0 30.17381
102.5 -66.0 45.099888
102.5 -62.0 32.018112
102.5 -58.0 12.200994
102.5 -54.0 28.240355
102.5 -50.0 25.946457
102.5 -46.0 19.347578
102.5 -42.0 14.174318
102.5 -38.0 28.546862
102.5 -34.0 20.131035
102.5 -30.0 17.756422
102.5 -26.0 31.13323
102.5 -22.0 31.837318
102.5 -18.0 18.559105
102.5 -14.0 16.030767
102.5 -10.0 18.041222
102.5 -6.0 27.738075
102.5 -2.0 31.973059
102.5 2.0 23.228697
102.5 6.0 19.732231
102.5 10.0 22.727892
102.5 14.0 18.161325
102.5 18.0 10.406806
102.5 22.0 7.7088003
102.5 26.0 7.8336425
102.5 30.0 7.6056333
102.5 34.0 7.7206173
102.5 38.0 8.080031
102.5 42.0 8.660754
102.5 46.0 9.768634
102.5 50.0 11.956956
102.5 54.0 12.938734
102.5 58.0 13.360214
102.5 62.0 13.834738
102.5 66.0 13.173956
102.5 70.0 14.972393
102.5 74.0 15.0460005
102.5 78.0 10.105597
102.5 82.0 14.778642
102.5 86.0 25.642483
102.5 89.0 6.757652
107.5 -89.0 25.891594
107.5 -86.0 61.019127
107.5 -82.0 50.603973
107.5 -78.0 17.926992
107.5 -74.0 28.528852
107.5 -70.0 33.676205
107.5 -66.0 25.35519
107.5 -62.0 24.963194
107.5 -58.0 34.02966
107.5 -54.0 30.929674
107.5 -50.0 31.592836
107.5 -46.0 28.533821
107.5 -42.0 23.609737
107.5 -38.0 37.59567
107.5 -34.0 35.14052
107.5 -30.0 31.190735
107.5 -26.0 32.412094
107.5 -22.0 36.191383
107.5 -18.0 18.510683
107.5 -14.0 18.005323
107.5 -10.0 21.26804
107.5 -6.0 21.4238
107.5 -2.0 28.098497
107.5 2.0 24.08107
107.5 6.0 25.797106
107.5 10.0 21.937798
107.5 14.0 14.160246
107.5 18.0 8.9304905
107.5 22.0 7.732534
107.5 26.0 7.5027213
107.5 30.0 7.2396817
107.5 34.0 6.828885
107.5 38.0 6.978468
107.5 42.0 7.909999
107.5 46.0 10.440842
107.5 50.0 12.321673
107.5 54.0 11.770112
107.5 58.0 13.113493
107.5 62.0 13.658834
107.5 66.0 13.959346
107.5 70.0 14.87718
107.5 74.0 14.826325
107.5 78.0 9.949212
107.5 82.0 14.462708
107.5 86.0 29.652567
107.5 89.0 6.757652
112.5 -89.0 25.891594
112.5 -86.0 89.60273
112.5 -82.0 48.45893
112.5 -78.0 21.812422
112.5 -74.0 40.051067
112.5 -70.0 22.676258
112.5 -66.0 42.819557
112.5 -62.0 40.207813
112.5 -58.0 33.100273
112.5 -54.0 33.233383
112.5 -50.0 40.72515
112.5 -46.0 24.928621
112.5 -42.0 23.02117
112.5 -38.0 21.92129
112.5 -34.0 28.958263
112.5 -30.0 30.5097
112.5 -26.0 31.341446
112.5 -22.0 28.083502
112.5 -18.0 18.817526
112.5 -14.0 20.636196
112.5 -10.0 27.004917
112.5 -6.0 22.279299
112.5 -2.0 26.552582
112.5 2.0 31.707901
112.5 6.0 27.432993
112.5 10.0 14.357496
112.5 14.0 13.654734
112.5 18.0 8.565759
112.5 22.0 8.110398
112.5 26.0 6.975174
112.5 30.0 6.8163304
112.5 34.0 6.9315557
112.5 38.0 7.2857885
112.5 42.0 8.091533
112.5 46.0 10.317647
112.5 50.0 11.977933
112.5 54.0 12.951707
112.5 58.0 13.268171
112.5 62.0 13.986134
112.5 66.0 13.404609
112.5 70.0 15.570262
112.5 74.0 15.27449
112.5 78.0 11.331807
112.5 82.0 12.878584
112.5 86.0 25.852104
112.5 89.0 6.757652
117.5 -89.0 25.891594
117.5 -86.0 95.022026
117.5 -82.0 40.684116
117.5 -78.0 27.520287
117.5 -74.0 17.903534
117.5 -70.0 22.698072
117.5 -66.0 34.99204
117.5 -62.0 52.910007
117.5 -58.0 47.377247
117.5 -54.0 35.651924
117.5 -50.0 27.906816
117.5 -46.0 24.473852
117.5 -42.0 21.5266
117.5 -38.0 21.797188
117.5 -34.0 20.964277
117.5 -30.0 23.071823
117.5 -26.0 27.338543
117.5 -22.0 24.715109
117.5 -18.0 21.127132
117.5 -14.0 26.220816
117.5 -10.0 31.127293
117.5 -6.0 25.044075
117.5 -2.0 31.674274
117.5 2.0 30.564558
117.5 6.0 30.006397
117.5 10.0 11.392445
117.5 14.0 11.452863
117.5 18.0 9.309451
117.5 22.0 9.006014
117.5 26.0 7.697458
117.5 30.0 7.0790277
117.5 34.0 7.729285
117.5 38.0 8.07223
117.5 42.0 9.05074
117.5 46.0 9.660664
117.5 50.0 11.165703
117.5 54.0 13.265086
117.5 58.0 13.645681
117.5 62.0 12.820754
117.5 66.0 12.93151
117.5 70.0 14.7574415
117.5 74.0 13.988961
117.5 78.0 11.426465
117.5 82.0 12.67552
117.5 86.0 23.103962
117.5 89.0 6.757652
122.5 -89.0 25.891594
122.5 -86.0 107.82851
122.5 -82.0 36.481342
122.5 -78.0 33.179768
122.5 -74.0 36.61152
122.5 -70.0 23.541761
122.5 -66.0 27.060112
122.5 -62.0 38.75578
122.5 -58.0 42.5514
122.5 -54.0 24.55286
122.5 -50.0 21.56115
122.5 -46.0 32.180386
122.5 -42.0 17.525003
122.5 -38.0 19.389585
122.5 -34.0 27.108625
122.5 -30.0 23.732534
122.5 -26.0 28.948101
122.5 -22.0 37.124954
122.5 -18.0 31.03904
122.5 -14.0 26.76831
122.5 -10.0 41.28003
122.5 -6.0 35.943195
122.5 -2.0 20.934587
122.5 2.0 14.097022
122.5 6.0 10.48583
122.5 10.0 9.830378
122.5 14.0 12.175467
122.5 18.0 9.542463
122.5 22.0 8.977736
122.5 26.0 8.103913
122.5 30.0 7.5635905
122.5 34.0 8.654855
122.5 38.0 8.371237
122.5 42.0 8.84979
122.5 46.0 10.418836
122.5 50.0 10.966704
122.5 54.0 12.272537
122.5 58.0 13.783157
122.5 62.0 12.754416
122.5 66.0 13.01289
122.5 70.0 13.678676
122.5 74.0 12.849219
122.5 78.0 11.94421
122.5 82.0 10.813802
122.5 86.0 26.588865
122.5 89.0 6.757652
127.5 -89.0 25.891594
127.5 -86.0 89.7546
127.5 -82.0 41.811672
127.5 -78.0 17.063557
127.5 -74.0 16.75719
127.5 -70.0 31.732208
127.5 -66.0 24.595367
127.5 -62.0 53.126556
127.5 -58.0 33.980003
127.5 -54.0 17.245655
127.5 -50.0 31.761951
127.5 -46.0 32.204346
127.5 -42.0 26.750967
127.5 -38.0 21.567924
127.5 -34.0 32.589798
127.5 -30.0 28.66408
127.5 -26.0 49.8158
127.5 -22.0 32.98109
127.5 -18.0 32.195755
127.5 -14.0 25.031008
127.5 -10.0 33.068222
127.5 -6.0 17.433134
127.5 -2.0 9.516174
127.5 2.0 6.398368
127.5 6.0 9.164772
127.5 10.0 9.973467
127.5 14.0 14.179729
127.5 18.0 12.737597
127.5 22.0 9.686848
127.5 26.0 7.2993293
127.5 30.0 7.447714
127.5 34.0 8.653291
127.5 38.0 8.246305
127.5 42.0 8.415171
127.5 46.0 9.43121
127.5 50.0 12.094087
127.5 54.0 12.554017
127.5 58.0 14.32802
127.5 62.0 14.762163
127.5 66.0 13.352461
127.5 70.0 13.590665
127.5 74.0 14.217206
127.5 78.0 12.569719
127.5 82.0 11.771474
127.5 86.0 23.685099
127.5 89.0 6.757652
132.5 -89.0 25.891594
132.5 -86.0 92.287964
132.5 -82.0 31.473223
132.5 -78.0 26.772772
132.5 -74.0 28.616419
132.5 -70.0 14.941501
132.5 -66.0 32.84274
132.5 -62.0 20.537378
132.5 -58.0 21.889078
132.5 -54.0 31.521996
132.5 -50.0 21.855684
132.5 -46.0 27.943634
132.5 -42.0 32.16692
132.5 -38.0 24.819101
132.5 -34.0 31.15058
132.5 -30.0 45.82291
132.5 -26.0 42.932972
132.5 -22.0 37.305336
132.5 -18.0 23.436283
132.5 -14.0 19.335712
132.5 -10.0 20.643173
132.5 -6.0 9.191563
132.5 -2.0 4.799729
132.5 2.0 5.8852544
132.5 6.0 7.411789
132.5 10.0 11.135582
132.5 14.0 14.453559
132.5 18.0 13.503666
132.5 22.0 9.026285
132.5 26.0 7.199357
132.5 30.0 7.440119
132.5 34.0 7.3249984
132.5 38.0 8.805814
132.5 42.0 9.843546
132.5 46.0 11.391018
132.5 50.0 11.749654
132.5 54.0 11.644051
132.5 58.0 12.742139
132.5 62.0 13.607287
132.5 66.0 13.53696
132.5 70.0 14.734928
132.5 74.0 13.865668
132.5 78.0 13.148926
132.5 82.0 11.879318
132.5 86.0 22.695559
132.5 89.0 6.757652
137.5 -89.0 25.891594
137.5 -86.0 75.551704
137.5 -82.0 25.77489
137.5 -78.0 41.599205
137.5 -74.0 59.487324
137.5 -70.0 16.406998
137.5 -66.0 33.69373
137.5 -62.0 18.364147
137.5 -58.0 32.27488
137.5 -54.0 30.052233
137.5 -50.0 24.49092
137.5 -46.0 50.33648
137.5 -42.0 32.945946
137.5 -38.0 26.771933
137.5 -34.0 29.975155
137.5 -30.0 44.58375
137.5 -26.0 45.57
137.5 -22.0 39.826973
137.5 -18.0 19.146496
137.5 -14.0 18.806633
137.5 -10.0 21.36212
137.5 -6.0 6.591755
137.5 -2.0 4.087574
137.5 2.0 4.1547637
137.5 6.0 7.5258965
137.5 10.0 14.684582
137.5 14.0 17.792086
137.5 18.0 16.029114
137.5 22.0 21.55874
137.5 26.0 14.634098
137.5 30.0 9.20391
137.5 34.0 7.647818
137.5 38.0 9.273936
137.5 42.0 10.971703
137.5 46.0 11.563335
137.5 50.0 10.842658
137.5 54.0 12.504235
137.5 58.0 13.512936
137.5 62.0 13.517215
137.5 66.0 14.22919
137.5 70.0 13.463927
137.5 74.0 13.7364645
137.5 78.0 11.832293
137.5 82.0 12.797988
137.5 86.0 20.678413
137.5 89.0 6.757652
142.5 -89.0 25.891594
142.5 -86.0 77.82784
142.5 -82.0 24.940308
142.5 -78.0 36.959423
142.5 -74.0 83.05943
142.5 -70.0 16.3007
142.5 -66.0 25.726484
142.5 -62.0 26.478134
142.5 -58.0 17.912165
142.5 -54.0 22.186222
142.5 -50.0 37.805748
142.5 -46.0 29.810179
142.5 -42.0 39.223732
142.5 -38.0 29.587936
142.5 -34.0 21.351398
142.5 -30.0 15.684996
142.5 -26.0 27.863832
142.5 -22.0 27.648842
142.5 -18.0 19.053057
142.5 -14.0 23.430355
142.5 -10.0 12.781758
142.5 -6.0 5.7343745
142.5 -2.0 4.949652
142.5 2.0 5.022217
142.5 6.0 7.5206747
142.5 10.0 16.45422
142.5 14.0 30.62435
142.5 18.0 36.234074
142.5 22.0 33.19593
142.5 26.0 28.548233
142.5 30.0 14.762364
142.5 34.0 7.70444
142.5 38.0 8.874415
142.5 42.0 11.835919
142.5 46.0 12.696399
142.5 50.0 12.353563
142.5 54.0 13.908739
142.5 58.0 12.558049
142.5 62.0 12.373825
142.5 66.0 14.415597
142.5 70.0 13.393043
142.5 74.0 14.029763
142.5 78.0 12.120989
142.5 82.0 12.517403
142.5 86.0 22.752098
142.5 89.0 6.757652
147.5 -89.0 25.891594
147.5 -86.0 75.1152
147.5 -82.0 36.57606
147.5 -78.0 38.25374
147.5 -74.0 42.315983
147.5 -70.0 19.573746
147.5 -66.0 21.964846
147.5 -62.0 31.33688
147.5 -58.0 23.57003
147.5 -54.0 29.408434
147.5 -50.0 28.345343
147.5 -46.0 26.196491
147.5 -42.0 15.824539
147.5 -38.0 30.410875
147.5 -34.0 25.237314
147.5 -30.0 16.013868
147.5 -26.0 17.208054
147.5 -22.0 16.938532
147.5 -18.0 18.835361
147.5 -14.0 29.714918
147.5 -10.0 13.267633
147.5 -6.0 5.977986
147.5 -2.0 5.953304
147.5 2.0 6.5987897
147.5 6.0 6.876807
147.5 10.0 13.370695
147.5 14.0 27.479204
147.5 18.0 64.31487
147.5 22.0 97.46092
147.5 26.0 172.39319
147.5 30.0 21.69108
147.5 34.0 8.917072
147.5 38.0 9.1911745
147.5 42.0 12.52472
147.5 46.0 12.505141
147.5 50.0 12.235289
147.5 54.0 13.379977
147.5 58.0 13.425954
147.5 62.0 13.0926485
147.5 66.0 14.427838
147.5 70.0 13.59519
147.5 74.0 12.613287
147.5 78.0 12.603135
147.5 82.0 13.453588
147.5 86.0 21.359968
147.5 89.0 6.757652
152.5 -89.0 25.891594
152.5 -86.0 53.582035
152.5 -82.0 42.670704
152.5 -78.0 50.001484
152.5 -74.0 51.51894
152.5 -70.0 19.790989
152.5 -66.0 21.013517
152.5 -62.0 50.9963
152.5 -58.0 45.620346
152.5 -54.0 39.965885
152.5 -50.0 29.996376
152.5 -46.0 24.795399
152.5 -42.0 16.663822
152.5 -38.0 22.553684
152.5 -34.0 25.479498
152.5 -30.0 16.933954
152.5 -26.0 15.890441
152.5 -22.0 15.160268
152.5 -18.0 19.686007
152.5 -14.0 14.538975
152.5 -10.0 9.09189
152.5 -6.0 4.5486884
152.5 -2.0 8.129427
152.5 2.0 9.092775
152.5 6.0 6.278549
152.5 10.0 9.785517
152.5 14.0 14.354348
152.5 18.0 28.763853
152.5 22.0 68.23645
152.5 26.0 59.09226
152.5 30.0 30.948446
152.5 34.0 13.555467
152.5 38.0 10.871736
152.5 42.0 11.841493
152.5 46.0 13.370284
152.5 50.0 13.990201
152.5 54.0 11.918834
152.5 58.0 14.168823
152.5 62.0 14.125535
152.5 66.0 13.290199
152.5 70.0 13.142167
152.5 74.0 13.96045
152.5 78.0 13.183339
152.5 82.0 14.095955
152.5 86.0 18.254173
152.5 89.0 6.757652
157.5 -89.0 25.891594
157.5 -86.0 60.918934
157.5 -82.0 56.037518
157.5 -78.0 51.69145
157.5 -74.0 49.099995
157.5 -70.0 38.142548
157.5 -66.0 23.203394
157.5 -62.0 36.89382
157.5 -58.0 36.529274
157.5 -54.0 30.88953
157.5 -50.0 25.074383
157.5 -46.0 21.327805
157.5 -42.0 29.236094
157.5 -38.0 24.33698
157.5 -34.0 22.391045
157.5 -30.0 15.309919
157.5 -26.0 16.071833
157.5 -22.0 14.158746
157.5 -18.0 12.393772
157.5 -14.0 8.681117
157.5 -10.0 7.0793395
157.5 -6.0 5.9785852
157.5 -2.0 7.7887683
157.5 2.0 6.9502316
157.5 6.0 6.6630116
157.5 10.0 12.1418915
157.5 14.0 13.305453
157.5 18.0 14.080981
157.5 22.0 18.460714
157.5 26.0 24.63852
157.5 30.0 23.976183
157.5 34.0 16.95743
157.5 38.0 13.995386
157.5 42.0 12.20457
157.5 46.0 13.493847
157.5 50.0 13.397113
157.5 54.0 13.657562
157.5 58.0 14.623433
157.5 62.0 13.121844
157.5 66.0 12.97897
157.5 70.0 13.523865
157.5 74.0 13.836851
157.5 78.0 12.321952
157.5 82.0 13.5477295
157.5 86.0 19.400898
157.5 89.0 6.757652
162.5 -89.0 25.891594
162.5 -86.0 64.104034
162.5 -82.0 50.327087
162.5 -78.0 47.811634
162.5 -74.0 32.67892
162.5 -70.0 19.37186
162.5 -66.0 29.71897
162.5 -62.0 21.971
162.5 -58.0 54.99806
162.5 -54.0 37.444748
162.5 -50.0 23.843056
162.5 -46.0 22.9374
162.5 -42.0 41.528885
162.5 -38.0 22.66463
162.5 -34.0 20.845066
162.5 -30.0 21.67068
162.5 -26.0 21.802547
162.5 -22.0 14.750454
162.5 -18.0 6.9168773
162.5 -14.0 6.1591234
162.5 -10.0 5.9430957
162.5 -6.0 6.4358134
162.5 -2.0 6.1399794
162.5 2.0 7.0005746
162.5 6.0 8.658455
162.5 10.0 14.113931
162.5 14.0 15.865312
162.5 18.0 11.939484
162.5 22.0 13.182544
162.5 26.0 14.641856
162.5 30.0 13.641405
162.5 34.0 12.453516
162.5 38.0 15.587588
162.5 42.0 18.988377
162.5 46.0 15.0488
162.5 50.0 13.8256855
162.5 54.0 14.904142
162.5 58.0 13.257773
162.5 62.0 13.171999
162.5 66.0 14.257856
162.5 70.0 13.662799
162.5 74.0 13.079306
162.5 78.0 12.730781
162.5 82.0 12.967884
162.5 86.0 20.425255
162.5 89.0 6.757652
167.5 -89.0 25.891594
167.5 -86.0 72.89311
167.5 -82.0 46.473793
167.5 -78.0 54.54135
167.5 -74.0 34.69477
167.5 -70.0 20.57693
167.5 -66.0 35.33362
167.5 -62.0 24.751488
167.5 -58.0 36.740257
167.5 -54.0 43.466343
167.5 -50.0 45.01675
167.5 -46.0 39.488796
167.5 -42.0 37.861404
167.5 -38.0 25.295004
167.5 -34.0 27.302765
167.5 -30.0 24.829494
167.5 -26.0 30.363045
167.5 -22.0 17.99291
167.5 -18.0 6.454255
167.5 -14.0 8.303711
167.5 -10.0 6.161722
167.5 -6.0 7.424675
167.5 -2.0 7.2709613
167.5 2.0 7.213031
167.5 6.0 9.89915
167.5 10.0 14.307796
167.5 14.0 11.883804
167.5 18.0 11.307342
167.5 22.0 13.137327
167.5 26.0 13.432123
167.5 30.0 9.631447
167.5 34.0 8.571992
167.5 38.0 11.219841
167.5 42.0 13.890269
167.5 46.0 12.952897
167.5 50.0 14.284464
167.5 54.0 16.10073
167.5 58.0 13.609657
167.5 62.0 12.733684
167.5 66.0 13.008564
167.5 70.0 13.262975
167.5 74.0 14.576221
167.5 78.0 11.10579
167.5 82.0 13.235861
167.5 86.0 20.125154
167.5 89.0 6.757652
172.5 -89.0 25.891594
172.5 -86.0 69.39091
172.5 -82.0 58.945366
172.5 -78.0 55.893883
172.5 -74.0 34.934456
172.5 -70.0 30.210302
172.5 -66.0 33.77697
172.5 -62.0 37.23719
172.5 -58.0 43.86169
172.5 -54.0 38.833485
172.5 -50.0 44.015045
172.5 -46.0 55.709103
172.5 -42.0 38.69233
172.5 -38.0 26.091995
172.5 -34.0 17.666851
172.5 -30.0 23.366598
172.5 -26.0 23.970152
172.5 -22.0 20.63106
172.5 -18.0 11.433045
172.5 -14.0 8.504714
172.5 -10.0 11.791884
172.5 -6.0 9.894629
172.5 -2.0 9.343022
172.5 2.0 9.186491
172.5 6.0 10.3734045
172.5 10.0 13.390629
172.5 14.0 12.437054
172.5 18.0 9.332098
172.5 22.0 9.904636
172.5 26.0 10.277308
172.5 30.0 8.302719
172.5 34.0 8.622191
172.5 38.0 10.839474
172.5 42.0 11.185872
172.5 46.0 13.678431
172.5 50.0 14.565347
172.5 54.0 13.580791
172.5 58.0 14.176545
172.5 62.0 13.535571
172.5 66.0 12.741632
172.5 70.0 14.431921
172.5 74.0 11.527595
172.5 78.0 10.265276
172.5 82.0 15.523929
172.5 86.0 19.371475
172.5 89.0 6.757652
177.5 -89.0 25.891594
177.5 -86.0 56.275173
177.5 -82.0 67.37547
177.5 -78.0 44.891747
177.5 -74.0 40.808468
177.5 -70.0 34.459755
177.5 -66.0 41.627987
177.5 -62.0 27.883192
177.5 -58.0 32.16248
177.5 -54.0 23.58231
177.5 -50.0 25.820982
177.5 -46.0 41.333824
177.5 -42.0 27.526724
177.5 -38.0 16.926249
177.5 -34.0 27.851295
177.5 -30.0 16.905333
177.5 -26.0 15.809877
177.5 -22.0 18.206614
177.5 -18.0 18.497252
177.5 -14.0 11.956832
177.5 -10.0 16.044504
177.5 -6.0 12.937081
177.5 -2.0 11.083082
177.5 2.0 8.49882
177.5 6.0 11.581461
177.5 10.0 15.089026
177.5 14.0 11.382316
177.5 18.0 7.2907248
177.5 22.0 7.477156
177.5 26.0 9.975342
177.5 30.0 7.9359303
177.5 34.0 7.9531493
177.5 38.0 10.660178
177.5 42.0 12.669852
177.5 46.0 12.423624
177.5 50.0 14.159014
177.5 54.0 12.976569
177.5 58.0 14.351983
177.5 62.0 13.774323
177.5 66.0 14.192953
177.5 70.0 13.583106
177.5 74.0 12.854312
177.5 78.0 9.829341
177.5 82.0 16.613852
177.5 86.0 17.111149
177.5 89.0 6.757652
