-177.5 -89.0 10.343901
-177.5 -86.0 25.78757
-177.5 -82.0 20.757591
-177.5 -78.0 13.054747
-177.5 -74.0 12.285349
-177.5 -70.0 12.1125145
-177.5 -66.0 13.364433
-177.5 -62.0 10.114198
-177.5 -58.0 8.825979
-177.5 -54.0 8.012992
-177.5 -50.0 11.319085
-177.5 -46.0 13.19316
-177.5 -42.0 8.856567
-177.5 -38.0 7.463591
-177.5 -34.0 6.054551
-177.5 -30.0 8.386771
-177.5 -26.0 8.899674
-177.5 -22.0 8.9577
-177.5 -18.0 13.96792
-177.5 -14.0 12.119033
-177.5 -10.0 10.854331
-177.5 -6.0 15.899512
-177.5 -2.0 10.790104
-177.5 2.0 7.7842073
-177.5 6.0 7.702569
-177.5 10.0 7.301322
-177.5 14.0 5.0038557
-177.5 18.0 2.8984993
-177.5 22.0 3.9449627
-177.5 26.0 4.5606666
-177.5 30.0 3.948953
-177.5 34.0 4.32801
-177.5 38.0 4.859577
-177.5 42.0 5.9920917
-177.5 46.0 6.5570292
-177.5 50.0 7.5853214
-177.5 54.0 7.448164
-177.5 58.0 7.30205
-177.5 62.0 8.550399
-177.5 66.0 8.299871
-177.5 70.0 7.80567
-177.5 74.0 7.480081
-177.5 78.0 7.6577144
-177.5 82.0 9.939863
-177.5 86.0 12.577083
-177.5 89.0 4.9212627
-172.5 -89.0 10.343901
-172.5 -86.0 25.410822
-172.5 -82.0 20.67249
-172.5 -78.0 17.703056
-172.5 -74.0 14.916397
-172.5 -70.0 10.715923
-172.5 -66.0 16.2972
-172.5 -62.0 15.058113
-172.5 -58.0 7.3532143
-172.5 -54.0 6.703787
-172.5 -50.0 10.954637
-172.5 -46.0 14.457313
-172.5 -42.0 7.5521574
-172.5 -38.0 8.071844
-172.5 -34.0 11.304881
-172.5 -30.0 12.638896
-172.5 -26.0 14.607822
-172.5 -22.0 12.848126
-172.5 -18.0 11.171266
-172.5 -14.0 9.907542
-172.5 -10.0 6.821036
-172.5 -6.0 14.028333
-172.5 -2.0 11.941649
-172.5 2.0 8.07545
-172.5 6.0 6.860824
-172.5 10.0 8.068734
-172.5 14.0 5.5027137
-172.5 18.0 3.2163086
-172.5 22.0 3.6756265
-172.5 26.0 4.6259365
-172.5 30.0 4.1383114
-172.5 34.0 3.6804717
-172.5 38.0 5.237894
-172.5 42.0 5.8269954
-172.5 46.0 7.4150915
-172.5 50.0 7.743096
-172.5 54.0 8.503479
-172.5 58.0 8.602415
-172.5 62.0 8.315551
-172.5 66.0 7.999394
-172.5 70.0 7.2631783
-172.5 74.0 8.272997
-172.5 78.0 7.706764
-172.5 82.0 10.868156
-172.5 86.0 14.154941
-172.5 89.0 4.9212627
-167.5 -89.0 10.343901
-167.5 -86.0 23.853312
-167.5 -82.0 22.04081
-167.5 -78.0 15.868546
-167.5 -74.0 12.468545
-167.5 -70.0 5.71945
-167.5 -66.0 10.661969
-167.5 -62.0 10.817908
-167.5 -58.0 12.752621
-167.5 -54.0 10.573902
-167.5 -50.0 5.2629642
-167.5 -46.0 10.130243
-167.5 -42.0 12.123173
-167.5 -38.0 8.008337
-167.5 -34.0 16.78662
-167.5 -30.0 21.329025
-167.5 -26.0 17.714098
-167.5 -22.0 14.018864
-167.5 -18.0 5.834981
-167.5 -14.0 5.090254
-167.5 -10.0 11.178978
-167.5 -6.0 9.748037
-167.5 -2.0 11.873978
-167.5 2.0 8.476909
-167.5 6.0 6.5640187
-167.5 10.0 8.570665
-167.5 14.0 4.5587816
-167.5 18.0 2.001841
-167.5 22.0 2.2152905
-167.5 26.0 3.5570977
-167.5 30.0 3.749732
-167.5 34.0 3.5515933
-167.5 38.0 5.3396387
-167.5 42.0 6.457392
-167.5 46.0 7.358594
-167.5 50.0 8.222008
-167.5 54.0 7.863702
-167.5 58.0 8.390783
-167.5 62.0 8.271327
-167.5 66.0 6.973086
-167.5 70.0 8.188688
-167.5 74.0 7.7682514
-167.5 78.0 7.644239
-167.5 82.0 9.909787
-167.5 86.0 13.22206
-167.5 89.0 4.9212627
-162.5 -89.0 10.343901
-162.5 -86.0 26.513084
-162.5 -82.0 22.019073
-162.5 -78.0 14.212297
-162.5 -74.0 11.188117
-162.5 -70.0 6.045286
-162.5 -66.0 7.38631
-162.5 -62.0 11.698699
-162.5 -58.0 17.891607
-162.5 -54.0 10.676871
-162.5 -50.0 8.412271
-162.5 -46.0 9.896348
-162.5 -42.0 9.384018
-162.5 -38.0 17.844845
-162.5 -34.0 25.501461
-162.5 -30.0 20.880413
-162.5 -26.0 18.641062
-162.5 -22.0 8.913
-162.5 -18.0 5.7400374
-162.5 -14.0 7.287189
-162.5 -10.0 13.755386
-162.5 -6.0 13.265502
-162.5 -2.0 14.197249
-162.5 2.0 11.977359
-162.5 6.0 9.513798
-162.5 10.0 7.8352714
-162.5 14.0 3.7975202
-162.5 18.0 2.310149
-162.5 22.0 2.799197
-162.5 26.0 3.5404308
-162.5 30.0 4.798096
-162.5 34.0 5.2831173
-162.5 38.0 6.0115156
-162.5 42.0 7.280668
-162.5 46.0 7.348964
-162.5 50.0 8.054865
-162.5 54.0 8.497891
-162.5 58.0 7.6663346
-162.5 62.0 8.733239
-162.5 66.0 8.171677
-162.5 70.0 7.444136
-162.5 74.0 7.267036
-162.5 78.0 6.887724
-162.5 82.0 10.276016
-162.5 86.0 12.865071
-162.5 89.0 4.9212627
-157.5 -89.0 10.343901
-157.5 -86.0 26.295921
-157.5 -82.0 21.59404
-157.5 -78.0 13.873526
-157.5 -74.0 6.2544603
-157.5 -70.0 6.3613324
-157.5 -66.0 7.284523
-157.5 -62.0 10.726291
-157.5 -58.0 12.273646
-157.5 -54.0 9.608753
-157.5 -50.0 12.255229
-157.5 -46.0 15.098784
-157.5 -42.0 5.594368
-157.5 -38.0 12.38546
-157.5 -34.0 21.92075
-157.5 -30.0 18.844036
-157.5 -26.0 14.239633
-157.5 -22.0 8.625314
-157.5 -18.0 10.050087
-157.5 -14.0 13.614607
-157.5 -10.0 18.682022
-157.5 -6.0 24.071674
-157.5 -2.0 37.832413
-157.5 2.0 17.74075
-157.5 6.0 9.432553
-157.5 10.0 5.7548823
-157.5 14.0 3.5413492
-157.5 18.0 3.0572515
-157.5 22.0 3.3986619
-157.5 26.0 4.372441
-157.5 30.0 4.3604555
-157.5 34.0 5.420563
-157.5 38.0 6.514738
-157.5 42.0 7.2817616
-157.5 46.0 7.726866
-157.5 50.0 8.382223
-157.5 54.0 8.76503
-157.5 58.0 8.247716
-157.5 62.0 8.420158
-157.5 66.0 7.872817
-157.5 70.0 7.9284806
-157.5 74.0 7.2365785
-157.5 78.0 6.6654596
-157.5 82.0 8.840132
-157.5 86.0 13.714514
-157.5 89.0 4.9212627
-152.5 -89.0 10.343901
-152.5 -86.0 26.665373
-152.5 -82.0 18.681545
-152.5 -78.0 13.021742
-152.5 -74.0 11.599159
-152.5 -70.0 11.709092
-152.5 -66.0 7.26471
-152.5 -62.0 8.25185
-152.5 -58.0 19.220432
-152.5 -54.0 11.432208
-152.5 -50.0 10.585944
-152.5 -46.0 16.197641
-152.5 -42.0 18.693151
-152.5 -38.0 13.361795
-152.5 -34.0 9.890899
-152.5 -30.0 12.047666
-152.5 -26.0 11.552027
-152.5 -22.0 8.97705
-152.5 -18.0 11.47931
-152.5 -14.0 12.619591
-152.5 -10.0 21.192799
-152.5 -6.0 25.860998
-152.5 -2.0 20.01582
-152.5 2.0 14.53154
-152.5 6.0 5.789329
-152.5 10.0 5.9649153
-152.5 14.0 3.1487832
-152.5 18.0 0.8274002
-152.5 22.0 1.555656
-152.5 26.0 5.728126
-152.5 30.0 6.9691563
-152.5 34.0 5.475229
-152.5 38.0 6.881097
-152.5 42.0 7.6980624
-152.5 46.0 6.9652457
-152.5 50.0 7.6439037
-152.5 54.0 8.599494
-152.5 58.0 8.483392
-152.5 62.0 8.9539385
-152.5 66.0 8.166271
-152.5 70.0 7.358588
-152.5 74.0 7.3528285
-152.5 78.0 6.7382026
-152.5 82.0 9.619301
-152.5 86.0 12.876551
-152.5 89.0 4.9212627
-147.5 -89.0 10.343901
-147.5 -86.0 27.010246
-147.5 -82.0 22.929718
-147.5 -78.0 12.3274555
-147.5 -74.0 9.274058
-147.5 -70.0 21.903404
-147.5 -66.0 9.633922
-147.5 -62.0 8.618558
-147.5 -58.0 11.429136
-147.5 -54.0 10.498069
-147.5 -50.0 11.920282
-147.5 -46.0 18.909973
-147.5 -42.0 16.432602
-147.5 -38.0 10.24353
-147.5 -34.0 12.083984
-147.5 -30.0 12.573054
-147.5 -26.0 12.288626
-147.5 -22.0 10.627011
-147.5 -18.0 12.415208
-147.5 -14.0 15.210732
-147.5 -10.0 33.617348
-147.5 -6.0 26.310959
-147.5 -2.0 29.517181
-147.5 2.0 17.976763
-147.5 6.0 15.255976
-147.5 10.0 6.437675
-147.5 14.0 5.0456495
-147.5 18.0 11.791586
-147.5 22.0 33.85313
-147.5 26.0 36.59221
-147.5 30.0 13.127761
-147.5 34.0 4.8943386
-147.5 38.0 5.9998775
-147.5 42.0 7.873343
-147.5 46.0 6.603707
-147.5 50.0 9.036147
-147.5 54.0 8.656939
-147.5 58.0 9.030697
-147.5 62.0 9.359226
-147.5 66.0 9.369738
-147.5 70.0 7.558966
-147.5 74.0 7.184563
-147.5 78.0 6.9646835
-147.5 82.0 9.986972
-147.5 86.0 14.309497
-147.5 89.0 4.9212627
-142.5 -89.0 10.343901
-142.5 -86.0 28.22201
-142.5 -82.0 20.325996
-142.5 -78.0 12.021836
-142.5 -74.0 9.424477
-142.5 -70.0 11.910441
-142.5 -66.0 11.181147
-142.5 -62.0 7.6461134
-142.5 -58.0 12.716803
-142.5 -54.0 8.586566
-142.5 -50.0 14.761243
-142.5 -46.0 16.249033
-142.5 -42.0 16.240223
-142.5 -38.0 10.944775
-142.5 -34.0 12.603474
-142.5 -30.0 17.491156
-142.5 -26.0 18.553534
-142.5 -22.0 22.43232
-142.5 -18.0 19.093218
-142.5 -14.0 19.40788
-142.5 -10.0 42.345764
-142.5 -6.0 55.791058
-142.5 -2.0 24.944004
-142.5 2.0 32.7987
-142.5 6.0 23.492928
-142.5 10.0 10.043219
-142.5 14.0 3.1546602
-142.5 18.0 14.586731
-142.5 22.0 243.51637
-142.5 26.0 101.00789
-142.5 30.0 19.409105
-142.5 34.0 13.16071
-142.5 38.0 7.619151
-142.5 42.0 6.1352587
-142.5 46.0 9.224588
-142.5 50.0 11.547763
-142.5 54.0 10.43886
-142.5 58.0 9.416244
-142.5 62.0 10.636848
-142.5 66.0 8.914777
-142.5 70.0 8.142228
-142.5 74.0 7.3056784
-142.5 78.0 7.0355864
-142.5 82.0 10.011507
-142.5 86.0 15.206069
-142.5 89.0 4.9212627
-137.5 -89.0 10.343901
-137.5 -86.0 28.662184
-137.5 -82.0 20.06859
-137.5 -78.0 14.013259
-137.5 -74.0 12.605956
-137.5 -70.0 12.348806
-137.5 -66.0 15.986266
-137.5 -62.0 10.2376375
-137.5 -58.0 7.66821
-137.5 -54.0 14.368546
-137.5 -50.0 12.429882
-137.5 -46.0 14.950909
-137.5 -42.0 17.867039
-137.5 -38.0 11.307378
-137.5 -34.0 15.40888
-137.5 -30.0 18.347738
-137.5 -26.0 22.844067
-137.5 -22.0 31.989643
-137.5 -18.0 31.641315
-137.5 -14.0 29.059174
-137.5 -10.0 50.541855
-137.5 -6.0 88.07457
-137.5 -2.0 55.357662
-137.5 2.0 28.229593
-137.5 6.0 63.87849
-137.5 10.0 36.878025
-137.5 14.0 7.266053
-137.5 18.0 199.15709
-137.5 22.0 118.293465
-137.5 26.0 44.268593
-137.5 30.0 21.117315
-137.5 34.0 12.749596
-137.5 38.0 26.911808
-137.5 42.0 6.7474923
-137.5 46.0 11.535171
-137.5 50.0 14.7131405
-137.5 54.0 8.99335
-137.5 58.0 10.27325
-137.5 62.0 11.157624
-137.5 66.0 8.290088
-137.5 70.0 8.693194
-137.5 74.0 7.7599955
-137.5 78.0 7.1106477
-137.5 82.0 8.909346
-137.5 86.0 15.4584255
-137.5 89.0 4.9212627
-132.5 -89.0 10.343901
-132.5 -86.0 27.171946
-132.5 -82.0 19.238129
-132.5 -78.0 14.901833
-132.5 -74.0 13.671705
-132.5 -70.0 12.120403
-132.5 -66.0 15.751994
-132.5 -62.0 14.345515
-132.5 -58.0 14.816084
-132.5 -54.0 15.512371
-132.5 -50.0 21.7281
-132.5 -46.0 12.64582
-132.5 -42.0 14.147022
-132.5 -38.0 12.124041
-132.5 -34.0 20.313812
-132.5 -30.0 22.812012
-132.5 -26.0 32.177876
-132.5 -22.0 47.74651
-132.5 -18.0 67.007324
-132.5 -14.0 81.68179
-132.5 -10.0 143.66817
-132.5 -6.0 174.52202
-132.5 -2.0 69.63042
-132.5 2.0 72.56798
-132.5 6.0 88.21999
-132.5 10.0 93.37795
-132.5 14.0 232.97066
-132.5 18.0 274.2064
-132.5 22.0 443.31863
-132.5 26.0 35.436943
-132.5 30.0 32.471
-132.5 34.0 13.132377
-132.5 38.0 26.300854
-132.5 42.0 11.107174
-132.5 46.0 12.078782
-132.5 50.0 13.759323
-132.5 54.0 8.06404
-132.5 58.0 12.064177
-132.5 62.0 11.48966
-132.5 66.0 8.410682
-132.5 70.0 7.521186
-132.5 74.0 7.2111106
-132.5 78.0 6.1464562
-132.5 82.0 8.446202
-132.5 86.0 14.887169
-132.5 89.0 4.9212627
-127.5 -89.0 10.343901
-127.5 -86.0 28.563053
-127.5 -82.0 17.447536
-127.5 -78.0 11.56415
-127.5 -74.0 10.170815
-127.5 -70.0 10.081877
-127.5 -66.0 11.799273
-127.5 -62.0 9.090378
-127.5 -58.0 13.057243
-127.5 -54.0 8.832375
-127.5 -50.0 15.383653
-127.5 -46.0 11.851733
-127.5 -42.0 15.535649
-127.5 -38.0 16.386068
-127.5 -34.0 21.391146
-127.5 -30.0 25.375015
-127.5 -26.0 45.35137
-127.5 -22.0 100.862015
-127.5 -18.0 143.4989
-127.5 -14.0 196.89531
-127.5 -10.0 134.73967
-127.5 -6.0 107.6434
-127.5 -2.0 109.74328
-127.5 2.0 90.11643
-127.5 6.0 53.02091
-127.5 10.0 68.980415
-127.5 14.0 148.3642
-127.5 18.0 229.12727
-127.5 22.0 77.67224
-127.5 26.0 107.36879
-127.5 30.0 42.559013
-127.5 34.0 18.25417
-127.5 38.0 22.30909
-127.5 42.0 16.604237
-127.5 46.0 13.256336
-127.5 50.0 12.986867
-127.5 54.0 8.731288
-127.5 58.0 10.88786
-127.5 62.0 10.826903
-127.5 66.0 8.852499
-127.5 70.0 7.914092
-127.5 74.0 7.3309813
-127.5 78.0 5.9748178
-127.5 82.0 8.433606
-127.5 86.0 14.674076
-127.5 89.0 4.9212627
-122.5 -89.0 10.343901
-122.5 -86.0 28.691599
-122.5 -82.0 17.076813
-122.5 -78.0 9.409208
-122.5 -74.0 10.362577
-122.5 -70.0 10.268187
-122.5 -66.0 9.169569
-122.5 -62.0 15.81592
-122.5 -58.0 13.78436
-122.5 -54.0 11.166944
-122.5 -50.0 10.332882
-122.5 -46.0 12.543507
-122.5 -42.0 15.392523
-122.5 -38.0 15.337504
-122.5 -34.0 28.152208
-122.5 -30.0 39.997856
-122.5 -26.0 86.41354
-122.5 -22.0 248.32864
-122.5 -18.0 443.09424
-122.5 -14.0 686.29443
-122.5 -10.0 86.020004
-122.5 -6.0 243.71577
-122.5 -2.0 129.37822
-122.5 2.0 181.96388
-122.5 6.0 108.83278
-122.5 10.0 63.299557
-122.5 14.0 91.26448
-122.5 18.0 140.44804
-122.5 22.0 126.63183
-122.5 26.0 92.22159
-122.5 30.0 48.613647
-122.5 34.0 27.795078
-122.5 38.0 26.225279
-122.5 42.0 35.441357
-122.5 46.0 15.715351
-122.5 50.0 12.171427
-122.5 54.0 11.655209
-122.5 58.0 10.929233
-122.5 62.0 9.139676
-122.5 66.0 9.39168
-122.5 70.0 9.673737
-122.5 74.0 6.4336514
-122.5 78.0 6.7113886
-122.5 82.0 8.203887
-122.5 86.0 14.229126
-122.5 89.0 4.9212627
-117.5 -89.0 10.343901
-117.5 -86.0 19.208233
-117.5 -82.0 17.895899
-117.5 -78.0 10.291423
-117.5 -74.0 9.400757
-117.5 -70.0 12.856413
-117.5 -66.0 16.641882
-117.5 -62.0 11.940704
-117.5 -58.0 12.602022
-117.5 -54.0 10.3691025
-117.5 -50.0 10.232724
-117.5 -46.0 11.651398
-117.5 -42.0 16.272184
-117.5 -38.0 22.188719
-117.5 -34.0 34.67091
-117.5 -30.0 55.227417
-117.5 -26.0 145.58368
-117.5 -22.0 392.2607
-117.5 -18.0 553.8616
-117.5 -14.0 382.1096
-117.5 -10.0 149.6788
-117.5 -6.0 75.20376
-117.5 -2.0 77.23257
-117.5 2.0 42.593292
-117.5 6.0 44.29584
-117.5 10.0 37.550972
-117.5 14.0 36.077663
-117.5 18.0 64.26581
-117.5 22.0 96.93425
-117.5 26.0 96.1575
-117.5 30.0 54.349983
-117.5 34.0 49.048374
-117.5 38.0 108.97006
-117.5 42.0 126.065865
-117.5 46.0 23.16007
-117.5 50.0 11.194081
-117.5 54.0 11.818508
-117.5 58.0 10.732234
-117.5 62.0 8.538938
-117.5 66.0 9.137639
-117.5 70.0 8.519967
-117.5 74.0 7.1080866
-117.5 78.0 6.5675178
-117.5 82.0 8.7580185
-117.5 86.0 16.31247
-117.5 89.0 4.9212627
-112.5 -89.0 10.343901
-112.5 -86.0 18.331104
-112.5 -82.0 16.536081
-112.5 -78.0 10.373757
-112.5 -74.0 13.222554
-112.5 -70.0 13.573233
-112.5 -66.0 14.072829
-112.5 -62.0 10.317333
-112.5 -58.0 8.266714
-112.5 -54.0 9.430442
-112.5 -50.0 15.84819
-112.5 -46.0 15.195516
-112.5 -42.0 14.8304205
-112.5 -38.0 18.748955
-112.5 -34.0 31.98776
-112.5 -30.0 64.71685
-112.5 -26.0 181.98083
-112.5 -22.0 400.06186
-112.5 -18.0 487.14886
-112.5 -14.0 262.7481
-112.5 -10.0 148.56589
-112.5 -6.0 34.904102
-112.5 -2.0 26.079147
-112.5 2.0 48.129887
-112.5 6.0 10.441242
-112.5 10.0 44.811306
-112.5 14.0 82.63804
-112.5 18.0 73.6919
-112.5 22.0 137.73012
-112.5 26.0 144.56001
-112.5 30.0 103.907135
-112.5 34.0 79.37972
-112.5 38.0 280.38394
-112.5 42.0 256.5449
-112.5 46.0 45.384533
-112.5 50.0 11.598532
-112.5 54.0 12.375245
-112.5 58.0 11.901135
-112.5 62.0 8.782703
-112.5 66.0 8.61999
-112.5 70.0 8.613385
-112.5 74.0 7.423149
-112.5 78.0 6.2799826
-112.5 82.0 8.599675
-112.5 86.0 15.997906
-112.5 89.0 4.9212627
-107.5 -89.0 10.343901
-107.5 -86.0 20.143953
-107.5 -82.0 14.884201
-107.5 -78.0 9.873325
-107.5 -74.0 12.455007
-107.5 -70.0 13.317073
-107.5 -66.0 13.139819
-107.5 -62.0 13.520101
-107.5 -58.0 7.565447
-107.5 -54.0 7.2261004
-107.5 -50.0 14.413528
-107.5 -46.0 15.078158
-107.5 -42.0 11.041821
-107.5 -38.0 12.893403
-107.5 -34.0 37.43183
-107.5 -30.0 72.89442
-107.5 -26.0 120.25139
-107.5 -22.0 319.19186
-107.5 -18.0 554.12427
-107.5 -14.0 97.9655
-107.5 -10.0 92.21801
-107.5 -6.0 22.667345
-107.5 -2.0 6.891883
-107.5 2.0 13.688941
-107.5 6.0 37.52896
-107.5 10.0 113.14902
-107.5 14.0 60.72021
-107.5 18.0 51.675476
-107.5 22.0 54.434658
-107.5 26.0 122.787445
-107.5 30.0 76.78058
-107.5 34.0 66.57553
-107.5 38.0 184.65399
-107.5 42.0 256.3278
-107.5 46.0 86.51075
-107.5 50.0 15.415414
-107.5 54.0 13.40535
-107.5 58.0 10.544928
-107.5 62.0 8.968813
-107.5 66.0 9.067547
-107.5 70.0 8.919771
-107.5 74.0 8.411147
-107.5 78.0 6.118707
-107.5 82.0 9.025852
-107.5 86.0 16.474018
-107.5 89.0 4.9212627
-102.5 -89.0 10.343901
-102.5 -86.0 20.46753
-102.5 -82.0 14.983508
-102.5 -78.0 10.133486
-102.5 -74.0 10.948032
-102.5 -70.0 12.249889
-102.5 -66.0 11.253736
-102.5 -62.0 11.20567
-102.5 -58.0 16.94747
-102.5 -54.0 15.358199
-102.5 -50.0 17.421265
-102.5 -46.0 11.653585
-102.5 -42.0 10.491429
-102.5 -38.0 29.057531
-102.5 -34.0 126.17704
-102.5 -30.0 407.5827
-102.5 -26.0 315.7862
-102.5 -22.0 279.94168
-102.5 -18.0 174.45354
-102.5 -14.0 135.43216
-102.5 -10.0 65.77082
-102.5 -6.0 17.3087
-102.5 -2.0 7.959694
-102.5 2.0 32.815712
-102.5 6.0 28.106134
-102.5 10.0 173.9505
-102.5 14.0 334.81525
-102.5 18.0 65.21688
-102.5 22.0 43.269447
-102.5 26.0 37.275475
-102.5 30.0 37.01222
-102.5 34.0 27.46394
-102.5 38.0 103.03881
-102.5 42.0 91.0557
-102.5 46.0 31.32784
-102.5 50.0 24.042305
-102.5 54.0 18.961332
-102.5 58.0 10.2598
-102.5 62.0 9.630437
-102.5 66.0 8.96193
-102.5 70.0 9.186699
-102.5 74.0 7.8900642
-102.5 78.0 5.561059
-102.5 82.0 10.451633
-102.5 86.0 16.406137
-102.5 89.0 4.9212627
-97.5 -89.0 10.343901
-97.5 -86.0 21.161818
-97.5 -82.0 14.335655
-97.5 -78.0 8.3381405
-97.5 -74.0 11.5535755
-97.5 -70.0 11.419281
-97.5 -66.0 10.510838
-97.5 -62.0 11.602723
-97.5 -58.0 12.320587
-97.5 -54.0 17.744165
-97.5 -50.0 25.205206
-97.5 -46.0 13.0922
-97.5 -42.0 28.961843
-97.5 -38.0 51.386753
-97.5 -34.0 47.16741
-97.5 -30.0 37.05634
-97.5 -26.0 38.15679
-97.5 -22.0 51.40398
-97.5 -18.0 83.48421
-97.5 -14.0 96.81558
-97.5 -10.0 39.07399
-97.5 -6.0 13.548948
-97.5 -2.0 9.655278
-97.5 2.0 15.431891
-97.5 6.0 55.79414
-97.5 10.0 46.31435
-97.5 14.0 35.666862
-97.5 18.0 41.2652
-97.5 22.0 45.92715
-97.5 26.0 41.677677
-97.5 30.0 28.304316
-97.5 34.0 30.20021
-97.5 38.0 30.23236
-97.5 42.0 26.008152
-97.5 46.0 22.212614
-97.5 50.0 21.530615
-97.5 54.0 19.88491
-97.5 58.0 12.522043
-97.5 62.0 11.034469
-97.5 66.0 9.045152
-97.5 70.0 9.226653
-97.5 74.0 7.3873153
-97.5 78.0 5.941172
-97.5 82.0 10.353115
-97.5 86.0 18.0212
-97.5 89.0 4.9212627
-92.5 -89.0 10.343901
-92.5 -86.0 20.903036
-92.5 -82.0 17.119244
-92.5 -78.0 11.159375
-92.5 -74.0 11.954312
-92.5 -70.0 11.784298
-92.5 -66.0 9.652025
-92.5 -62.0 10.007067
-92.5 -58.0 7.5805984
-92.5 -54.0 13.146339
-92.5 -50.0 11.304743
-92.5 -46.0 12.136442
-92.5 -42.0 65.82591
-92.5 -38.0 52.27225
-92.5 -34.0 22.638332
-92.5 -30.0 21.988846
-92.5 -26.0 22.58048
-92.5 -22.0 27.495556
-92.5 -18.0 34.467415
-92.5 -14.0 42.97418
-92.5 -10.0 20.813961
-92.5 -6.0 4.7608495
-92.5 -2.0 9.481076
-92.5 2.0 7.28867
-92.5 6.0 15.559198
-92.5 10.0 19.42344
-92.5 14.0 27.659292
-92.5 18.0 13.9637575
-92.5 22.0 20.216166
-92.5 26.0 35.841026
-92.5 30.0 24.670076
-92.5 34.0 22.229916
-92.5 38.0 22.844934
-92.5 42.0 24.897474
-92.5 46.0 16.532927
-92.5 50.0 22.872427
-92.5 54.0 19.288446
-92.5 58.0 12.878477
-92.5 62.0 10.738909
-92.5 66.0 9.708328
-92.5 70.0 7.9931426
-92.5 74.0 6.6717997
-92.5 78.0 5.8093023
-92.5 82.0 9.487454
-92.5 86.0 16.955803
-92.5 89.0 4.9212627
-87.5 -89.0 10.343901
-87.5 -86.0 22.728289
-87.5 -82.0 20.428738
-87.5 -78.0 13.105279
-87.5 -74.0 13.158296
-87.5 -70.0 8.2090435
-87.5 -66.0 9.375931
-87.5 -62.0 13.947068
-87.5 -58.0 13.626497
-87.5 -54.0 11.913761
-87.5 -50.0 8.441602
-87.5 -46.0 13.119722
-87.5 -42.0 21.303642
-87.5 -38.0 46.50066
-87.5 -34.0 26.761423
-87.5 -30.0 16.124874
-87.5 -26.0 13.271334
-87.5 -22.0 15.804659
-87.5 -18.0 17.042328
-87.5 -14.0 18.77989
-87.5 -10.0 21.131681
-87.5 -6.0 6.012737
-87.5 -2.0 7.4028087
-87.5 2.0 6.745331
-87.5 6.0 5.333782
-87.5 10.0 4.4866967
-87.5 14.0 5.07805
-87.5 18.0 6.408081
-87.5 22.0 9.968718
-87.5 26.0 14.578618
-87.5 30.0 16.528984
-87.5 34.0 20.66221
-87.5 38.0 34.595257
-87.5 42.0 32.210617
-87.5 46.0 12.174673
-87.5 50.0 19.923754
-87.5 54.0 13.204652
-87.5 58.0 13.640172
-87.5 62.0 9.959074
-87.5 66.0 8.591469
-87.5 70.0 7.9317346
-87.5 74.0 7.7899294
-87.5 78.0 5.823874
-87.5 82.0 9.863145
-87.5 86.0 18.772867
-87.5 89.0 4.9212627
-82.5 -89.0 10.343901
-82.5 -86.0 22.224731
-82.5 -82.0 15.727609
-82.5 -78.0 20.624537
-82.5 -74.0 11.879467
-82.5 -70.0 11.459659
-82.5 -66.0 8.2590065
-82.5 -62.0 9.441953
-82.5 -58.0 8.200555
-82.5 -54.0 7.1250296
-82.5 -50.0 7.8936777
-82.5 -46.0 18.39508
-82.5 -42.0 20.573475
-82.5 -38.0 48.008297
-82.5 -34.0 23.222103
-82.5 -30.0 14.326473
-82.5 -26.0 13.532519
-82.5 -22.0 9.243091
-82.5 -18.0 10.547453
-82.5 -14.0 13.398008
-82.5 -10.0 11.419292
-82.5 -6.0 5.300184
-82.5 -2.0 6.423161
-82.5 2.0 3.7063224
-82.5 6.0 7.2722626
-82.5 10.0 6.2425904
-82.5 14.0 5.7666874
-82.5 18.0 6.1829267
-82.5 22.0 8.603941
-82.5 26.0 14.283091
-82.5 30.0 19.11392
-82.5 34.0 23.455257
-82.5 38.0 17.233772
-82.5 42.0 32.781063
-82.5 46.0 29.229101
-82.5 50.0 11.328278
-82.5 54.0 9.2222595
-82.5 58.0 9.9440975
-82.5 62.0 9.994722
-82.5 66.0 8.427985
-82.5 70.0 7.753008
-82.5 74.0 7.4859266
-82.5 78.0 6.1405015
-82.5 82.0 8.952718
-82.5 86.0 18.407461
-82.5 89.0 4.9212627
-77.5 -89.0 10.343901
-77.5 -86.0 24.307972
-77.5 -82.0 17.778969
-77.5 -78.0 13.37679
-77.5 -74.0 8.21357
-77.5 -70.0 5.764479
-77.5 -66.0 9.99763
-77.5 -62.0 8.739798
-77.5 -58.0 5.8262677
-77.5 -54.0 8.279486
-77.5 -50.0 13.138536
-77.5 -46.0 18.498194
-77.5 -42.0 19.690199
-77.5 -38.0 29.860107
-77.5 -34.0 55.01169
-77.5 -30.0 28.706804
-77.5 -26.0 9.994971
-77.5 -22.0 8.447428
-77.5 -18.0 7.903503
-77.5 -14.0 11.141224
-77.5 -10.0 6.2411227
-77.5 -6.0 15.693601
-77.5 -2.0 6.1207213
-77.5 2.0 7.8226457
-77.5 6.0 6.067715
-77.5 10.0 5.2090287
-77.5 14.0 3.3561368
-77.5 18.0 4.2891145
-77.5 22.0 7.483463
-77.5 26.0 14.650994
-77.5 30.0 18.222322
-77.5 34.0 16.54312
-77.5 38.0 29.016554
-77.5 42.0 36.74215
-77.5 46.0 23.184551
-77.5 50.0 5.430559
-77.5 54.0 7.298187
-77.5 58.0 8.104517
-77.5 62.0 9.786225
-77.5 66.0 7.87935
-77.5 70.0 7.4222856
-77.5 74.0 7.589222
-77.5 78.0 6.038755
-77.5 82.0 10.416576
-77.5 86.0 19.98548
-77.5 89.0 4.9212627
-72.5 -89.0 10.343901
-72.5 -86.0 24.287043
-72.5 -82.0 13.460148
-72.5 -78.0 11.878138
-72.5 -74.0 13.657577
-72.5 -70.0 9.777743
-72.5 -66.0 10.895987
-72.5 -62.0 12.156334
-72.5 -58.0 7.088286
-72.5 -54.0 9.468093
-72.5 -50.0 17.52256
-72.5 -46.0 22.277332
-72.5 -42.0 21.69759
-72.5 -38.0 18.254421
-72.5 -34.0 25.019842
-72.5 -30.0 30.548828
-72.5 -26.0 17.56025
-72.5 -22.0 13.550832
-72.5 -18.0 8.132687
-72.5 -14.0 3.7323895
-72.5 -10.0 3.40024
-72.5 -6.0 7.0997486
-72.5 -2.0 7.9700484
-72.5 2.0 10.346587
-72.5 6.0 8.923717
-72.5 10.0 8.189174
-72.5 14.0 5.191291
-72.5 18.0 6.562202
-72.5 22.0 6.566416
-72.5 26.0 9.0206995
-72.5 30.0 14.291807
-72.5 34.0 16.885035
-72.5 38.0 36.18061
-72.5 42.0 29.28383
-72.5 46.0 22.191526
-72.5 50.0 7.685655
-72.5 54.0 7.1382785
-72.5 58.0 7.4948254
-72.5 62.0 8.64412
-72.5 66.0 7.434051
-72.5 70.0 6.0460105
-72.5 74.0 6.8745923
-72.5 78.0 6.3281627
-72.5 82.0 7.8464985
-72.5 86.0 20.989912
-72.5 89.0 4.9212627
-67.5 -89.0 10.343901
-67.5 -86.0 27.319239
-67.5 -82.0 14.408972
-67.5 -78.0 11.221808
-67.5 -74.0 10.988548
-67.5 -70.0 8.580013
-67.5 -66.0 8.391631
-67.5 -62.0 9.6231365
-67.5 -58.0 9.295501
-67.5 -54.0 12.389682
-67.5 -50.0 4.266478
-67.5 -46.0 13.5401535
-67.5 -42.0 16.41574
-67.5 -38.0 15.518705
-67.5 -34.0 12.774618
-67.5 -30.0 25.266493
-67.5 -26.0 12.033483
-67.5 -22.0 16.869102
-67.5 -18.0 16.83442
-67.5 -14.0 1.6203413
-67.5 -10.0 2.0778224
-67.5 -6.0 4.2316546
-67.5 -2.0 8.225936
-67.5 2.0 7.449502
-67.5 6.0 7.3534255
-67.5 10.0 9.129649
-67.5 14.0 6.766454
-67.5 18.0 6.94694
-67.5 22.0 7.706671
-67.5 26.0 9.101453
-67.5 30.0 11.0236025
-67.5 34.0 11.324373
-67.5 38.0 14.8211775
-67.5 42.0 28.249578
-67.5 46.0 17.746168
-67.5 50.0 15.844171
-67.5 54.0 8.628195
-67.5 58.0 8.196755
-67.5 62.0 8.346533
-67.5 66.0 7.176459
-67.5 70.0 6.596774
-67.5 74.0 7.1507487
-67.5 78.0 6.2446423
-67.5 82.0 9.645405
-67.5 86.0 18.773918
-67.5 89.0 4.9212627
-62.5 -89.0 10.343901
-62.5 -86.0 27.971544
-62.5 -82.0 10.14181
-62.5 -78.0 10.703183
-62.5 -74.0 7.914997
-62.5 -70.0 8.671795
-62.5 -66.0 10.174626
-62.5 -62.0 7.9296145
-62.5 -58.0 11.016933
-62.5 -54.0 11.699443
-62.5 -50.0 11.0180235
-62.5 -46.0 12.291199
-62.5 -42.0 9.970446
-62.5 -38.0 12.845842
-62.5 -34.0 15.666996
-62.5 -30.0 9.617817
-62.5 -26.0 12.821846
-62.5 -22.0 17.850124
-62.5 -18.0 19.658373
-62.5 -14.0 1.6873287
-62.5 -10.0 6.5744705
-62.5 -6.0 0.9617249
-62.5 -2.0 1.9212766
-62.5 2.0 6.3727803
-62.5 6.0 5.613221
-62.5 10.0 5.8652935
-62.5 14.0 4.4444437
-62.5 18.0 5.7905116
-62.5 22.0 7.7742105
-62.5 26.0 4.6034045
-62.5 30.0 6.242662
-62.5 34.0 10.69971
-62.5 38.0 13.846699
-62.5 42.0 18.548573
-62.5 46.0 19.896124
-62.5 50.0 15.136165
-62.5 54.0 9.731631
-62.5 58.0 7.267748
-62.5 62.0 8.488925
-62.5 66.0 6.0923347
-62.5 70.0 6.8220825
-62.5 74.0 6.9545546
-62.5 78.0 5.7970963
-62.5 82.0 12.408405
-62.5 86.0 18.241686
-62.5 89.0 4.9212627
-57.5 -89.0 10.343901
-57.5 -86.0 25.850088
-57.5 -82.0 12.035447
-57.5 -78.0 10.160466
-57.5 -74.0 7.6702924
-57.5 -70.0 10.170351
-57.5 -66.0 8.243726
-57.5 -62.0 9.967805
-57.5 -58.0 10.830022
-57.5 -54.0 4.8057
-57.5 -50.0 6.31055
-57.5 -46.0 8.823897
-57.5 -42.0 11.817586
-57.5 -38.0 12.140889
-57.5 -34.0 12.759516
-57.5 -30.0 4.3194475
-57.5 -26.0 9.519417
-57.5 -22.0 12.746914
-57.5 -18.0 14.099458
-57.5 -14.0 2.7720802
-57.5 -10.0 6.443396
-57.5 -6.0 3.4380267
-57.5 -2.0 4.8474255
-57.5 2.0 4.9492197
-57.5 6.0 5.1048555
-57.5 10.0 5.1972747
-57.5 14.0 3.8557372
-57.5 18.0 4.5776153
-57.5 22.0 6.951765
-57.5 26.0 4.840247
-57.5 30.0 5.9576364
-57.5 34.0 11.838712
-57.5 38.0 9.938946
-57.5 42.0 14.878393
-57.5 46.0 13.068239
-57.5 50.0 10.109939
-57.5 54.0 8.595264
-57.5 58.0 6.7524586
-57.5 62.0 7.323645
-57.5 66.0 6.9510307
-57.5 70.0 6.6787915
-57.5 74.0 6.706967
-57.5 78.0 6.4513597
-57.5 82.0 9.835871
-57.5 86.0 18.214344
-57.5 89.0 4.9212627
-52.5 -89.0 10.343901
-52.5 -86.0 38.52639
-52.5 -82.0 11.685069
-52.5 -78.0 11.985048
-52.5 -74.0 8.357233
-52.5 -70.0 8.439286
-52.5 -66.0 9.33344
-52.5 -62.0 8.304678
-52.5 -58.0 10.916464
-52.5 -54.0 4.0952387
-52.5 -50.0 2.268853
-52.5 -46.0 5.522527
-52.5 -42.0 5.816875
-52.5 -38.0 9.525625
-52.5 -34.0 7.5820575
-52.5 -30.0 3.9029856
-52.5 -26.0 4.124178
-52.5 -22.0 4.1156044
-52.5 -18.0 4.729954
-52.5 -14.0 1.2319659
-52.5 -10.0 4.4556584
-52.5 -6.0 3.6359587
-52.5 -2.0 4.729116
-52.5 2.0 4.0272713
-52.5 6.0 6.563149
-52.5 10.0 3.9444032
-52.5 14.0 3.257184
-52.5 18.0 2.5501084
-52.5 22.0 3.2265255
-52.5 26.0 2.7678604
-52.5 30.0 4.574281
-52.5 34.0 5.6732664
-52.5 38.0 6.0737624
-52.5 42.0 10.464122
-52.5 46.0 7.3292766
-52.5 50.0 7.1891623
-52.5 54.0 6.781671
-52.5 58.0 6.0463505
-52.5 62.0 6.491442
-52.5 66.0 6.9856234
-52.5 70.0 7.281659
-52.5 74.0 7.244708
-52.5 78.0 6.734222
-52.5 82.0 8.712154
-52.5 86.0 17.976328
-52.5 89.0 4.9212627
-47.5 -89.0 10.343901
-47.5 -86.0 38.371544
-47.5 -82.0 11.189618
-47.5 -78.0 8.548096
-47.5 -74.0 7.9972644
-47.5 -70.0 8.924122
-47.5 -66.0 5.1077375
-47.5 -62.0 7.821271
-47.5 -58.0 6.118488
-47.5 -54.0 2.0810094
-47.5 -50.0 2.3945184
-47.5 -46.0 2.3013268
-47.5 -42.0 3.8100028
-47.5 -38.0 6.8515654
-47.5 -34.0 6.8547397
-47.5 -30.0 5.233672
-47.5 -26.0 4.3630214
-47.5 -22.0 4.1035814
-47.5 -18.0 1.8632469
-47.5 -14.0 0.76510185
-47.5 -10.0 3.7330909
-47.5 -6.0 3.18899
-47.5 -2.0 6.1323214
-47.5 2.0 5.4230347
-47.5 6.0 4.2543063
-47.5 10.0 3.2193897
-47.5 14.0 1.873114
-47.5 18.0 1.934244
-47.5 22.0 2.322523
-47.5 26.0 2.972673
-47.5 30.0 3.241887
-47.5 34.0 3.621326
-47.5 38.0 4.1882625
-47.5 42.0 5.3734865
-47.5 46.0 5.6788955
-47.5 50.0 5.4217916
-47.5 54.0 6.1303983
-47.5 58.0 6.6899986
-47.5 62.0 6.5192356
-47.5 66.0 6.618461
-47.5 70.0 7.1302404
-47.5 74.0 7.2844095
-47.5 78.0 6.1490912
-47.5 82.0 7.0316873
-47.5 86.0 18.706347
-47.5 89.0 4.9212627
-42.5 -89.0 10.343901
-42.5 -86.0 30.483074
-42.5 -82.0 12.284268
-42.5 -78.0 8.565483
-42.5 -74.0 7.380783
-42.5 -70.0 8.985901
-42.5 -66.0 6.242976
-42.5 -62.0 7.643039
-42.5 -58.0 6.179611
-42.5 -54.0 1.7953823
-42.5 -50.0 1.9567871
-42.5 -46.0 1.7693244
-42.5 -42.0 2.8645487
-42.5 -38.0 4.01814
-42.5 -34.0 7.23593
-42.5 -30.0 4.7512197
-42.5 -26.0 4.713475
-42.5 -22.0 4.1632533
-42.5 -18.0 3.4238887
-42.5 -14.0 1.4901898
-42.5 -10.0 5.8996606
-42.5 -6.0 13.987414
-42.5 -2.0 7.2475204
-42.5 2.0 5.674826
-42.5 6.0 4.007924
-42.5 10.0 2.696674
-42.5 14.0 1.4983206
-42.5 18.0 1.8481963
-42.5 22.0 2.1703963
-42.5 26.0 2.626717
-42.5 30.0 4.084214
-42.5 34.0 3.9965641
-42.5 38.0 4.7049947
-42.5 42.0 5.9526014
-42.5 46.0 4.9027267
-42.5 50.0 5.711691
-42.5 54.0 5.831603
-42.5 58.0 6.456837
-42.5 62.0 6.2880044
-42.5 66.0 6.561952
-42.5 70.0 7.1435304
-42.5 74.0 8.30251
-42.5 78.0 7.455027
-42.5 82.0 7.141424
-42.5 86.0 16.14442
-42.5 89.0 4.9212627
-37.5 -89.0 10.343901
-37.5 -86.0 40.279583
-37.5 -82.0 11.323929
-37.5 -78.0 8.248202
-37.5 -74.0 7.7004313
-37.5 -70.0 11.746541
-37.5 -66.0 11.095358
-37.5 -62.0 10.320916
-37.5 -58.0 5.460695
-37.5 -54.0 1.792661
-37.5 -50.0 1.9993218
-37.5 -46.0 1.5491695
-37.5 -42.0 3.0036628
-37.5 -38.0 3.5545502
-37.5 -34.0 7.2942367
-37.5 -30.0 4.064698
-37.5 -26.0 4.0910163
-37.5 -22.0 4.2187405
-37.5 -18.0 2.1573603
-37.5 -14.0 3.3375082
-37.5 -10.0 3.093995
-37.5 -6.0 6.268212
-37.5 -2.0 7.674586
-37.5 2.0 3.8996398
-37.5 6.0 4.447948
-37.5 10.0 2.4359193
-37.5 14.0 1.4338553
-37.5 18.0 2.5823653
-37.5 22.0 2.973597
-37.5 26.0 3.2826393
-37.5 30.0 3.9060185
-37.5 34.0 3.6983237
-37.5 38.0 4.4928193
-37.5 42.0 5.211028
-37.5 46.0 5.6054187
-37.5 50.0 5.583108
-37.5 54.0 6.0588956
-37.5 58.0 6.316739
-37.5 62.0 6.4096365
-37.5 66.0 6.629473
-37.5 70.0 6.695723
-37.5 74.0 8.166239
-37.5 78.0 7.1942005
-37.5 82.0 7.9854846
-37.5 86.0 14.680812
-37.5 89.0 4.9212627
-32.5 -89.0 10.343901
-32.5 -86.0 40.61657
-32.5 -82.0 10.614773
-32.5 -78.0 8.091553
-32.5 -74.0 9.4569845
-32.5 -70.0 8.892978
-32.5 -66.0 7.474417
-32.5 -62.0 5.9471416
-32.5 -58.0 9.557133
-32.5 -54.0 4.9243426
-32.5 -50.0 2.3113406
-32.5 -46.0 3.408979
-32.5 -42.0 4.0928392
-32.5 -38.0 4.411755
-32.5 -34.0 8.705706
-32.5 -30.0 5.5845056
-32.5 -26.0 2.0021572
-32.5 -22.0 2.8159165
-32.5 -18.0 1.0917437
-32.5 -14.0 2.187757
-32.5 -10.0 2.700232
-32.5 -6.0 6.509967
-32.5 -2.0 4.5800204
-32.5 2.0 4.1574893
-32.5 6.0 3.9121797
-32.5 10.0 3.5740564
-32.5 14.0 3.1430242
-32.5 18.0 3.626373
-32.5 22.0 3.7638173
-32.5 26.0 3.7228873
-32.5 30.0 3.7752485
-32.5 34.0 4.0657625
-32.5 38.0 3.9837775
-32.5 42.0 4.663801
-32.5 46.0 5.4963245
-32.5 50.0 5.991671
-32.5 54.0 5.265299
-32.5 58.0 5.667368
-32.5 62.0 6.517415
-32.5 66.0 7.255975
-32.5 70.0 6.9770126
-32.5 74.0 7.1804376
-32.5 78.0 6.8969913
-32.5 82.0 8.898718
-32.5 86.0 12.962865
-32.5 89.0 4.9212627
-27.5 -89.0 10.343901
-27.5 -86.0 48.394024
-27.5 -82.0 10.272234
-27.5 -78.0 7.5498004
-27.5 -74.0 11.484529
-27.5 -70.0 6.9111233
-27.5 -66.0 7.755232
-27.5 -62.0 7.485353
-27.5 -58.0 8.010757
-27.5 -54.0 8.589015
-27.5 -50.0 6.197487
-27.5 -46.0 7.825425
-27.5 -42.0 6.114353
-27.5 -38.0 5.6499596
-27.5 -34.0 6.8323073
-27.5 -30.0 5.3124237
-27.5 -26.0 3.102593
-27.5 -22.0 2.1570315
-27.5 -18.0 0.8466005
-27.5 -14.0 1.9131948
-27.5 -10.0 3.6916835
-27.5 -6.0 3.9755557
-27.5 -2.0 6.6450434
-27.5 2.0 6.397592
-27.5 6.0 6.60836
-27.5 10.0 5.335318
-27.5 14.0 4.63389
-27.5 18.0 5.5687137
-27.5 22.0 4.082256
-27.5 26.0 4.0142937
-27.5 30.0 3.4835966
-27.5 34.0 3.7588682
-27.5 38.0 3.8632264
-27.5 42.0 4.503034
-27.5 46.0 5.4011045
-27.5 50.0 5.2055807
-27.5 54.0 5.135536
-27.5 58.0 5.8288465
-27.5 62.0 6.08914
-27.5 66.0 6.6091905
-27.5 70.0 6.9255376
-27.5 74.0 7.8820086
-27.5 78.0 7.130912
-27.5 82.0 10.012979
-27.5 86.0 11.942822
-27.5 89.0 4.9212627
-22.5 -89.0 10.343901
-22.5 -86.0 44.460594
-22.5 -82.0 9.970944
-22.5 -78.0 9.3720875
-22.5 -74.0 10.237779
-22.5 -70.0 12.886542
-22.5 -66.0 10.122196
-22.5 -62.0 6.9986424
-22.5 -58.0 9.115581
-22.5 -54.0 5.412428
-22.5 -50.0 7.5181093
-22.5 -46.0 9.431492
-22.5 -42.0 5.742799
-22.5 -38.0 6.9210486
-22.5 -34.0 6.5188355
-22.5 -30.0 4.8001833
-22.5 -26.0 3.2209058
-22.5 -22.0 3.1204283
-22.5 -18.0 2.4623609
-22.5 -14.0 2.5541794
-22.5 -10.0 4.605387
-22.5 -6.0 11.572109
-22.5 -2.0 9.880278
-22.5 2.0 9.623798
-22.5 6.0 8.480232
-22.5 10.0 5.4056334
-22.5 14.0 5.8996935
-22.5 18.0 6.985838
-22.5 22.0 4.833152
-22.5 26.0 3.4337425
-22.5 30.0 3.2949667
-22.5 34.0 3.6584835
-22.5 38.0 3.8876896
-22.5 42.0 4.5562477
-22.5 46.0 5.2344956
-22.5 50.0 5.320848
-22.5 54.0 6.190215
-22.5 58.0 5.8635664
-22.5 62.0 7.424385
-22.5 66.0 6.7005076
-22.5 70.0 6.842228
-22.5 74.0 7.5950766
-22.5 78.0 7.1033635
-22.5 82.0 11.412361
-22.5 86.0 10.798108
-22.5 89.0 4.9212627
-17.5 -89.0 10.343901
-17.5 -86.0 44.00925
-17.5 -82.0 9.811192
-17.5 -78.0 8.759601
-17.5 -74.0 10.396198
-17.5 -70.0 10.630748
-17.5 -66.0 12.620213
-17.5 -62.0 12.55087
-17.5 -58.0 8.212809
-17.5 -54.0 6.543804
-17.5 -50.0 5.398548
-17.5 -46.0 9.391587
-17.5 -42.0 5.217259
-17.5 -38.0 8.652311
-17.5 -34.0 9.096416
-17.5 -30.0 4.6319447
-17.5 -26.0 3.573257
-17.5 -22.0 3.4908006
-17.5 -18.0 2.3166997
-17.5 -14.0 3.7404199
-17.5 -10.0 6.8987026
-17.5 -6.0 9.193969
-17.5 -2.0 7.7357354
-17.5 2.0 10.513224
-17.5 6.0 9.204276
-17.5 10.0 5.9660015
-17.5 14.0 6.0691576
-17.5 18.0 8.478739
-17.5 22.0 8.270424
-17.5 26.0 5.12035
-17.5 30.0 3.8254347
-17.5 34.0 3.0869412
-17.5 38.0 3.6556907
-17.5 42.0 4.399033
-17.5 46.0 4.860583
-17.5 50.0 5.5794992
-17.5 54.0 5.720785
-17.5 58.0 6.1022654
-17.5 62.0 6.6097207
-17.5 66.0 6.735805
-17.5 70.0 7.443181
-17.5 74.0 7.9585443
-17.5 78.0 6.564437
-17.5 82.0 11.531993
-17.5 86.0 10.613772
-17.5 89.0 4.9212627
-12.5 -89.0 10.343901
-12.5 -86.0 45.17372
-12.5 -82.0 10.978764
-12.5 -78.0 9.467454
-12.5 -74.0 10.675165
-12.5 -70.0 8.345207
-12.5 -66.0 9.2926035
-12.5 -62.0 8.859872
-12.5 -58.0 11.938198
-12.5 -54.0 7.981845
-12.5 -50.0 8.61893
-12.5 -46.0 10.658195
-12.5 -42.0 9.656899
-12.5 -38.0 8.07747
-12.5 -34.0 10.522232
-12.5 -30.0 6.201622
-12.5 -26.0 5.2671437
-12.5 -22.0 2.6574512
-12.5 -18.0 2.6292202
-12.5 -14.0 3.6728468
-12.5 -10.0 6.9056754
-12.5 -6.0 11.022204
-12.5 -2.0 12.221983
-12.5 2.0 13.144918
-12.5 6.0 12.290527
-12.5 10.0 6.6538415
-12.5 14.0 4.8053985
-12.5 18.0 6.6821756
-12.5 22.0 9.283884
-12.5 26.0 7.5186553
-12.5 30.0 4.8609133
-12.5 34.0 3.68089
-12.5 38.0 3.4660034
-12.5 42.0 4.8531666
-12.5 46.0 4.9042444
-12.5 50.0 5.3117127
-12.5 54.0 6.0878944
-12.5 58.0 6.402844
-12.5 62.0 6.018387
-12.5 66.0 6.6085567
-12.5 70.0 8.106324
-12.5 74.0 7.683658
-12.5 78.0 6.2806964
-12.5 82.0 12.664981
-12.5 86.0 12.828644
-12.5 89.0 4.9212627
-7.5 -89.0 10.343901
-7.5 -86.0 42.804768
-7.5 -82.0 10.860803
-7.5 -78.0 8.548707
-7.5 -74.0 7.952867
-7.5 -70.0 10.47307
-7.5 -66.0 8.881527
-7.5 -62.0 10.025715
-7.5 -58.0 8.206852
-7.5 -54.0 7.0778327
-7.5 -50.0 8.881109
-7.5 -46.0 10.980021
-7.5 -42.0 8.724686
-7.5 -38.0 9.019812
-7.5 -34.0 9.767751
-7.5 -30.0 9.771784
-7.5 -26.0 6.6179175
-7.5 -22.0 4.9643064
-7.5 -18.0 2.7667701
-7.5 -14.0 3.9427562
-7.5 -10.0 7.540244
-7.5 -6.0 15.338898
-7.5 -2.0 14.977514
-7.5 2.0 16.960321
-7.5 6.0 16.854168
-7.5 10.0 6.968516
-7.5 14.0 5.150558
-7.5 18.0 8.6261215
-7.5 22.0 10.191764
-7.5 26.0 9.064678
-7.5 30.0 6.8310223
-7.5 34.0 6.0948434
-7.5 38.0 4.1965537
-7.5 42.0 4.6158934
-7.5 46.0 5.496553
-7.5 50.0 5.9447904
-7.5 54.0 6.2570024
-7.5 58.0 5.7004323
-7.5 62.0 6.7380137
-7.5 66.0 6.822751
-7.5 70.0 6.976387
-7.5 74.0 7.246102
-7.5 78.0 7.083817
-7.5 82.0 13.719788
-7.5 86.0 13.629955
-7.5 89.0 4.9212627
-2.5 -89.0 10.343901
-2.5 -86.0 44.76729
-2.5 -82.0 9.697068
-2.5 -78.0 9.620022
-2.5 -74.0 8.165767
-2.5 -70.0 10.756984
-2.5 -66.0 9.472799
-2.5 -62.0 8.562945
-2.5 -58.0 12.83758
-2.5 -54.0 9.91668
-2.5 -50.0 6.772976
-2.5 -46.0 9.090932
-2.5 -42.0 8.4079075
-2.5 -38.0 7.4368243
-2.5 -34.0 9.663028
-2.5 -30.0 11.469056
-2.5 -26.0 8.198237
-2.5 -22.0 6.1784306
-2.5 -18.0 5.6760263
-2.5 -14.0 5.7286987
-2.5 -10.0 10.615223
-2.5 -6.0 17.861109
-2.5 -2.0 20.141943
-2.5 2.0 21.425486
-2.5 6.0 20.496464
-2.5 10.0 8.143413
-2.5 14.0 5.6822176
-2.5 18.0 7.064343
-2.5 22.0 9.16253
-2.5 26.0 9.742435
-2.5 30.0 7.174047
-2.5 34.0 7.597468
-2.5 38.0 5.050858
-2.5 42.0 5.4032626
-2.5 46.0 6.362753
-2.5 50.0 6.447225
-2.5 54.0 6.8770814
-2.5 58.0 6.976849
-2.5 62.0 6.4182787
-2.5 66.0 6.8826528
-2.5 70.0 6.450943
-2.5 74.0 7.0297337
-2.5 78.0 6.384119
-2.5 82.0 14.80455
-2.5 86.0 13.831763
-2.5 89.0 4.9212627
2.5 -89.0 10.343901
2.5 -86.0 42.057613
2.5 -82.0 10.387367
2.5 -78.0 8.88892
2.5 -74.0 10.3652115
2.5 -70.0 7.0051117
2.5 -66.0 9.203697
2.5 -62.0 9.558164
2.5 -58.0 9.520315
2.5 -54.0 10.920728
2.5 -50.0 8.303765
2.5 -46.0 9.426196
2.5 -42.0 9.112904
2.5 -38.0 5.8745046
2.5 -34.0 9.243434
2.5 -30.0 10.632911
2.5 -26.0 9.971033
2.5 -22.0 8.786965
2.5 -18.0 5.905304
2.5 -14.0 6.487587
2.5 -10.0 11.0592
2.5 -6.0 17.531767
2.5 -2.0 25.31501
2.5 2.0 23.509687
2.5 6.0 24.941519
2.5 10.0 11.867064
2.5 14.0 5.8239946
2.5 18.0 6.8755984
2.5 22.0 8.326263
2.5 26.0 7.8744526
2.5 30.0 7.8916993
2.5 34.0 6.932789
2.5 38.0 7.822197
2.5 42.0 5.6012974
2.5 46.0 5.871544
2.5 50.0 7.05247
2.5 54.0 6.4996805
2.5 58.0 6.596234
2.5 62.0 6.7869654
2.5 66.0 6.106461
2.5 70.0 6.687303
2.5 74.0 7.2986627
2.5 78.0 7.047586
2.5 82.0 14.84611
2.5 86.0 10.811189
2.5 89.0 4.9212627
7.5 -89.0 10.343901
7.5 -86.0 46.14763
7.5 -82.0 8.617499
7.5 -78.0 10.707862
7.5 -74.0 12.789985
7.5 -70.0 8.2537
7.5 -66.0 8.982406
7.5 -62.0 8.112701
7.5 -58.0 10.602286
7.5 -54.0 9.7863
7.5 -50.0 6.6652513
7.5 -46.0 8.160414
7.5 -42.0 8.681722
7.5 -38.0 8.578782
7.5 -34.0 8.57628
7.5 -30.0 9.980847
7.5 -26.0 9.657178
7.5 -22.0 6.4488373
7.5 -18.0 5.669558
7.5 -14.0 8.285055
7.5 -10.0 15.570211
7.5 -6.0 26.405905
7.5 -2.0 24.030838
7.5 2.0 28.621372
7.5 6.0 29.575891
7.5 10.0 12.418593
7.5 14.0 7.698264
7.5 18.0 8.603199
7.5 22.0 9.32806
7.5 26.0 9.098771
7.5 30.0 7.38593
7.5 34.0 7.76365
7.5 38.0 9.311132
7.5 42.0 5.986771
7.5 46.0 6.357389
7.5 50.0 7.1581097
7.5 54.0 6.4527445
7.5 58.0 6.370727
7.5 62.0 7.154135
7.5 66.0 6.1979303
7.5 70.0 7.2790117
7.5 74.0 7.492951
7.5 78.0 7.7832456
7.5 82.0 16.0149
7.5 86.0 15.099194
7.5 89.0 4.9212627
12.5 -89.0 10.343901
12.5 -86.0 52.32281
12.5 -82.0 17.63269
12.5 -78.0 23.48608
12.5 -74.0 9.456607
12.5 -70.0 7.929498
12.5 -66.0 8.01302
12.5 -62.0 9.497931
12.5 -58.0 12.291071
12.5 -54.0 7.557779
12.5 -50.0 11.835425
12.5 -46.0 11.818855
12.5 -42.0 8.945237
12.5 -38.0 8.738514
12.5 -34.0 9.27208
12.5 -30.0 10.483224
12.5 -26.0 9.93115
12.5 -22.0 10.749816
12.5 -18.0 7.696227
12.5 -14.0 10.21291
12.5 -10.0 18.55189
12.5 -6.0 25.105343
12.5 -2.0 36.39994
12.5 2.0 38.089306
12.5 6.0 27.217175
12.5 10.0 16.964678
12.5 14.0 9.765939
12.5 18.0 6.5728803
12.5 22.0 8.651405
12.5 26.0 8.490259
12.5 30.0 8.555709
12.5 34.0 10.020244
12.5 38.0 9.7183895
12.5 42.0 8.328712
12.5 46.0 7.479266
12.5 50.0 8.102663
12.5 54.0 6.433191
12.5 58.0 6.6972985
12.5 62.0 7.8201494
12.5 66.0 6.9492297
12.5 70.0 6.97132
12.5 74.0 7.914924
12.5 78.0 7.428457
12.5 82.0 14.799265
12.5 86.0 13.703795
12.5 89.0 4.9212627
17.5 -89.0 10.343901
17.5 -86.0 45.027885
17.5 -82.0 24.450249
17.5 -78.0 16.752094
17.5 -74.0 9.174385
17.5 -70.0 6.944306
17.5 -66.0 8.319871
17.5 -62.0 8.6850605
17.5 -58.0 10.734732
17.5 -54.0 9.423566
17.5 -50.0 9.958901
17.5 -46.0 7.417123
17.5 -42.0 6.7673635
17.5 -38.0 6.8009233
17.5 -34.0 9.733127
17.5 -30.0 10.769521
17.5 -26.0 11.04963
17.5 -22.0 10.648515
17.5 -18.0 11.831547
17.5 -14.0 14.707675
17.5 -10.0 34.338043
17.5 -6.0 28.936682
17.5 -2.0 26.981588
17.5 2.0 44.492382
17.5 6.0 34.637333
17.5 10.0 21.290518
17.5 14.0 7.6261125
17.5 18.0 7.074506
17.5 22.0 10.051803
17.5 26.0 10.5736
17.5 30.0 10.142676
17.5 34.0 9.266648
17.5 38.0 9.881508
17.5 42.0 7.783931
17.5 46.0 7.0446906
17.5 50.0 7.860918
17.5 54.0 6.3614163
17.5 58.0 7.0592394
17.5 62.0 7.7862706
17.5 66.0 7.444335
17.5 70.0 6.909181
17.5 74.0 7.9855213
17.5 78.0 7.369166
17.5 82.0 16.71756
17.5 86.0 14.60559
17.5 89.0 4.9212627
22.5 -89.0 10.343901
22.5 -86.0 45.49489
22.5 -82.0 17.677525
22.5 -78.0 6.5847883
22.5 -74.0 8.439091
22.5 -70.0 6.779216
22.5 -66.0 9.596815
22.5 -62.0 7.343992
22.5 -58.0 10.854132
22.5 -54.0 7.5879464
22.5 -50.0 10.69254
22.5 -46.0 13.101603
22.5 -42.0 11.051466
22.5 -38.0 10.022578
22.5 -34.0 12.2048235
22.5 -30.0 9.486371
22.5 -26.0 9.986283
22.5 -22.0 9.944389
22.5 -18.0 13.289667
22.5 -14.0 18.244324
22.5 -10.0 25.994751
22.5 -6.0 51.628613
22.5 -2.0 42.308212
22.5 2.0 38.116146
22.5 6.0 35.308388
22.5 10.0 20.423737
22.5 14.0 11.005888
22.5 18.0 7.3155985
22.5 22.0 12.668628
22.5 26.0 13.322492
22.5 30.0 9.941487
22.5 34.0 11.872475
22.5 38.0 8.148463
22.5 42.0 6.0089254
22.5 46.0 7.5667253
22.5 50.0 8.26159
22.5 54.0 7.9495683
22.5 58.0 7.3831615
22.5 62.0 7.5386286
22.5 66.0 7.4358945
22.5 70.0 7.740648
22.5 74.0 8.248089
22.5 78.0 7.935912
22.5 82.0 15.758256
22.5 86.0 16.506573
22.5 89.0 4.9212627
27.5 -89.0 10.343901
27.5 -86.0 40.94845
27.5 -82.0 17.778502
27.5 -78.0 10.625437
27.5 -74.0 7.8853455
27.5 -70.0 5.571087
27.5 -66.0 13.338568
27.5 -62.0 7.573986
27.5 -58.0 10.823735
27.5 -54.0 13.204546
27.5 -50.0 7.2959623
27.5 -46.0 7.122708
27.5 -42.0 13.317782
27.5 -38.0 9.83138
27.5 -34.0 11.597919
27.5 -30.0 11.337211
27.5 -26.0 8.500523
27.5 -22.0 9.584599
27.5 -18.0 13.367725
27.5 -14.0 18.602083
27.5 -10.0 29.62095
27.5 -6.0 41.74056
27.5 -2.0 42.561096
27.5 2.0 34.19628
27.5 6.0 31.222612
27.5 10.0 32.13561
27.5 14.0 15.599978
27.5 18.0 10.619513
27.5 22.0 12.470811
27.5 26.0 13.628894
27.5 30.0 9.229344
27.5 34.0 10.65279
27.5 38.0 10.105005
27.5 42.0 7.7377896
27.5 46.0 8.66684
27.5 50.0 5.54257
27.5 54.0 8.744795
27.5 58.0 8.066156
27.5 62.0 7.889589
27.5 66.0 7.9106917
27.5 70.0 7.4764957
27.5 74.0 8.333621
27.5 78.0 7.7599363
27.5 82.0 15.065596
27.5 86.0 16.747686
27.5 89.0 4.9212627
32.5 -89.0 10.343901
32.5 -86.0 36.173073
32.5 -82.0 13.361637
32.5 -78.0 9.194348
32.5 -74.0 8.094602
32.5 -70.0 13.135498
32.5 -66.0 9.816849
32.5 -62.0 10.488911
32.5 -58.0 8.648505
32.5 -54.0 9.789854
32.5 -50.0 10.604431
32.5 -46.0 7.7560854
32.5 -42.0 7.8277802
32.5 -38.0 5.8787937
32.5 -34.0 9.694802
32.5 -30.0 8.817507
32.5 -26.0 9.314605
32.5 -22.0 12.359063
32.5 -18.0 11.917674
32.5 -14.0 22.509993
32.5 -10.0 40.687206
32.5 -6.0 32.72627
32.5 -2.0 30.616985
32.5 2.0 33.789673
32.5 6.0 32.464798
32.5 10.0 25.842766
32.5 14.0 12.994616
32.5 18.0 11.179105
32.5 22.0 13.688513
32.5 26.0 13.081112
32.5 30.0 16.67295
32.5 34.0 14.947202
32.5 38.0 11.552636
32.5 42.0 9.113574
32.5 46.0 7.455407
32.5 50.0 9.502068
32.5 54.0 9.428124
32.5 58.0 8.043005
32.5 62.0 8.259803
32.5 66.0 8.845878
32.5 70.0 7.582263
32.5 74.0 8.275348
32.5 78.0 7.1439633
32.5 82.0 15.480664
32.5 86.0 17.596607
32.5 89.0 4.9212627
37.5 -89.0 10.343901
37.5 -86.0 31.45583
37.5 -82.0 11.334803
37.5 -78.0 8.127359
37.5 -74.0 8.31771
37.5 -70.0 8.383637
37.5 -66.0 5.8872104
37.5 -62.0 12.853454
37.5 -58.0 9.063633
37.5 -54.0 8.219816
37.5 -50.0 8.859648
37.5 -46.0 6.881021
37.5 -42.0 9.008528
37.5 -38.0 7.822457
37.5 -34.0 7.82367
37.5 -30.0 10.184584
37.5 -26.0 14.058374
37.5 -22.0 15.038685
37.5 -18.0 10.960789
37.5 -14.0 23.630835
37.5 -10.0 24.953627
37.5 -6.0 27.40096
37.5 -2.0 21.797812
37.5 2.0 20.327547
37.5 6.0 23.759586
37.5 10.0 35.055984
37.5 14.0 14.016876
37.5 18.0 16.269417
37.5 22.0 16.443018
37.5 26.0 12.606842
37.5 30.0 15.623869
37.5 34.0 14.515534
37.5 38.0 13.355419
37.5 42.0 11.15667
37.5 46.0 9.646006
37.5 50.0 8.306333
37.5 54.0 8.389012
37.5 58.0 8.399164
37.5 62.0 7.938103
37.5 66.0 7.326349
37.5 70.0 7.396765
37.5 74.0 7.787031
37.5 78.0 6.7600374
37.5 82.0 12.701584
37.5 86.0 17.621864
37.5 89.0 4.9212627
42.5 -89.0 10.343901
42.5 -86.0 33.34989
42.5 -82.0 14.626689
42.5 -78.0 9.2853565
42.5 -74.0 14.843169
42.5 -70.0 9.477024
42.5 -66.0 11.132139
42.5 -62.0 13.0629225
42.5 -58.0 9.098881
42.5 -54.0 7.683223
42.5 -50.0 3.5088916
42.5 -46.0 3.959914
42.5 -42.0 3.1498895
42.5 -38.0 5.05537
42.5 -34.0 11.1249075
42.5 -30.0 8.945752
42.5 -26.0 9.059094
42.5 -22.0 9.336943
42.5 -18.0 11.382088
42.5 -14.0 24.712572
42.5 -10.0 30.651009
42.5 -6.0 16.055363
42.5 -2.0 14.163296
42.5 2.0 20.783789
42.5 6.0 33.14713
42.5 10.0 41.321026
42.5 14.0 22.95627
42.5 18.0 16.327255
42.5 22.0 19.6871
42.5 26.0 13.042508
42.5 30.0 14.6932955
42.5 34.0 17.502607
42.5 38.0 19.587486
42.5 42.0 9.516039
42.5 46.0 10.095511
42.5 50.0 9.068274
42.5 54.0 8.31979
42.5 58.0 7.892444
42.5 62.0 7.363083
42.5 66.0 7.601164
42.5 70.0 7.9671226
42.5 74.0 8.004948
42.5 78.0 6.147409
42.5 82.0 12.49187
42.5 86.0 18.234049
42.5 89.0 4.9212627
47.5 -89.0 10.343901
47.5 -86.0 29.558645
47.5 -82.0 13.566417
47.5 -78.0 8.013917
47.5 -74.0 10.734024
47.5 -70.0 8.90642
47.5 -66.0 13.065318
47.5 -62.0 7.8137865
47.5 -58.0 11.410795
47.5 -54.0 6.484317
47.5 -50.0 2.6180348
47.5 -46.0 1.8996843
47.5 -42.0 0.6688227
47.5 -38.0 0.5930394
47.5 -34.0 4.724583
47.5 -30.0 10.457317
47.5 -26.0 9.456861
47.5 -22.0 8.60899
47.5 -18.0 11.019847
47.5 -14.0 28.503002
47.5 -10.0 24.571247
47.5 -6.0 13.595999
47.5 -2.0 13.390298
47.5 2.0 20.824358
47.5 6.0 40.546284
47.5 10.0 38.202797
47.5 14.0 30.902895
47.5 18.0 18.381845
47.5 22.0 18.534866
47.5 26.0 12.752746
47.5 30.0 8.437084
47.5 34.0 16.310186
47.5 38.0 26.823029
47.5 42.0 13.670555
47.5 46.0 10.374051
47.5 50.0 7.848629
47.5 54.0 9.073634
47.5 58.0 7.4792204
47.5 62.0 7.640485
47.5 66.0 7.9788265
47.5 70.0 8.198507
47.5 74.0 8.4077215
47.5 78.0 6.797012
47.5 82.0 9.832127
47.5 86.0 19.196808
47.5 89.0 4.9212627
52.5 -89.0 10.343901
52.5 -86.0 33.543137
52.5 -82.0 10.8334255
52.5 -78.0 9.678361
52.5 -74.0 11.06276
52.5 -70.0 10.026922
52.5 -66.0 7.7112226
52.5 -62.0 7.453725
52.5 -58.0 15.6812
52.5 -54.0 7.32641
52.5 -50.0 2.1876779
52.5 -46.0 0.8215444
52.5 -42.0 0.2792036
52.5 -38.0 0.21799248
52.5 -34.0 0.75925285
52.5 -30.0 7.156135
52.5 -26.0 9.371102
52.5 -22.0 8.148103
52.5 -18.0 8.184782
52.5 -14.0 18.520765
52.5 -10.0 21.58862
52.5 -6.0 13.477125
52.5 -2.0 16.65635
52.5 2.0 17.791922
52.5 6.0 35.91681
52.5 10.0 71.12601
52.5 14.0 44.66124
52.5 18.0 22.774397
52.5 22.0 17.09214
52.5 26.0 14.513052
52.5 30.0 10.297517
52.5 34.0 20.05252
52.5 38.0 26.159851
52.5 42.0 9.774012
52.5 46.0 12.299733
52.5 50.0 9.947966
52.5 54.0 8.089918
52.5 58.0 7.5475106
52.5 62.0 7.8216953
52.5 66.0 7.3868623
52.5 70.0 7.578199
52.5 74.0 7.887815
52.5 78.0 6.079675
52.5 82.0 10.170251
52.5 86.0 18.198322
52.5 89.0 4.9212627
57.5 -89.0 10.343901
57.5 -86.0 36.27381
57.5 -82.0 11.127902
57.5 -78.0 10.518068
57.5 -74.0 11.8722515
57.5 -70.0 8.421692
57.5 -66.0 9.379235
57.5 -62.0 14.872355
57.5 -58.0 14.756509
57.5 -54.0 9.445156
57.5 -50.0 2.2508726
57.5 -46.0 0.45396832
57.5 -42.0 0.6377217
57.5 -38.0 1.4471991
57.5 -34.0 1.1058925
57.5 -30.0 2.702205
57.5 -26.0 4.6592736
57.5 -22.0 6.269427
57.5 -18.0 10.938153
57.5 -14.0 9.95703
57.5 -10.0 12.764794
57.5 -6.0 7.7055187
57.5 -2.0 9.88816
57.5 2.0 18.210167
57.5 6.0 27.944775
57.5 10.0 54.561413
57.5 14.0 34.3985
57.5 18.0 23.17085
57.5 22.0 20.34419
57.5 26.0 15.44234
57.5 30.0 16.838413
57.5 34.0 13.9847355
57.5 38.0 9.550702
57.5 42.0 9.703007
57.5 46.0 10.131252
57.5 50.0 8.411054
57.5 54.0 7.4060674
57.5 58.0 7.398064
57.5 62.0 7.784483
57.5 66.0 7.6042995
57.5 70.0 7.8643093
57.5 74.0 8.430453
57.5 78.0 6.4497375
57.5 82.0 10.462749
57.5 86.0 17.433289
57.5 89.0 4.9212627
62.5 -89.0 10.343901
62.5 -86.0 37.16145
62.5 -82.0 11.593992
62.5 -78.0 11.425894
62.5 -74.0 12.924227
62.5 -70.0 6.512378
62.5 -66.0 12.140969
62.5 -62.0 11.428443
62.5 -58.0 28.5899
62.5 -54.0 6.15037
62.5 -50.0 0.7711189
62.5 -46.0 0.92835164
62.5 -42.0 2.2552025
62.5 -38.0 2.6775067
62.5 -34.0 2.614593
62.5 -30.0 1.9196527
62.5 -26.0 4.9554906
62.5 -22.0 6.282476
62.5 -18.0 9.183032
62.5 -14.0 12.473875
62.5 -10.0 10.1291275
62.5 -6.0 10.736605
62.5 -2.0 11.925533
62.5 2.0 19.863726
62.5 6.0 34.240414
62.5 10.0 57.4586
62.5 14.0 43.166584
62.5 18.0 17.432579
62.5 22.0 11.790939
62.5 26.0 15.905755
62.5 30.0 14.729617
62.5 34.0 10.018382
62.5 38.0 9.53885
62.5 42.0 9.006384
62.5 46.0 9.141404
62.5 50.0 8.317206
62.5 54.0 8.7343235
62.5 58.0 9.01878
62.5 62.0 8.498568
62.5 66.0 7.7469974
62.5 70.0 7.8767757
62.5 74.0 8.399495
62.5 78.0 6.9829426
62.5 82.0 10.695391
62.5 86.0 15.481602
62.5 89.0 4.9212627
67.5 -89.0 10.343901
67.5 -86.0 32.60273
67.5 -82.0 12.373362
67.5 -78.0 9.1780405
67.5 -74.0 14.87622
67.5 -70.0 5.6949687
67.5 -66.0 10.103142
67.5 -62.0 13.083149
67.5 -58.0 12.859245
67.5 -54.0 2.8726358
67.5 -50.0 0.49119058
67.5 -46.0 1.7945385
67.5 -42.0 2.39916
67.5 -38.0 2.55314
67.5 -34.0 3.766828
67.5 -30.0 4.493839
67.5 -26.0 8.5700865
67.5 -22.0 7.360259
67.5 -18.0 12.485737
67.5 -14.0 20.066553
67.5 -10.0 11.630073
67.5 -6.0 12.1026325
67.5 -2.0 13.638101
67.5 2.0 18.557095
67.5 6.0 24.401297
67.5 10.0 43.773743
67.5 14.0 28.337484
67.5 18.0 15.023421
67.5 22.0 9.95749
67.5 26.0 13.868416
67.5 30.0 16.654766
67.5 34.0 10.933331
67.5 38.0 8.915883
67.5 42.0 7.2870502
67.5 46.0 7.308059
67.5 50.0 7.637146
67.5 54.0 8.445297
67.5 58.0 9.117837
67.5 62.0 8.80352
67.5 66.0 8.290636
67.5 70.0 8.745647
67.5 74.0 7.9737663
67.5 78.0 6.879536
67.5 82.0 10.737832
67.5 86.0 16.169436
67.5 89.0 4.9212627
72.5 -89.0 10.343901
72.5 -86.0 33.19495
72.5 -82.0 14.213755
72.5 -78.0 7.4292817
72.5 -74.0 11.662188
72.5 -70.0 8.844183
72.5 -66.0 6.0517707
72.5 -62.0 8.923083
72.5 -58.0 8.03273
72.5 -54.0 1.7275356
72.5 -50.0 0.5971321
72.5 -46.0 2.095535
72.5 -42.0 3.057083
72.5 -38.0 2.5933776
72.5 -34.0 2.696493
72.5 -30.0 3.5612047
72.5 -26.0 7.201491
72.5 -22.0 8.704137
72.5 -18.0 20.944996
72.5 -14.0 21.359056
72.5 -10.0 14.186338
72.5 -6.0 13.165192
72.5 -2.0 17.611525
72.5 2.0 15.41228
72.5 6.0 24.70902
72.5 10.0 23.415955
72.5 14.0 12.137752
72.5 18.0 5.628125
72.5 22.0 8.992813
72.5 26.0 14.677884
72.5 30.0 8.863162
72.5 34.0 8.216027
72.5 38.0 7.546143
72.5 42.0 6.730784
72.5 46.0 7.387919
72.5 50.0 8.061577
72.5 54.0 8.580998
72.5 58.0 8.626682
72.5 62.0 9.702519
72.5 66.0 8.752552
72.5 70.0 8.783899
72.5 74.0 8.482256
72.5 78.0 7.325947
72.5 82.0 10.392456
72.5 86.0 16.527594
72.5 89.0 4.9212627
77.5 -89.0 10.343901
77.5 -86.0 32.230053
77.5 -82.0 16.381746
77.5 -78.0 8.554042
77.5 -74.0 13.4322195
77.5 -70.0 9.472922
77.5 -66.0 4.712246
77.5 -62.0 7.5891213
77.5 -58.0 4.452203
77.5 -54.0 1.8950349
77.5 -50.0 1.2184843
77.5 -46.0 1.8306595
77.5 -42.0 1.6707498
77.5 -38.0 1.7661281
77.5 -34.0 1.9716665
77.5 -30.0 4.9754386
77.5 -26.0 7.601388
77.5 -22.0 14.451501
77.5 -18.0 24.673101
77.5 -14.0 28.742022
77.5 -10.0 11.310246
77.5 -6.0 9.9577875
77.5 -2.0 10.723015
77.5 2.0 15.63948
77.5 6.0 17.986149
77.5 10.0 6.7902174
77.5 14.0 2.376904
77.5 18.0 2.0392134
77.5 22.0 7.3799367
77.5 26.0 11.848597
77.5 30.0 5.607124
77.5 34.0 5.2878227
77.5 38.0 6.4530253
77.5 42.0 6.057031
77.5 46.0 6.0877857
77.5 50.0 6.8816657
77.5 54.0 7.833122
77.5 58.0 8.780497
77.5 62.0 9.309214
77.5 66.0 8.617587
77.5 70.0 8.872599
77.5 74.0 8.417193
77.5 78.0 7.594597
77.5 82.0 10.680586
77.5 86.0 16.762564
77.5 89.0 4.9212627
82.5 -89.0 10.343901
82.5 -86.0 32.978252
82.5 -82.0 15.488696
82.5 -78.0 6.5858088
82.5 -74.0 10.248198
82.5 -70.0 8.130474
82.5 -66.0 9.157521
82.5 -62.0 8.183389
82.5 -58.0 4.550589
82.5 -54.0 1.5284195
82.5 -50.0 0.9136612
82.5 -46.0 1.111968
82.5 -42.0 1.1525867
82.5 -38.0 1.6955707
82.5 -34.0 3.4945095
82.5 -30.0 5.201502
82.5 -26.0 11.596616
82.5 -22.0 19.01514
82.5 -18.0 45.54265
82.5 -14.0 76.76901
82.5 -10.0 19.920967
82.5 -6.0 12.980678
82.5 -2.0 18.364662
82.5 2.0 10.096126
82.5 6.0 5.510805
82.5 10.0 3.0580895
82.5 14.0 1.4749173
82.5 18.0 1.4872714
82.5 22.0 4.2904124
82.5 26.0 7.496065
82.5 30.0 4.790955
82.5 34.0 3.9512248
82.5 38.0 4.944439
82.5 42.0 5.231541
82.5 46.0 5.9617767
82.5 50.0 6.932184
82.5 54.0 6.962774
82.5 58.0 8.170881
82.5 62.0 8.523256
82.5 66.0 9.783393
82.5 70.0 9.158341
82.5 74.0 7.911646
82.5 78.0 7.579337
82.5 82.0 11.781893
82.5 86.0 16.0275
82.5 89.0 4.9212627
87.5 -89.0 10.343901
87.5 -86.0 44.572365
87.5 -82.0 12.61757
87.5 -78.0 7.0182695
87.5 -74.0 8.040873
87.5 -70.0 8.539649
87.5 -66.0 6.663788
87.5 -62.0 6.5885477
87.5 -58.0 4.6953325
87.5 -54.0 2.9216394
87.5 -50.0 1.0334713
87.5 -46.0 0.80853635
87.5 -42.0 1.4147052
87.5 -38.0 2.1011744
87.5 -34.0 4.6740603
87.5 -30.0 5.207364
87.5 -26.0 7.5088253
87.5 -22.0 15.604631
87.5 -18.0 39.29985
87.5 -14.0 76.657326
87.5 -10.0 26.204618
87.5 -6.0 20.55552
87.5 -2.0 19.361162
87.5 2.0 7.4327984
87.5 6.0 4.569555
87.5 10.0 3.1728773
87.5 14.0 2.39895
87.5 18.0 2.5091262
87.5 22.0 3.9019234
87.5 26.0 6.144908
87.5 30.0 3.511568
87.5 34.0 3.914071
87.5 38.0 4.679198
87.5 42.0 4.3440332
87.5 46.0 5.9688907
87.5 50.0 5.8234515
87.5 54.0 6.4142957
87.5 58.0 7.36389
87.5 62.0 7.897266
87.5 66.0 9.558293
87.5 70.0 9.687209
87.5 74.0 8.94607
87.5 78.0 7.4610877
87.5 82.0 11.25788
87.5 86.0 17.181435
87.5 89.0 4.9212627
92.5 -89.0 10.343901
92.5 -86.0 31.50681
92.5 -82.0 8.06421
92.5 -78.0 5.8998866
92.5 -74.0 8.310417
92.5 -70.0 9.600512
92.5 -66.0 8.668322
92.5 -62.0 9.218668
92.5 -58.0 5.751135
92.5 -54.0 3.0536082
92.5 -50.0 2.7846532
92.5 -46.0 0.6288523
92.5 -42.0 0.9105674
92.5 -38.0 1.8669672
92.5 -34.0 3.236024
92.5 -30.0 6.438193
92.5 -26.0 10.080808
92.5 -22.0 25.539543
92.5 -18.0 29.914625
92.5 -14.0 44.017036
92.5 -10.0 19.829477
92.5 -6.0 16.134485
92.5 -2.0 19.145817
92.5 2.0 13.929128
92.5 6.0 5.2445655
92.5 10.0 5.5875163
92.5 14.0 4.167056
92.5 18.0 4.0899053
92.5 22.0 4.0215077
92.5 26.0 4.6539197
92.5 30.0 4.204766
92.5 34.0 3.9275923
92.5 38.0 4.358251
92.5 42.0 4.111796
92.5 46.0 5.5652094
92.5 50.0 6.1051955
92.5 54.0 7.6787243
92.5 58.0 7.540543
92.5 62.0 8.16009
92.5 66.0 9.329518
92.5 70.0 10.389108
92.5 74.0 8.653704
92.5 78.0 7.465296
92.5 82.0 10.612225
92.5 86.0 16.76218
92.5 89.0 4.9212627
97.5 -89.0 10.343901
97.5 -86.0 9.825614
97.5 -82.0 7.435838
97.5 -78.0 6.3203077
97.5 -74.0 9.181649
97.5 -70.0 11.246952
97.5 -66.0 12.303465
97.5 -62.0 9.317453
97.5 -58.0 13.48744
97.5 -54.0 7.6653247
97.5 -50.0 6.675615
97.5 -46.0 4.002027
97.5 -42.0 2.6250668
97.5 -38.0 4.3965054
97.5 -34.0 3.8805943
97.5 -30.0 5.428104
97.5 -26.0 10.0667515
97.5 -22.0 14.850167
97.5 -18.0 18.528315
97.5 -14.0 13.098205
97.5 -10.0 11.152992
97.5 -6.0 17.948328
97.5 -2.0 27.395527
97.5 2.0 30.281351
97.5 6.0 16.803713
97.5 10.0 7.4226875
97.5 14.0 5.879923
97.5 18.0 4.016158
97.5 22.0 3.7239764
97.5 26.0 4.235979
97.5 30.0 3.780766
97.5 34.0 3.6090088
97.5 38.0 4.0379877
97.5 42.0 4.168475
97.5 46.0 4.811426
97.5 50.0 5.6291175
97.5 54.0 7.244471
97.5 58.0 7.283401
97.5 62.0 8.92119
97.5 66.0 9.390172
97.5 70.0 9.192975
97.5 74.0 9.210173
97.5 78.0 7.6327963
97.5 82.0 10.667588
97.5 86.0 16.722471
97.5 89.0 4.9212627
102.5 -89.0 10.343901
102.5 -86.0 18.406233
102.5 -82.0 15.169838
102.5 -78.0 7.984123
102.5 -74.0 16.562328
102.5 -70.0 10.457328
102.5 -66.0 14.402916
102.5 -62.0 10.571716
102.5 -58.0 4.310348
102.5 -54.0 10.674319
102.5 -50.0 9.8108425
102.5 -46.0 6.6999326
102.5 -42.0 4.726329
102.5 -38.0 11.443597
102.5 -34.0 9.541504
102.5 -30.0 8.139063
102.5 -26.0 11.8263445
102.5 -22.0 12.285439
102.5 -18.0 8.8188715
102.5 -14.0 9.249238
102.5 -10.0 10.2073345
102.5 -6.0 16.110943
102.5 -2.0 23.73657
102.5 2.0 21.131697
102.5 6.0 14.820324
102.5 10.0 10.473452
102.5 14.0 6.994206
102.5 18.0 4.8152175
102.5 22.0 3.3991337
102.5 26.0 3.550769
102.5 30.0 3.6363473
102.5 34.0 3.2054706
102.5 38.0 2.828305
102.5 42.0 3.7736495
102.5 46.0 4.794201
102.5 50.0 5.566608
102.5 54.0 6.5440106
102.5 58.0 7.437742
102.5 62.0 8.020037
102.5 66.0 9.533947
102.5 70.0 8.612936
102.5 74.0 9.857818
102.5 78.0 7.5374312
102.5 82.0 9.644413
102.5 86.0 17.59023
102.5 89.0 4.9212627
107.5 -89.0 10.343901
107.5 -86.0 21.185825
107.5 -82.0 18.698395
107.5 -78.0 7.6747136
107.5 -74.0 10.37927
107.5 -70.0 11.285892
107.5 -66.0 8.337127
107.5 -62.0 7.9839144
107.5 -58.0 10.394902
107.5 -54.0 10.577947
107.5 -50.0 11.694226
107.5 -46.0 10.34945
107.5 -42.0 9.013391
107.5 -38.0 13.062362
107.5 -34.0 13.630397
107.5 -30.0 9.26269
107.5 -26.0 10.912585
107.5 -22.0 12.9563265
107.5 -18.0 6.0132313
107.5 -14.0 7.2556543
107.5 -10.0 11.515751
107.5 -6.0 14.430078
107.5 -2.0 16.44649
107.5 2.0 15.116077
107.5 6.0 17.311754
107.5 10.0 13.930807
107.5 14.0 5.9413505
107.5 18.0 4.3724065
107.5 22.0 4.002073
107.5 26.0 4.07803
107.5 30.0 3.331062
107.5 34.0 3.2244897
107.5 38.0 2.6759968
107.5 42.0 3.332619
107.5 46.0 3.9723198
107.5 50.0 5.030214
107.5 54.0 6.289413
107.5 58.0 7.680712
107.5 62.0 7.85137
107.5 66.0 8.034019
107.5 70.0 8.7736435
107.5 74.0 8.876797
107.5 78.0 7.786786
107.5 82.0 9.125469
107.5 86.0 19.12866
107.5 89.0 4.9212627
112.5 -89.0 10.343901
112.5 -86.0 28.459715
112.5 -82.0 17.370556
112.5 -78.0 8.210612
112.5 -74.0 14.107033
112.5 -70.0 8.816451
112.5 -66.0 12.909646
112.5 -62.0 12.955068
112.5 -58.0 10.97053
112.5 -54.0 10.352433
112.5 -50.0 13.331802
112.5 -46.0 9.312162
112.5 -42.0 8.359811
112.5 -38.0 8.605992
112.5 -34.0 12.94062
112.5 -30.0 10.917001
112.5 -26.0 9.226352
112.5 -22.0 9.369091
112.5 -18.0 7.35115
112.5 -14.0 10.559619
112.5 -10.0 15.255302
112.5 -6.0 14.114376
112.5 -2.0 14.440985
112.5 2.0 17.297194
112.5 6.0 17.236784
112.5 10.0 8.670761
112.5 14.0 6.228879
112.5 18.0 4.27486
112.5 22.0 3.5248885
112.5 26.0 3.7460818
112.5 30.0 3.0045927
112.5 34.0 2.73521
112.5 38.0 2.7142653
112.5 42.0 4.0511637
112.5 46.0 4.283066
112.5 50.0 5.060828
112.5 54.0 7.074583
112.5 58.0 7.4234385
112.5 62.0 7.8453894
112.5 66.0 8.398804
112.5 70.0 8.996255
112.5 74.0 9.1609535
112.5 78.0 7.855585
112.5 82.0 8.346872
112.5 86.0 17.191175
112.5 89.0 4.9212627
117.5 -89.0 10.343901
117.5 -86.0 29.49067
117.5 -82.0 14.299157
117.5 -78.0 9.367622
117.5 -74.0 7.0338483
117.5 -70.0 8.234978
117.5 -66.0 12.170176
117.5 -62.0 18.282991
117.5 -58.0 14.213201
117.5 -54.0 11.504358
117.5 -50.0 8.696003
117.5 -46.0 10.303149
117.5 -42.0 7.425379
117.5 -38.0 7.2884517
117.5 -34.0 9.205088
117.5 -30.0 9.268438
117.5 -26.0 9.163462
117.5 -22.0 9.893477
117.5 -18.0 10.026817
117.5 -14.0 14.271673
117.5 -10.0 15.501712
117.5 -6.0 14.741575
117.5 -2.0 19.855972
117.5 2.0 22.22061
117.5 6.0 20.380278
117.5 10.0 7.1807384
117.5 14.0 5.5010242
117.5 18.0 4.1361637
117.5 22.0 3.3046594
117.5 26.0 3.3504586
117.5 30.0 3.4184828
117.5 34.0 3.382553
117.5 38.0 3.6671052
117.5 42.0 4.163064
117.5 46.0 4.038463
117.5 50.0 5.410418
117.5 54.0 6.253662
117.5 58.0 6.691421
117.5 62.0 7.9116883
117.5 66.0 7.9327736
117.5 70.0 9.099732
117.5 74.0 8.56108
117.5 78.0 7.8566823
117.5 82.0 7.520007
117.5 86.0 16.238298
117.5 89.0 4.9212627
122.5 -89.0 10.343901
122.5 -86.0 33.653755
122.5 -82.0 12.874988
122.5 -78.0 12.34941
122.5 -74.0 12.080477
122.5 -70.0 8.0433855
122.5 -66.0 10.793849
122.5 -62.0 12.572312
122.5 -58.0 12.471083
122.5 -54.0 10.024685
122.5 -50.0 8.192336
122.5 -46.0 12.592875
122.5 -42.0 7.491687
122.5 -38.0 7.4823313
122.5 -34.0 10.154871
122.5 -30.0 7.714854
122.5 -26.0 11.486828
122.5 -22.0 13.5463295
122.5 -18.0 14.3488
122.5 -14.0 12.64051
122.5 -10.0 20.008274
122.5 -6.0 20.623417
122.5 -2.0 17.442083
122.5 2.0 8.929268
122.5 6.0 7.090172
122.5 10.0 5.923033
122.5 14.0 4.816636
122.5 18.0 4.3981504
122.5 22.0 3.668428
122.5 26.0 3.2123525
122.5 30.0 3.5854897
122.5 34.0 3.262433
122.5 38.0 3.3316886
122.5 42.0 4.138748
122.5 46.0 4.739393
122.5 50.0 5.4596615
122.5 54.0 5.975367
122.5 58.0 6.5514874
122.5 62.0 7.3791676
122.5 66.0 7.636474
122.5 70.0 7.5820923
122.5 74.0 8.429238
122.5 78.0 7.0982776
122.5 82.0 8.256848
122.5 86.0 17.128405
122.5 89.0 4.9212627
127.5 -89.0 10.343901
127.5 -86.0 31.688723
127.5 -82.0 15.566012
127.5 -78.0 8.125283
127.5 -74.0 7.562867
127.5 -70.0 11.067278
127.5 -66.0 8.218257
127.5 -62.0 15.935671
127.5 -58.0 10.829737
127.5 -54.0 5.4286814
127.5 -50.0 9.437051
127.5 -46.0 11.222355
127.5 -42.0 10.740976
127.5 -38.0 8.071478
127.5 -34.0 13.789518
127.5 -30.0 11.462374
127.5 -26.0 17.24194
127.5 -22.0 11.567751
127.5 -18.0 12.515026
127.5 -14.0 11.074041
127.5 -10.0 17.831781
127.5 -6.0 13.894741
127.5 -2.0 8.460179
127.5 2.0 4.411963
127.5 6.0 5.5949817
127.5 10.0 5.5721536
127.5 14.0 4.7368307
127.5 18.0 5.1331463
127.5 22.0 4.4551053
127.5 26.0 3.195296
127.5 30.0 4.090384
127.5 34.0 4.2570076
127.5 38.0 3.7382152
127.5 42.0 4.427813
127.5 46.0 4.405704
127.5 50.0 5.630917
127.5 54.0 6.831936
127.5 58.0 6.2943416
127.5 62.0 7.34589
127.5 66.0 7.6229806
127.5 70.0 8.447964
127.5 74.0 8.778573
127.5 78.0 7.189931
127.5 82.0 7.693532
127.5 86.0 15.988499
127.5 89.0 4.9212627
132.5 -89.0 10.343901
132.5 -86.0 32.239433
132.5 -82.0 11.852759
132.5 -78.0 8.9705715
132.5 -74.0 9.511751
132.5 -70.0 5.141851
132.5 -66.0 11.46489
132.5 -62.0 6.230359
132.5 -58.0 7.710343
132.5 -54.0 9.582515
132.5 -50.0 7.6236787
132.5 -46.0 9.591317
132.5 -42.0 13.033844
132.5 -38.0 7.7781496
132.5 -34.0 12.655195
132.5 -30.0 18.609951
132.5 -26.0 15.025786
132.5 -22.0 15.34694
132.5 -18.0 9.502459
132.5 -14.0 9.676158
132.5 -10.0 10.882325
132.5 -6.0 7.1209626
132.5 -2.0 2.864736
132.5 2.0 3.181071
132.5 6.0 4.5444956
132.5 10.0 5.0547223
132.5 14.0 5.3457637
132.5 18.0 6.0889215
132.5 22.0 4.3267593
132.5 26.0 3.7672827
132.5 30.0 4.225297
132.5 34.0 3.5495956
132.5 38.0 4.409566
132.5 42.0 5.0274963
132.5 46.0 5.3267484
132.5 50.0 6.2444005
132.5 54.0 6.9295044
132.5 58.0 6.6803303
132.5 62.0 8.391038
132.5 66.0 8.065537
132.5 70.0 8.3164425
132.5 74.0 8.316163
132.5 78.0 6.9713254
132.5 82.0 7.915513
132.5 86.0 14.556927
132.5 89.0 4.9212627
137.5 -89.0 10.343901
137.5 -86.0 28.94897
137.5 -82.0 10.793921
137.5 -78.0 15.585141
137.5 -74.0 17.790773
137.5 -70.0 5.9022326
137.5 -66.0 11.167557
137.5 -62.0 6.2693295
137.5 -58.0 11.124829
137.5 -54.0 9.717733
137.5 -50.0 8.653093
137.5 -46.0 16.353756
137.5 -42.0 12.388075
137.5 -38.0 9.981558
137.5 -34.0 12.829578
137.5 -30.0 18.618786
137.5 -26.0 17.55688
137.5 -22.0 14.435989
137.5 -18.0 9.4748745
137.5 -14.0 9.174621
137.5 -10.0 10.230065
137.5 -6.0 3.5143468
137.5 -2.0 3.0452025
137.5 2.0 2.977053
137.5 6.0 4.4243317
137.5 10.0 8.179486
137.5 14.0 7.4964514
137.5 18.0 6.345649
137.5 22.0 11.367525
137.5 26.0 10.155879
137.5 30.0 5.1228695
137.5 34.0 3.8345344
137.5 38.0 4.624277
137.5 42.0 5.003616
137.5 46.0 5.834948
137.5 50.0 6.2700353
137.5 54.0 6.790436
137.5 58.0 6.7232304
137.5 62.0 7.1892495
137.5 66.0 7.761562
137.5 70.0 8.133439
137.5 74.0 8.1592045
137.5 78.0 8.035569
137.5 82.0 7.860945
137.5 86.0 13.27023
137.5 89.0 4.9212627
142.5 -89.0 10.343901
142.5 -86.0 29.659159
142.5 -82.0 10.898666
142.5 -78.0 15.291718
142.5 -74.0 26.055998
142.5 -70.0 6.1804237
142.5 -66.0 8.850928
142.5 -62.0 8.998839
142.5 -58.0 5.9690847
142.5 -54.0 7.3129973
142.5 -50.0 11.022898
142.5 -46.0 10.0014305
142.5 -42.0 14.276987
142.5 -38.0 13.076392
142.5 -34.0 10.423494
142.5 -30.0 7.0472035
142.5 -26.0 14.296589
142.5 -22.0 10.232615
142.5 -18.0 7.245064
142.5 -14.0 8.520603
142.5 -10.0 7.348963
142.5 -6.0 3.8644042
142.5 -2.0 3.5260677
142.5 2.0 3.3371816
142.5 6.0 4.5419507
142.5 10.0 8.825314
142.5 14.0 13.096338
142.5 18.0 23.404673
142.5 22.0 23.445805
142.5 26.0 19.001518
142.5 30.0 13.174336
142.5 34.0 4.138992
142.5 38.0 3.9925554
142.5 42.0 5.3629637
142.5 46.0 5.8067827
142.5 50.0 6.649492
142.5 54.0 7.6250854
142.5 58.0 7.207873
142.5 62.0 6.8717456
142.5 66.0 7.778696
142.5 70.0 7.778127
142.5 74.0 8.029221
142.5 78.0 8.101849
142.5 82.0 9.117524
142.5 86.0 13.57929
142.5 89.0 4.9212627
147.5 -89.0 10.343901
147.5 -86.0 30.054928
147.5 -82.0 14.370911
147.5 -78.0 14.112256
147.5 -74.0 16.875029
147.5 -70.0 8.1796255
147.5 -66.0 9.709795
147.5 -62.0 9.168792
147.5 -58.0 7.826631
147.5 -54.0 10.467795
147.5 -50.0 9.698598
147.5 -46.0 9.673244
147.5 -42.0 6.6532226
147.5 -38.0 11.9381895
147.5 -34.0 10.801234
147.5 -30.0 7.119389
147.5 -26.0 7.848623
147.5 -22.0 8.227339
147.5 -18.0 6.5539627
147.5 -14.0 11.638995
147.5 -10.0 7.077829
147.5 -6.0 3.5926461
147.5 -2.0 2.7265673
147.5 2.0 2.9582682
147.5 6.0 4.2597613
147.5 10.0 6.5153475
147.5 14.0 10.850657
147.5 18.0 35.795677
147.5 22.0 58.76755
147.5 26.0 126.42042
147.5 30.0 12.731211
147.5 34.0 5.338844
147.5 38.0 4.146337
147.5 42.0 5.561625
147.5 46.0 6.073315
147.5 50.0 6.906218
147.5 54.0 7.934885
147.5 58.0 7.542944
147.5 62.0 7.015962
147.5 66.0 8.307103
147.5 70.0 8.044164
147.5 74.0 7.3993087
147.5 78.0 8.223303
147.5 82.0 8.162025
147.5 86.0 13.630636
147.5 89.0 4.9212627
152.5 -89.0 10.343901
152.5 -86.0 22.935118
152.5 -82.0 15.754542
152.5 -78.0 17.426407
152.5 -74.0 19.000309
152.5 -70.0 7.54336
152.5 -66.0 8.550983
152.5 -62.0 16.43522
152.5 -58.0 13.513084
152.5 -54.0 14.356839
152.5 -50.0 9.000867
152.5 -46.0 9.349831
152.5 -42.0 6.9249315
152.5 -38.0 9.277703
152.5 -34.0 9.966299
152.5 -30.0 7.9335146
152.5 -26.0 7.737545
152.5 -22.0 6.094168
152.5 -18.0 7.8333154
152.5 -14.0 6.8179536
152.5 -10.0 6.099543
152.5 -6.0 2.8593898
152.5 -2.0 4.008412
152.5 2.0 4.558859
152.5 6.0 4.538428
152.5 10.0 5.765783
152.5 14.0 5.555943
152.5 18.0 14.240858
152.5 22.0 31.285137
152.5 26.0 22.299742
152.5 30.0 14.116998
152.5 34.0 8.245835
152.5 38.0 5.291995
152.5 42.0 6.80479
152.5 46.0 7.444707
152.5 50.0 7.3075614
152.5 54.0 7.0986533
152.5 58.0 7.658781
152.5 62.0 8.28899
152.5 66.0 7.369677
152.5 70.0 8.055566
152.5 74.0 7.455034
152.5 78.0 7.753955
152.5 82.0 8.895776
152.5 86.0 12.80176
152.5 89.0 4.9212627
157.5 -89.0 10.343901
157.5 -86.0 22.614244
157.5 -82.0 19.68483
157.5 -78.0 16.330683
157.5 -74.0 17.186506
157.5 -70.0 12.131351
157.5 -66.0 8.959328
157.5 -62.0 12.29735
157.5 -58.0 12.230932
157.5 -54.0 10.057573
157.5 -50.0 8.580144
157.5 -46.0 7.9855204
157.5 -42.0 10.885804
157.5 -38.0 9.764949
157.5 -34.0 11.162853
157.5 -30.0 8.655176
157.5 -26.0 7.2216563
157.5 -22.0 6.323635
157.5 -18.0 5.4006085
157.5 -14.0 4.643907
157.5 -10.0 4.7143
157.5 -6.0 4.0318894
157.5 -2.0 4.223397
157.5 2.0 4.2846627
157.5 6.0 5.2331953
157.5 10.0 5.9529715
157.5 14.0 4.8969755
157.5 18.0 5.9391837
157.5 22.0 8.534734
157.5 26.0 10.864615
157.5 30.0 9.45194
157.5 34.0 8.316522
157.5 38.0 7.056748
157.5 42.0 5.8196216
157.5 46.0 6.5495195
157.5 50.0 7.5560718
157.5 54.0 8.466782
157.5 58.0 8.219111
157.5 62.0 8.389603
157.5 66.0 7.854284
157.5 70.0 7.6127963
157.5 74.0 7.600764
157.5 78.0 7.0658846
157.5 82.0 9.262218
157.5 86.0 13.975371
157.5 89.0 4.9212627
162.5 -89.0 10.343901
162.5 -86.0 25.533705
162.5 -82.0 18.107439
162.5 -78.0 15.013193
162.5 -74.0 11.436366
162.5 -70.0 7.1501813
162.5 -66.0 10.373492
162.5 -62.0 7.8502493
162.5 -58.0 18.491404
162.5 -54.0 9.67706
162.5 -50.0 7.0208325
162.5 -46.0 9.049374
162.5 -42.0 14.176268
162.5 -38.0 9.595779
162.5 -34.0 8.879935
162.5 -30.0 10.364788
162.5 -26.0 8.261883
162.5 -22.0 7.1082287
162.5 -18.0 3.7704499
162.5 -14.0 2.698589
162.5 -10.0 4.040442
162.5 -6.0 4.468125
162.5 -2.0 4.435246
162.5 2.0 6.0021734
162.5 6.0 5.5599184
162.5 10.0 7.719015
162.5 14.0 6.16198
162.5 18.0 4.615755
162.5 22.0 5.088982
162.5 26.0 5.6164627
162.5 30.0 6.591614
162.5 34.0 7.7844367
162.5 38.0 8.88986
162.5 42.0 11.845524
162.5 46.0 8.442871
162.5 50.0 8.258198
162.5 54.0 8.047598
162.5 58.0 8.636765
162.5 62.0 7.9532285
162.5 66.0 7.7264977
162.5 70.0 8.314578
162.5 74.0 7.9778056
162.5 78.0 6.922027
162.5 82.0 8.637538
162.5 86.0 15.347451
162.5 89.0 4.9212627
167.5 -89.0 10.343901
167.5 -86.0 28.788893
167.5 -82.0 18.133099
167.5 -78.0 17.446657
167.5 -74.0 12.683726
167.5 -70.0 7.324029
167.5 -66.0 11.146874
167.5 -62.0 8.282157
167.5 -58.0 10.820302
167.5 -54.0 14.378197
167.5 -50.0 12.263067
167.5 -46.0 11.809893
167.5 -42.0 11.343995
167.5 -38.0 9.269186
167.5 -34.0 12.829551
167.5 -30.0 11.832591
167.5 -26.0 12.743571
167.5 -22.0 8.506744
167.5 -18.0 3.1878445
167.5 -14.0 3.000152
167.5 -10.0 3.5360687
167.5 -6.0 4.5714955
167.5 -2.0 4.813728
167.5 2.0 4.881532
167.5 6.0 5.8256273
167.5 10.0 7.6617312
167.5 14.0 5.522078
167.5 18.0 5.056974
167.5 22.0 6.19498
167.5 26.0 5.838993
167.5 30.0 5.3197193
167.5 34.0 3.9504743
167.5 38.0 5.4480867
167.5 42.0 7.767881
167.5 46.0 7.917345
167.5 50.0 8.594495
167.5 54.0 8.356574
167.5 58.0 8.465483
167.5 62.0 7.362162
167.5 66.0 7.929089
167.5 70.0 7.96558
167.5 74.0 8.582139
167.5 78.0 6.650164
167.5 82.0 8.618933
167.5 86.0 13.967306
167.5 89.0 4.9212627
172.5 -89.0 10.343901
172.5 -86.0 29.408827
172.5 -82.0 21.792925
172.5 -78.0 19.069517
172.5 -74.0 13.102529
172.5 -70.0 11.288442
172.5 -66.0 11.989984
172.5 -62.0 12.566148
172.5 -58.0 13.98044
172.5 -54.0 12.639623
172.5 -50.0 14.0644245
172.5 -46.0 18.473978
172.5 -42.0 13.122993
172.5 -38.0 8.653613
172.5 -34.0 9.011882
172.5 -30.0 9.420565
172.5 -26.0 8.786674
172.5 -22.0 11.2853775
172.5 -18.0 5.9256225
172.5 -14.0 2.6323514
172.5 -10.0 6.494973
172.5 -6.0 6.3881097
172.5 -2.0 5.9403224
172.5 2.0 5.101999
172.5 6.0 6.8413577
172.5 10.0 6.5867834
172.5 14.0 4.810585
172.5 18.0 4.223634
172.5 22.0 6.117924
172.5 26.0 4.506055
172.5 30.0 3.9581628
172.5 34.0 5.1365237
172.5 38.0 4.5298967
172.5 42.0 5.807385
172.5 46.0 7.3128405
172.5 50.0 7.989642
172.5 54.0 8.123885
172.5 58.0 7.9883614
172.5 62.0 7.646735
172.5 66.0 8.348501
172.5 70.0 7.6928153
172.5 74.0 7.497826
172.5 78.0 6.760529
172.5 82.0 9.473376
172.5 86.0 12.799789
172.5 89.0 4.9212627
177.5 -89.0 10.343901
177.5 -86.0 24.074913
177.5 -82.0 22.478401
177.5 -78.0 14.939168
177.5 -74.0 16.081066
177.5 -70.0 12.671204
177.5 -66.0 14.127377
177.5 -62.0 10.316028
177.5 -58.0 11.297344
177.5 -54.0 7.621119
177.5 -50.0 8.781119
177.5 -46.0 12.728742
177.5 -42.0 9.74719
177.5 -38.0 5.990255
177.5 -34.0 9.756944
177.5 -30.0 7.775504
177.5 -26.0 5.6116104
177.5 -22.0 8.322051
177.5 -18.0 10.336474
177.5 -14.0 5.522226
177.5 -10.0 7.789872
177.5 -6.0 9.199122
177.5 -2.0 7.603706
177.5 2.0 6.499313
177.5 6.0 6.7066565
177.5 10.0 7.064667
177.5 14.0 4.4254375
177.5 18.0 2.8611872
177.5 22.0 4.0434284
177.5 26.0 4.3795705
177.5 30.0 3.2258852
177.5 34.0 4.39754
177.5 38.0 5.0040245
177.5 42.0 6.106424
177.5 46.0 6.8080826
177.5 50.0 7.010844
177.5 54.0 6.48126
177.5 58.0 8.440108
177.5 62.0 8.035154
177.5 66.0 7.886504
177.5 70.0 7.9195576
177.5 74.0 7.460759
177.5 78.0 7.3247805
177.5 82.0 9.77897
177.5 86.0 11.075528
177.5 89.0 4.9212627
