-177.5 -89.0 24.530012
-177.5 -86.0 61.62783
-177.5 -82.0 57.971836
-177.5 -78.0 37.327923
-177.5 -74.0 31.546274
-177.5 -70.0 31.84153
-177.5 -66.0 35.76712
-177.5 -62.0 31.70656
-177.5 -58.0 24.824781
-177.5 -54.0 24.610645
-177.5 -50.0 34.981026
-177.5 -46.0 41.569653
-177.5 -42.0 27.344793
-177.5 -38.0 20.872303
-177.5 -34.0 14.117908
-177.5 -30.0 19.4941
-177.5 -26.0 19.6007
-177.5 -22.0 19.720234
-177.5 -18.0 26.001076
-177.5 -14.0 21.482466
-177.5 -10.0 17.48385
-177.5 -6.0 17.16768
-177.5 -2.0 11.03098
-177.5 2.0 7.324589
-177.5 6.0 10.122003
-177.5 10.0 12.452976
-177.5 14.0 10.598732
-177.5 18.0 7.296044
-177.5 22.0 7.426232
-177.5 26.0 7.5861435
-177.5 30.0 6.679504
-177.5 34.0 8.065662
-177.5 38.0 10.126161
-177.5 42.0 10.668548
-177.5 46.0 12.282917
-177.5 50.0 14.698605
-177.5 54.0 14.100002
-177.5 58.0 12.801127
-177.5 62.0 15.065274
-177.5 66.0 14.108326
-177.5 70.0 13.758995
-177.5 74.0 12.204633
-177.5 78.0 11.692526
-177.5 82.0 18.020172
-177.5 86.0 19.427515
-177.5 89.0 7.4607153
-172.5 -89.0 24.530012
-172.5 -86.0 62.096466
-172.5 -82.0 60.722378
-172.5 -78.0 52.096676
-172.5 -74.0 40.474834
-172.5 -70.0 28.204885
-172.5 -66.0 44.48266
-172.5 -62.0 43.65251
-172.5 -58.0 23.465397
-172.5 -54.0 21.512709
-172.5 -50.0 30.920458
-172.5 -46.0 42.093178
-172.5 -42.0 19.412666
-172.5 -38.0 20.728191
-172.5 -34.0 31.628641
-172.5 -30.0 28.20729
-172.5 -26.0 32.362915
-172.5 -22.0 27.256973
-172.5 -18.0 20.541353
-172.5 -14.0 18.670229
-172.5 -10.0 11.507128
-172.5 -6.0 14.503929
-172.5 -2.0 11.60019
-172.5 2.0 9.130214
-172.5 6.0 10.352043
-172.5 10.0 13.815037
-172.5 14.0 11.964901
-172.5 18.0 8.767801
-172.5 22.0 7.1851473
-172.5 26.0 6.3323174
-172.5 30.0 6.0141673
-172.5 34.0 7.555074
-172.5 38.0 10.495835
-172.5 42.0 11.384089
-172.5 46.0 12.462129
-172.5 50.0 14.207714
-172.5 54.0 14.419744
-172.5 58.0 13.452303
-172.5 62.0 14.46518
-172.5 66.0 14.694492
-172.5 70.0 13.379014
-172.5 74.0 13.019113
-172.5 78.0 13.281885
-172.5 82.0 18.89037
-172.5 86.0 23.067425
-172.5 89.0 7.4607153
-167.5 -89.0 24.530012
-167.5 -86.0 62.717712
-167.5 -82.0 65.15068
-167.5 -78.0 44.87905
-167.5 -74.0 39.21099
-167.5 -70.0 14.918221
-167.5 -66.0 29.413282
-167.5 -62.0 30.029581
-167.5 -58.0 39.212536
-167.5 -54.0 34.623207
-167.5 -50.0 16.415106
-167.5 -46.0 28.885271
-167.5 -42.0 30.412783
-167.5 -38.0 21.361038
-167.5 -34.0 42.82169
-167.5 -30.0 46.685234
-167.5 -26.0 39.741615
-167.5 -22.0 25.468227
-167.5 -18.0 10.668509
-167.5 -14.0 9.285531
-167.5 -10.0 16.978401
-167.5 -6.0 12.944961
-167.5 -2.0 11.593909
-167.5 2.0 11.450607
-167.5 6.0 10.950642
-167.5 10.0 14.110403
-167.5 14.0 10.413447
-167.5 18.0 5.0243506
-167.5 22.0 4.0501757
-167.5 26.0 5.4846992
-167.5 30.0 5.764627
-167.5 34.0 7.6384025
-167.5 38.0 9.76186
-167.5 42.0 11.491635
-167.5 46.0 12.751849
-167.5 50.0 15.166041
-167.5 54.0 14.700641
-167.5 58.0 12.939758
-167.5 62.0 13.857665
-167.5 66.0 13.302767
-167.5 70.0 14.732706
-167.5 74.0 13.493965
-167.5 78.0 13.696111
-167.5 82.0 19.166168
-167.5 86.0 19.609756
-167.5 89.0 7.4607153
-162.5 -89.0 24.530012
-162.5 -86.0 65.044365
-162.5 -82.0 63.54515
-162.5 -78.0 41.353275
-162.5 -74.0 30.940891
-162.5 -70.0 16.625326
-162.5 -66.0 17.574226
-162.5 -62.0 33.136234
-162.5 -58.0 54.117245
-162.5 -54.0 28.639805
-162.5 -50.0 31.022434
-162.5 -46.0 33.935486
-162.5 -42.0 21.826864
-162.5 -38.0 49.849773
-162.5 -34.0 68.61338
-162.5 -30.0 46.52301
-162.5 -26.0 42.56899
-162.5 -22.0 15.7600975
-162.5 -18.0 8.561606
-162.5 -14.0 12.320354
-162.5 -10.0 19.605291
-162.5 -6.0 16.95056
-162.5 -2.0 17.742365
-162.5 2.0 15.881419
-162.5 6.0 11.164539
-162.5 10.0 12.232758
-162.5 14.0 8.406261
-162.5 18.0 5.12562
-162.5 22.0 4.5246463
-162.5 26.0 5.562076
-162.5 30.0 5.7453113
-162.5 34.0 7.034415
-162.5 38.0 9.824943
-162.5 42.0 12.734163
-162.5 46.0 14.154571
-162.5 50.0 14.512454
-162.5 54.0 14.464653
-162.5 58.0 13.791684
-162.5 62.0 14.611974
-162.5 66.0 13.927808
-162.5 70.0 13.988825
-162.5 74.0 13.441494
-162.5 78.0 13.314871
-162.5 82.0 18.480383
-162.5 86.0 22.377731
-162.5 89.0 7.4607153
-157.5 -89.0 24.530012
-157.5 -86.0 65.63193
-157.5 -82.0 62.198097
-157.5 -78.0 38.154915
-157.5 -74.0 17.310507
-157.5 -70.0 21.83032
-157.5 -66.0 17.186148
-157.5 -62.0 26.540762
-157.5 -58.0 40.27729
-157.5 -54.0 29.236816
-157.5 -50.0 38.60818
-157.5 -46.0 46.403465
-157.5 -42.0 12.354075
-157.5 -38.0 35.866714
-157.5 -34.0 52.69144
-157.5 -30.0 37.325333
-157.5 -26.0 35.842796
-157.5 -22.0 15.503302
-157.5 -18.0 12.596106
-157.5 -14.0 20.85344
-157.5 -10.0 30.955725
-157.5 -6.0 33.639183
-157.5 -2.0 36.519913
-157.5 2.0 21.394571
-157.5 6.0 11.166418
-157.5 10.0 9.354568
-157.5 14.0 7.5341377
-157.5 18.0 6.310467
-157.5 22.0 5.217214
-157.5 26.0 5.7096996
-157.5 30.0 4.759674
-157.5 34.0 7.1684704
-157.5 38.0 10.754431
-157.5 42.0 10.915322
-157.5 46.0 14.190198
-157.5 50.0 13.6414175
-157.5 54.0 14.518068
-157.5 58.0 15.023803
-157.5 62.0 14.355406
-157.5 66.0 14.202528
-157.5 70.0 14.413925
-157.5 74.0 12.7744055
-157.5 78.0 13.463586
-157.5 82.0 17.127403
-157.5 86.0 25.502203
-157.5 89.0 7.4607153
-152.5 -89.0 24.530012
-152.5 -86.0 68.203804
-152.5 -82.0 47.817085
-152.5 -78.0 36.1549
-152.5 -74.0 32.04369
-152.5 -70.0 35.428837
-152.5 -66.0 17.6345
-152.5 -62.0 20.098604
-152.5 -58.0 59.644985
-152.5 -54.0 37.098587
-152.5 -50.0 31.65146
-152.5 -46.0 45.369873
-152.5 -42.0 45.748398
-152.5 -38.0 30.967329
-152.5 -34.0 20.997784
-152.5 -30.0 26.84403
-152.5 -26.0 28.484024
-152.5 -22.0 12.802937
-152.5 -18.0 15.453636
-152.5 -14.0 23.227814
-152.5 -10.0 39.265392
-152.5 -6.0 37.720066
-152.5 -2.0 24.803755
-152.5 2.0 18.71971
-152.5 6.0 11.333104
-152.5 10.0 10.136897
-152.5 14.0 8.475956
-152.5 18.0 2.6817977
-152.5 22.0 2.4153893
-152.5 26.0 6.4010153
-152.5 30.0 7.6651917
-152.5 34.0 7.2407026
-152.5 38.0 11.265217
-152.5 42.0 15.086845
-152.5 46.0 14.323462
-152.5 50.0 15.081629
-152.5 54.0 16.114412
-152.5 58.0 15.505124
-152.5 62.0 14.14415
-152.5 66.0 14.837351
-152.5 70.0 13.127195
-152.5 74.0 12.300525
-152.5 78.0 12.690767
-152.5 82.0 17.16929
-152.5 86.0 23.92432
-152.5 89.0 7.4607153
-147.5 -89.0 24.530012
-147.5 -86.0 67.86677
-147.5 -82.0 60.10391
-147.5 -78.0 29.70815
-147.5 -74.0 23.29123
-147.5 -70.0 60.398907
-147.5 -66.0 25.458258
-147.5 -62.0 24.009035
-147.5 -58.0 33.00567
-147.5 -54.0 28.87247
-147.5 -50.0 33.334602
-147.5 -46.0 52.358128
-147.5 -42.0 40.842907
-147.5 -38.0 25.612646
-147.5 -34.0 27.519247
-147.5 -30.0 29.407665
-147.5 -26.0 28.449554
-147.5 -22.0 18.554853
-147.5 -18.0 18.651966
-147.5 -14.0 30.33596
-147.5 -10.0 66.22213
-147.5 -6.0 36.720573
-147.5 -2.0 39.331493
-147.5 2.0 30.777943
-147.5 6.0 26.63359
-147.5 10.0 10.475585
-147.5 14.0 12.233866
-147.5 18.0 24.127337
-147.5 22.0 45.523216
-147.5 26.0 54.76332
-147.5 30.0 16.58143
-147.5 34.0 7.2726946
-147.5 38.0 10.518713
-147.5 42.0 15.118949
-147.5 46.0 12.608763
-147.5 50.0 16.357796
-147.5 54.0 16.828276
-147.5 58.0 14.801176
-147.5 62.0 14.113605
-147.5 66.0 15.143375
-147.5 70.0 13.504827
-147.5 74.0 13.162194
-147.5 78.0 14.010972
-147.5 82.0 18.11086
-147.5 86.0 24.766619
-147.5 89.0 7.4607153
-142.5 -89.0 24.530012
-142.5 -86.0 68.593605
-142.5 -82.0 54.854527
-142.5 -78.0 28.400091
-142.5 -74.0 25.230604
-142.5 -70.0 32.366417
-142.5 -66.0 31.947222
-142.5 -62.0 20.061518
-142.5 -58.0 37.31504
-142.5 -54.0 23.489868
-142.5 -50.0 37.485054
-142.5 -46.0 45.742966
-142.5 -42.0 41.664185
-142.5 -38.0 28.016869
-142.5 -34.0 31.487633
-142.5 -30.0 34.23043
-142.5 -26.0 40.081226
-142.5 -22.0 34.184326
-142.5 -18.0 31.085896
-142.5 -14.0 36.01942
-142.5 -10.0 71.8723
-142.5 -6.0 78.77966
-142.5 -2.0 42.531673
-142.5 2.0 57.790417
-142.5 6.0 32.16667
-142.5 10.0 16.22845
-142.5 14.0 8.892281
-142.5 18.0 35.958385
-142.5 22.0 371.12405
-142.5 26.0 167.92392
-142.5 30.0 22.82492
-142.5 34.0 18.710579
-142.5 38.0 14.334097
-142.5 42.0 11.851168
-142.5 46.0 16.843258
-142.5 50.0 19.32256
-142.5 54.0 18.858288
-142.5 58.0 15.492986
-142.5 62.0 15.594572
-142.5 66.0 15.098547
-142.5 70.0 13.160202
-142.5 74.0 12.338138
-142.5 78.0 12.823505
-142.5 82.0 17.085506
-142.5 86.0 27.519535
-142.5 89.0 7.4607153
-137.5 -89.0 24.530012
-137.5 -86.0 70.33711
-137.5 -82.0 52.067303
-137.5 -78.0 39.185413
-137.5 -74.0 35.873116
-137.5 -70.0 30.86538
-137.5 -66.0 48.009594
-137.5 -62.0 30.187584
-137.5 -58.0 24.39018
-137.5 -54.0 41.222748
-137.5 -50.0 35.965347
-137.5 -46.0 38.88364
-137.5 -42.0 41.964157
-137.5 -38.0 30.620434
-137.5 -34.0 39.89934
-137.5 -30.0 42.416862
-137.5 -26.0 52.28287
-137.5 -22.0 54.510044
-137.5 -18.0 49.10185
-137.5 -14.0 54.052307
-137.5 -10.0 89.22256
-137.5 -6.0 148.74768
-137.5 -2.0 97.02713
-137.5 2.0 41.01862
-137.5 6.0 99.01255
-137.5 10.0 57.560253
-137.5 14.0 10.1988
-137.5 18.0 267.164
-137.5 22.0 159.76073
-137.5 26.0 63.291348
-137.5 30.0 11.833888
-137.5 34.0 16.260658
-137.5 38.0 49.913387
-137.5 42.0 10.163354
-137.5 46.0 19.213165
-137.5 50.0 24.27674
-137.5 54.0 14.813812
-137.5 58.0 16.42225
-137.5 62.0 16.865335
-137.5 66.0 13.108153
-137.5 70.0 16.165287
-137.5 74.0 15.18023
-137.5 78.0 12.944445
-137.5 82.0 16.303885
-137.5 86.0 28.758423
-137.5 89.0 7.4607153
-132.5 -89.0 24.530012
-132.5 -86.0 64.92849
-132.5 -82.0 51.10603
-132.5 -78.0 39.040005
-132.5 -74.0 37.722458
-132.5 -70.0 33.092365
-132.5 -66.0 45.99886
-132.5 -62.0 40.495544
-132.5 -58.0 42.609303
-132.5 -54.0 43.26045
-132.5 -50.0 72.85987
-132.5 -46.0 31.890028
-132.5 -42.0 36.566696
-132.5 -38.0 25.42619
-132.5 -34.0 42.11708
-132.5 -30.0 49.896984
-132.5 -26.0 71.71208
-132.5 -22.0 89.205246
-132.5 -18.0 99.67595
-132.5 -14.0 113.38356
-132.5 -10.0 207.60773
-132.5 -6.0 305.82925
-132.5 -2.0 158.3196
-132.5 2.0 137.77704
-132.5 6.0 157.99095
-132.5 10.0 172.08928
-132.5 14.0 201.33363
-132.5 18.0 216.55547
-132.5 22.0 158.69377
-132.5 26.0 22.118896
-132.5 30.0 12.601209
-132.5 34.0 11.373166
-132.5 38.0 46.02412
-132.5 42.0 14.6051235
-132.5 46.0 19.36989
-132.5 50.0 28.994265
-132.5 54.0 14.492494
-132.5 58.0 17.075098
-132.5 62.0 19.897959
-132.5 66.0 13.991688
-132.5 70.0 12.873383
-132.5 74.0 13.900597
-132.5 78.0 10.842796
-132.5 82.0 16.36341
-132.5 86.0 27.537367
-132.5 89.0 7.4607153
-127.5 -89.0 24.530012
-127.5 -86.0 69.42173
-127.5 -82.0 45.932114
-127.5 -78.0 25.723381
-127.5 -74.0 25.548422
-127.5 -70.0 24.66434
-127.5 -66.0 37.205906
-127.5 -62.0 28.75569
-127.5 -58.0 38.854885
-127.5 -54.0 27.25079
-127.5 -50.0 39.967674
-127.5 -46.0 31.951769
-127.5 -42.0 38.313
-127.5 -38.0 38.228947
-127.5 -34.0 47.7082
-127.5 -30.0 53.013355
-127.5 -26.0 85.558334
-127.5 -22.0 138.2802
-127.5 -18.0 177.16893
-127.5 -14.0 243.94029
-127.5 -10.0 194.08249
-127.5 -6.0 172.48448
-127.5 -2.0 244.10579
-127.5 2.0 196.00606
-127.5 6.0 111.31676
-127.5 10.0 159.87695
-127.5 14.0 252.79155
-127.5 18.0 229.93613
-127.5 22.0 109.73629
-127.5 26.0 134.94952
-127.5 30.0 41.475643
-127.5 34.0 18.513926
-127.5 38.0 34.551464
-127.5 42.0 18.706886
-127.5 46.0 17.058237
-127.5 50.0 27.503515
-127.5 54.0 22.783768
-127.5 58.0 15.352629
-127.5 62.0 17.702408
-127.5 66.0 14.940839
-127.5 70.0 13.929589
-127.5 74.0 14.138149
-127.5 78.0 10.518535
-127.5 82.0 16.417023
-127.5 86.0 27.138609
-127.5 89.0 7.4607153
-122.5 -89.0 24.530012
-122.5 -86.0 73.336205
-122.5 -82.0 47.189205
-122.5 -78.0 19.848255
-122.5 -74.0 25.149784
-122.5 -70.0 26.269442
-122.5 -66.0 29.324112
-122.5 -62.0 48.991898
-122.5 -58.0 39.725266
-122.5 -54.0 32.895294
-122.5 -50.0 29.01131
-122.5 -46.0 28.945892
-122.5 -42.0 34.50607
-122.5 -38.0 36.104767
-122.5 -34.0 60.908203
-122.5 -30.0 65.739105
-122.5 -26.0 114.13629
-122.5 -22.0 249.51953
-122.5 -18.0 456.65857
-122.5 -14.0 706.57214
-122.5 -10.0 124.76224
-122.5 -6.0 360.84906
-122.5 -2.0 208.98111
-122.5 2.0 347.1009
-122.5 6.0 246.55031
-122.5 10.0 147.68958
-122.5 14.0 240.18507
-122.5 18.0 275.17297
-122.5 22.0 163.67766
-122.5 26.0 105.91272
-122.5 30.0 57.993416
-122.5 34.0 38.941338
-122.5 38.0 43.83618
-122.5 42.0 46.23838
-122.5 46.0 24.738062
-122.5 50.0 19.01089
-122.5 54.0 23.667652
-122.5 58.0 17.926506
-122.5 62.0 14.820166
-122.5 66.0 14.532736
-122.5 70.0 17.296843
-122.5 74.0 13.98036
-122.5 78.0 11.909664
-122.5 82.0 15.540797
-122.5 86.0 24.947618
-122.5 89.0 7.4607153
-117.5 -89.0 24.530012
-117.5 -86.0 45.13949
-117.5 -82.0 45.158348
-117.5 -78.0 22.830727
-117.5 -74.0 22.673616
-117.5 -70.0 35.143986
-117.5 -66.0 49.284897
-117.5 -62.0 31.256527
-117.5 -58.0 34.131985
-117.5 -54.0 30.805492
-117.5 -50.0 27.895828
-117.5 -46.0 29.809282
-117.5 -42.0 35.52719
-117.5 -38.0 52.300297
-117.5 -34.0 68.046295
-117.5 -30.0 77.12588
-117.5 -26.0 138.24533
-117.5 -22.0 350.71548
-117.5 -18.0 541.097
-117.5 -14.0 412.77573
-117.5 -10.0 197.21852
-117.5 -6.0 122.03651
-117.5 -2.0 150.55319
-117.5 2.0 81.876495
-117.5 6.0 96.07901
-117.5 10.0 85.86439
-117.5 14.0 70.73929
-117.5 18.0 153.57222
-117.5 22.0 169.69202
-117.5 26.0 104.64471
-117.5 30.0 54.88318
-117.5 34.0 59.03214
-117.5 38.0 142.66275
-117.5 42.0 167.1931
-117.5 46.0 27.101593
-117.5 50.0 14.182311
-117.5 54.0 24.12662
-117.5 58.0 22.332766
-117.5 62.0 15.409707
-117.5 66.0 15.821796
-117.5 70.0 16.731216
-117.5 74.0 14.432999
-117.5 78.0 12.42403
-117.5 82.0 14.735654
-117.5 86.0 29.857756
-117.5 89.0 7.4607153
-112.5 -89.0 24.530012
-112.5 -86.0 45.207027
-112.5 -82.0 40.42117
-112.5 -78.0 25.110838
-112.5 -74.0 36.20707
-112.5 -70.0 38.754013
-112.5 -66.0 37.775486
-112.5 -62.0 29.460373
-112.5 -58.0 21.80165
-112.5 -54.0 24.33319
-112.5 -50.0 44.501236
-112.5 -46.0 38.771507
-112.5 -42.0 34.825314
-112.5 -38.0 42.278454
-112.5 -34.0 61.63764
-112.5 -30.0 78.2173
-112.5 -26.0 146.9943
-112.5 -22.0 311.8656
-112.5 -18.0 415.78262
-112.5 -14.0 264.62534
-112.5 -10.0 170.25928
-112.5 -6.0 56.812923
-112.5 -2.0 36.657326
-112.5 2.0 67.512726
-112.5 6.0 17.073492
-112.5 10.0 77.6363
-112.5 14.0 78.87515
-112.5 18.0 111.29767
-112.5 22.0 244.58437
-112.5 26.0 183.0893
-112.5 30.0 109.82091
-112.5 34.0 110.04108
-112.5 38.0 320.15048
-112.5 42.0 271.89072
-112.5 46.0 63.311928
-112.5 50.0 13.620209
-112.5 54.0 19.976294
-112.5 58.0 24.331661
-112.5 62.0 13.311109
-112.5 66.0 15.0462055
-112.5 70.0 16.53454
-112.5 74.0 12.729007
-112.5 78.0 11.744643
-112.5 82.0 14.301469
-112.5 86.0 26.85682
-112.5 89.0 7.4607153
-107.5 -89.0 24.530012
-107.5 -86.0 55.22508
-107.5 -82.0 38.0235
-107.5 -78.0 21.623987
-107.5 -74.0 34.562622
-107.5 -70.0 37.658405
-107.5 -66.0 36.97876
-107.5 -62.0 38.24307
-107.5 -58.0 23.507057
-107.5 -54.0 24.095997
-107.5 -50.0 40.73542
-107.5 -46.0 41.63974
-107.5 -42.0 25.352283
-107.5 -38.0 28.690292
-107.5 -34.0 71.45781
-107.5 -30.0 94.570366
-107.5 -26.0 113.541084
-107.5 -22.0 267.55884
-107.5 -18.0 477.1182
-107.5 -14.0 113.62181
-107.5 -10.0 120.69141
-107.5 -6.0 43.343884
-107.5 -2.0 14.542294
-107.5 2.0 17.541199
-107.5 6.0 35.81743
-107.5 10.0 151.20656
-107.5 14.0 76.932076
-107.5 18.0 60.666775
-107.5 22.0 89.75205
-107.5 26.0 183.54002
-107.5 30.0 95.24077
-107.5 34.0 92.90942
-107.5 38.0 235.29729
-107.5 42.0 305.79276
-107.5 46.0 103.95486
-107.5 50.0 17.527473
-107.5 54.0 22.739927
-107.5 58.0 19.800941
-107.5 62.0 14.079639
-107.5 66.0 15.42663
-107.5 70.0 16.591343
-107.5 74.0 12.459045
-107.5 78.0 12.210736
-107.5 82.0 16.300056
-107.5 86.0 28.443539
-107.5 89.0 7.4607153
-102.5 -89.0 24.530012
-102.5 -86.0 60.04715
-102.5 -82.0 38.606117
-102.5 -78.0 24.2383
-102.5 -74.0 30.185377
-102.5 -70.0 31.494026
-102.5 -66.0 29.284647
-102.5 -62.0 34.985714
-102.5 -58.0 50.672836
-102.5 -54.0 46.137447
-102.5 -50.0 48.845394
-102.5 -46.0 29.291075
-102.5 -42.0 24.632795
-102.5 -38.0 72.958336
-102.5 -34.0 238.54956
-102.5 -30.0 488.77213
-102.5 -26.0 321.72238
-102.5 -22.0 258.96576
-102.5 -18.0 209.12238
-102.5 -14.0 176.2345
-102.5 -10.0 113.39929
-102.5 -6.0 31.654007
-102.5 -2.0 15.867106
-102.5 2.0 39.533894
-102.5 6.0 30.502983
-102.5 10.0 176.43463
-102.5 14.0 339.72678
-102.5 18.0 91.339
-102.5 22.0 91.33811
-102.5 26.0 67.65413
-102.5 30.0 64.67009
-102.5 34.0 51.702972
-102.5 38.0 177.31725
-102.5 42.0 126.69901
-102.5 46.0 42.49274
-102.5 50.0 31.379972
-102.5 54.0 26.823301
-102.5 58.0 22.13359
-102.5 62.0 13.848457
-102.5 66.0 18.091745
-102.5 70.0 16.561779
-102.5 74.0 13.136001
-102.5 78.0 10.848736
-102.5 82.0 18.041548
-102.5 86.0 28.875492
-102.5 89.0 7.4607153
-97.5 -89.0 24.530012
-97.5 -86.0 52.150772
-97.5 -82.0 36.51899
-97.5 -78.0 21.798918
-97.5 -74.0 32.963238
-97.5 -70.0 29.471838
-97.5 -66.0 27.411081
-97.5 -62.0 39.96487
-97.5 -58.0 34.309837
-97.5 -54.0 54.907917
-97.5 -50.0 83.68601
-97.5 -46.0 37.103798
-97.5 -42.0 76.22801
-97.5 -38.0 129.0018
-97.5 -34.0 95.9993
-97.5 -30.0 61.81866
-97.5 -26.0 53.666027
-97.5 -22.0 70.02342
-97.5 -18.0 113.543564
-97.5 -14.0 148.81694
-97.5 -10.0 75.815865
-97.5 -6.0 20.97567
-97.5 -2.0 13.1744585
-97.5 2.0 23.148973
-97.5 6.0 74.39965
-97.5 10.0 64.33794
-97.5 14.0 52.536728
-97.5 18.0 67.90787
-97.5 22.0 113.36623
-97.5 26.0 122.175804
-97.5 30.0 51.226074
-97.5 34.0 45.987076
-97.5 38.0 45.867992
-97.5 42.0 40.563427
-97.5 46.0 38.163647
-97.5 50.0 33.930054
-97.5 54.0 31.290281
-97.5 58.0 26.446106
-97.5 62.0 16.087461
-97.5 66.0 17.012907
-97.5 70.0 14.741206
-97.5 74.0 12.665852
-97.5 78.0 10.215068
-97.5 82.0 16.95161
-97.5 86.0 32.098843
-97.5 89.0 7.4607153
-92.5 -89.0 24.530012
-92.5 -86.0 52.479015
-92.5 -82.0 46.310738
-92.5 -78.0 27.437216
-92.5 -74.0 33.09024
-92.5 -70.0 31.734737
-92.5 -66.0 25.892347
-92.5 -62.0 32.52846
-92.5 -58.0 21.729546
-92.5 -54.0 38.940742
-92.5 -50.0 31.155516
-92.5 -46.0 35.41439
-92.5 -42.0 184.08339
-92.5 -38.0 128.99419
-92.5 -34.0 47.997665
-92.5 -30.0 42.78393
-92.5 -26.0 44.6799
-92.5 -22.0 53.51737
-92.5 -18.0 53.64117
-92.5 -14.0 72.61752
-92.5 -10.0 42.750473
-92.5 -6.0 10.3496475
-92.5 -2.0 14.397125
-92.5 2.0 9.417349
-92.5 6.0 15.315278
-92.5 10.0 26.172234
-92.5 14.0 35.692276
-92.5 18.0 28.348316
-92.5 22.0 45.67208
-92.5 26.0 101.3218
-92.5 30.0 44.566982
-92.5 34.0 43.896225
-92.5 38.0 42.326683
-92.5 42.0 44.51921
-92.5 46.0 29.638597
-92.5 50.0 44.086033
-92.5 54.0 29.172935
-92.5 58.0 26.877249
-92.5 62.0 16.602945
-92.5 66.0 16.093033
-92.5 70.0 13.918875
-92.5 74.0 13.935655
-92.5 78.0 11.356232
-92.5 82.0 16.5089
-92.5 86.0 30.700846
-92.5 89.0 7.4607153
-87.5 -89.0 24.530012
-87.5 -86.0 53.482227
-87.5 -82.0 57.63848
-87.5 -78.0 34.000294
-87.5 -74.0 35.918983
-87.5 -70.0 22.048193
-87.5 -66.0 29.264597
-87.5 -62.0 44.086323
-87.5 -58.0 39.77405
-87.5 -54.0 37.1498
-87.5 -50.0 28.444004
-87.5 -46.0 33.381172
-87.5 -42.0 55.34336
-87.5 -38.0 121.90172
-87.5 -34.0 69.13829
-87.5 -30.0 32.33289
-87.5 -26.0 28.301634
-87.5 -22.0 30.431654
-87.5 -18.0 28.598427
-87.5 -14.0 37.23165
-87.5 -10.0 41.169975
-87.5 -6.0 11.12896
-87.5 -2.0 16.494827
-87.5 2.0 10.271253
-87.5 6.0 8.429277
-87.5 10.0 7.9056134
-87.5 14.0 8.141489
-87.5 18.0 11.565481
-87.5 22.0 17.887733
-87.5 26.0 26.578888
-87.5 30.0 31.34824
-87.5 34.0 36.572155
-87.5 38.0 61.735565
-87.5 42.0 53.4836
-87.5 46.0 16.59982
-87.5 50.0 28.310183
-87.5 54.0 29.08053
-87.5 58.0 18.70634
-87.5 62.0 17.881561
-87.5 66.0 16.08956
-87.5 70.0 12.86667
-87.5 74.0 14.045253
-87.5 78.0 11.483737
-87.5 82.0 17.719597
-87.5 86.0 34.20639
-87.5 89.0 7.4607153
-82.5 -89.0 24.530012
-82.5 -86.0 51.214924
-82.5 -82.0 43.872272
-82.5 -78.0 57.680176
-82.5 -74.0 31.74327
-82.5 -70.0 32.475803
-82.5 -66.0 26.6729
-82.5 -62.0 28.697662
-82.5 -58.0 23.151476
-82.5 -54.0 20.915464
-82.5 -50.0 23.799652
-82.5 -46.0 43.992
-82.5 -42.0 59.32545
-82.5 -38.0 141.80824
-82.5 -34.0 56.04802
-82.5 -30.0 34.700657
-82.5 -26.0 27.951136
-82.5 -22.0 21.249878
-82.5 -18.0 21.079039
-82.5 -14.0 29.73591
-82.5 -10.0 21.967722
-82.5 -6.0 8.935197
-82.5 -2.0 13.673177
-82.5 2.0 7.3195305
-82.5 6.0 11.2482605
-82.5 10.0 11.8098755
-82.5 14.0 10.876218
-82.5 18.0 12.102701
-82.5 22.0 14.830435
-82.5 26.0 24.925524
-82.5 30.0 37.247097
-82.5 34.0 41.03738
-82.5 38.0 32.95529
-82.5 42.0 48.514835
-82.5 46.0 47.1475
-82.5 50.0 16.743029
-82.5 54.0 13.613028
-82.5 58.0 15.601822
-82.5 62.0 17.832924
-82.5 66.0 14.684029
-82.5 70.0 13.001707
-82.5 74.0 13.060929
-82.5 78.0 10.702641
-82.5 82.0 15.705172
-82.5 86.0 33.24242
-82.5 89.0 7.4607153
-77.5 -89.0 24.530012
-77.5 -86.0 60.70888
-77.5 -82.0 52.98331
-77.5 -78.0 34.302143
-77.5 -74.0 20.71991
-77.5 -70.0 16.152212
-77.5 -66.0 31.445616
-77.5 -62.0 29.491814
-77.5 -58.0 16.71584
-77.5 -54.0 27.169369
-77.5 -50.0 40.508266
-77.5 -46.0 47.53814
-77.5 -42.0 56.476105
-77.5 -38.0 70.137695
-77.5 -34.0 155.3081
-77.5 -30.0 73.36515
-77.5 -26.0 24.71688
-77.5 -22.0 22.867846
-77.5 -18.0 15.498969
-77.5 -14.0 24.695452
-77.5 -10.0 12.821085
-77.5 -6.0 23.966722
-77.5 -2.0 12.372232
-77.5 2.0 11.494975
-77.5 6.0 10.171711
-77.5 10.0 7.9254804
-77.5 14.0 7.7953777
-77.5 18.0 8.462834
-77.5 22.0 13.593802
-77.5 26.0 30.563286
-77.5 30.0 33.882492
-77.5 34.0 35.802784
-77.5 38.0 48.499844
-77.5 42.0 56.259113
-77.5 46.0 48.56266
-77.5 50.0 7.80644
-77.5 54.0 12.052453
-77.5 58.0 14.922564
-77.5 62.0 17.74065
-77.5 66.0 14.523434
-77.5 70.0 12.746046
-77.5 74.0 12.839112
-77.5 78.0 10.890124
-77.5 82.0 18.897324
-77.5 86.0 37.092808
-77.5 89.0 7.4607153
-72.5 -89.0 24.530012
-72.5 -86.0 64.39426
-72.5 -82.0 33.172672
-72.5 -78.0 32.05072
-72.5 -74.0 38.488503
-72.5 -70.0 25.558306
-72.5 -66.0 31.006693
-72.5 -62.0 35.676125
-72.5 -58.0 18.868513
-72.5 -54.0 29.804665
-72.5 -50.0 56.822803
-72.5 -46.0 75.22976
-72.5 -42.0 69.78111
-72.5 -38.0 45.576458
-72.5 -34.0 55.934006
-72.5 -30.0 78.13866
-72.5 -26.0 40.281277
-72.5 -22.0 32.76337
-72.5 -18.0 17.866796
-72.5 -14.0 8.8777275
-72.5 -10.0 6.5157166
-72.5 -6.0 15.0330715
-72.5 -2.0 12.700309
-72.5 2.0 12.081292
-72.5 6.0 10.426855
-72.5 10.0 15.267118
-72.5 14.0 13.436015
-72.5 18.0 13.834603
-72.5 22.0 12.930697
-72.5 26.0 19.587996
-72.5 30.0 24.601027
-72.5 34.0 38.67668
-72.5 38.0 71.4486
-72.5 42.0 47.961224
-72.5 46.0 48.608242
-72.5 50.0 11.133348
-72.5 54.0 13.7515955
-72.5 58.0 14.325095
-72.5 62.0 15.784266
-72.5 66.0 13.614162
-72.5 70.0 14.062418
-72.5 74.0 12.3696
-72.5 78.0 11.271056
-72.5 82.0 16.274635
-72.5 86.0 38.58418
-72.5 89.0 7.4607153
-67.5 -89.0 24.530012
-67.5 -86.0 67.10579
-67.5 -82.0 39.00112
-67.5 -78.0 29.159164
-67.5 -74.0 28.997759
-67.5 -70.0 21.541113
-67.5 -66.0 26.483229
-67.5 -62.0 28.479763
-67.5 -58.0 30.44881
-67.5 -54.0 39.15812
-67.5 -50.0 12.1226225
-67.5 -46.0 39.222534
-67.5 -42.0 51.64893
-67.5 -38.0 38.049866
-67.5 -34.0 30.264057
-67.5 -30.0 66.10603
-67.5 -26.0 32.42183
-67.5 -22.0 41.206097
-67.5 -18.0 42.69929
-67.5 -14.0 4.1360426
-67.5 -10.0 3.8749187
-67.5 -6.0 7.7967234
-67.5 -2.0 8.523466
-67.5 2.0 6.0704255
-67.5 6.0 9.650603
-67.5 10.0 16.690586
-67.5 14.0 15.464109
-67.5 18.0 12.988769
-67.5 22.0 17.101141
-67.5 26.0 18.913233
-67.5 30.0 15.897255
-67.5 34.0 18.91207
-67.5 38.0 27.607159
-67.5 42.0 52.00621
-67.5 46.0 31.060806
-67.5 50.0 33.7138
-67.5 54.0 13.75563
-67.5 58.0 13.12613
-67.5 62.0 14.255316
-67.5 66.0 12.427145
-67.5 70.0 12.025526
-67.5 74.0 13.056478
-67.5 78.0 10.861096
-67.5 82.0 17.478952
-67.5 86.0 33.54292
-67.5 89.0 7.4607153
-62.5 -89.0 24.530012
-62.5 -86.0 63.072617
-62.5 -82.0 23.632885
-62.5 -78.0 26.490496
-62.5 -74.0 22.965012
-62.5 -70.0 21.639334
-62.5 -66.0 31.362198
-62.5 -62.0 22.248465
-62.5 -58.0 34.50581
-62.5 -54.0 43.242195
-62.5 -50.0 37.373398
-62.5 -46.0 35.31306
-62.5 -42.0 27.034763
-62.5 -38.0 34.0284
-62.5 -34.0 37.692387
-62.5 -30.0 26.333324
-62.5 -26.0 32.841267
-62.5 -22.0 41.41266
-62.5 -18.0 53.340546
-62.5 -14.0 5.680136
-62.5 -10.0 13.890541
-62.5 -6.0 2.5717728
-62.5 -2.0 2.1017468
-62.5 2.0 4.926028
-62.5 6.0 7.54801
-62.5 10.0 10.651573
-62.5 14.0 11.2215805
-62.5 18.0 13.572717
-62.5 22.0 14.378138
-62.5 26.0 10.787015
-62.5 30.0 13.7261505
-62.5 34.0 23.233034
-62.5 38.0 24.635048
-62.5 42.0 25.61739
-62.5 46.0 31.098164
-62.5 50.0 27.776274
-62.5 54.0 15.697795
-62.5 58.0 13.222589
-62.5 62.0 14.944519
-62.5 66.0 12.682373
-62.5 70.0 11.440611
-62.5 74.0 13.709422
-62.5 78.0 10.161467
-62.5 82.0 22.696062
-62.5 86.0 32.396152
-62.5 89.0 7.4607153
-57.5 -89.0 24.530012
-57.5 -86.0 55.882835
-57.5 -82.0 31.294052
-57.5 -78.0 25.94069
-57.5 -74.0 20.593952
-57.5 -70.0 26.367804
-57.5 -66.0 27.537693
-57.5 -62.0 29.328516
-57.5 -58.0 34.79826
-57.5 -54.0 18.537409
-57.5 -50.0 18.169893
-57.5 -46.0 22.96041
-57.5 -42.0 38.499813
-57.5 -38.0 31.709822
-57.5 -34.0 25.51932
-57.5 -30.0 12.063375
-57.5 -26.0 23.224836
-57.5 -22.0 25.907326
-57.5 -18.0 33.929962
-57.5 -14.0 6.5939655
-57.5 -10.0 12.867616
-57.5 -6.0 6.0643826
-57.5 -2.0 4.6535487
-57.5 2.0 4.2987256
-57.5 6.0 7.8229227
-57.5 10.0 8.943434
-57.5 14.0 9.521967
-57.5 18.0 11.739255
-57.5 22.0 15.515853
-57.5 26.0 11.567631
-57.5 30.0 11.43729
-57.5 34.0 24.929825
-57.5 38.0 21.5674
-57.5 42.0 28.397911
-57.5 46.0 25.15644
-57.5 50.0 15.973666
-57.5 54.0 13.998279
-57.5 58.0 13.12108
-57.5 62.0 13.849397
-57.5 66.0 12.328053
-57.5 70.0 12.381116
-57.5 74.0 13.038563
-57.5 78.0 10.535336
-57.5 82.0 19.449102
-57.5 86.0 31.791666
-57.5 89.0 7.4607153
-52.5 -89.0 24.530012
-52.5 -86.0 102.09078
-52.5 -82.0 32.297867
-52.5 -78.0 28.757591
-52.5 -74.0 20.463737
-52.5 -70.0 24.3968
-52.5 -66.0 27.862524
-52.5 -62.0 22.97815
-52.5 -58.0 40.907875
-52.5 -54.0 18.30668
-52.5 -50.0 7.665395
-52.5 -46.0 17.519146
-52.5 -42.0 21.202852
-52.5 -38.0 30.967417
-52.5 -34.0 17.053972
-52.5 -30.0 9.347995
-52.5 -26.0 7.77826
-52.5 -22.0 8.000195
-52.5 -18.0 9.661937
-52.5 -14.0 2.8399763
-52.5 -10.0 7.8121176
-52.5 -6.0 4.96915
-52.5 -2.0 5.4655547
-52.5 2.0 4.469679
-52.5 6.0 7.74643
-52.5 10.0 9.674731
-52.5 14.0 7.156251
-52.5 18.0 5.9382486
-52.5 22.0 7.4463
-52.5 26.0 5.480473
-52.5 30.0 8.317776
-52.5 34.0 9.693691
-52.5 38.0 11.680644
-52.5 42.0 15.505545
-52.5 46.0 14.585406
-52.5 50.0 11.736896
-52.5 54.0 12.526026
-52.5 58.0 12.755922
-52.5 62.0 13.393338
-52.5 66.0 11.2607975
-52.5 70.0 13.441758
-52.5 74.0 12.945128
-52.5 78.0 10.790838
-52.5 82.0 17.717468
-52.5 86.0 34.332886
-52.5 89.0 7.4607153
-47.5 -89.0 24.530012
-47.5 -86.0 94.13879
-47.5 -82.0 30.331955
-47.5 -78.0 21.226564
-47.5 -74.0 21.776264
-47.5 -70.0 28.461832
-47.5 -66.0 15.625993
-47.5 -62.0 25.0622
-47.5 -58.0 23.255157
-47.5 -54.0 8.207991
-47.5 -50.0 8.068562
-47.5 -46.0 6.25439
-47.5 -42.0 11.932502
-47.5 -38.0 21.194695
-47.5 -34.0 17.966148
-47.5 -30.0 10.93918
-47.5 -26.0 9.425197
-47.5 -22.0 8.3101425
-47.5 -18.0 3.4188662
-47.5 -14.0 2.1895916
-47.5 -10.0 7.555101
-47.5 -6.0 4.8018866
-47.5 -2.0 7.274406
-47.5 2.0 7.033249
-47.5 6.0 5.944202
-47.5 10.0 5.3869324
-47.5 14.0 3.9002075
-47.5 18.0 3.2187574
-47.5 22.0 4.370673
-47.5 26.0 6.2870398
-47.5 30.0 6.58042
-47.5 34.0 8.509577
-47.5 38.0 10.912
-47.5 42.0 9.2913685
-47.5 46.0 10.85324
-47.5 50.0 11.745292
-47.5 54.0 12.312107
-47.5 58.0 12.117498
-47.5 62.0 11.713732
-47.5 66.0 11.541253
-47.5 70.0 11.896493
-47.5 74.0 12.937475
-47.5 78.0 11.006794
-47.5 82.0 12.750137
-47.5 86.0 33.34352
-47.5 89.0 7.4607153
-42.5 -89.0 24.530012
-42.5 -86.0 66.12318
-42.5 -82.0 35.22617
-42.5 -78.0 20.902933
-42.5 -74.0 18.370405
-42.5 -70.0 31.126335
-42.5 -66.0 22.417444
-42.5 -62.0 22.361525
-42.5 -58.0 27.841187
-42.5 -54.0 6.842742
-42.5 -50.0 8.313168
-42.5 -46.0 5.270871
-42.5 -42.0 7.5542073
-42.5 -38.0 12.10698
-42.5 -34.0 19.42227
-42.5 -30.0 11.644696
-42.5 -26.0 11.576551
-42.5 -22.0 10.627033
-42.5 -18.0 6.286757
-42.5 -14.0 3.9416895
-42.5 -10.0 11.74175
-42.5 -6.0 18.013721
-42.5 -2.0 8.9058485
-42.5 2.0 7.300422
-42.5 6.0 5.4002333
-42.5 10.0 4.136218
-42.5 14.0 3.4225285
-42.5 18.0 3.383091
-42.5 22.0 4.2083225
-42.5 26.0 5.7385726
-42.5 30.0 7.1227593
-42.5 34.0 9.199762
-42.5 38.0 11.285807
-42.5 42.0 10.6718445
-42.5 46.0 10.439812
-42.5 50.0 11.313424
-42.5 54.0 10.816534
-42.5 58.0 11.635037
-42.5 62.0 11.629512
-42.5 66.0 11.597863
-42.5 70.0 11.930448
-42.5 74.0 12.517803
-42.5 78.0 11.93271
-42.5 82.0 13.974256
-42.5 86.0 28.04119
-42.5 89.0 7.4607153
-37.5 -89.0 24.530012
-37.5 -86.0 101.63163
-37.5 -82.0 29.32855
-37.5 -78.0 22.13398
-37.5 -74.0 22.718006
-37.5 -70.0 38.139088
-37.5 -66.0 38.926723
-37.5 -62.0 32.62465
-37.5 -58.0 20.089119
-37.5 -54.0 6.121769
-37.5 -50.0 6.806518
-37.5 -46.0 6.1369987
-37.5 -42.0 9.63442
-37.5 -38.0 10.749235
-37.5 -34.0 14.835604
-37.5 -30.0 9.092901
-37.5 -26.0 10.423749
-37.5 -22.0 10.061031
-37.5 -18.0 4.9066916
-37.5 -14.0 7.1336966
-37.5 -10.0 6.135861
-37.5 -6.0 10.456095
-37.5 -2.0 10.266234
-37.5 2.0 5.3262663
-37.5 6.0 6.730926
-37.5 10.0 3.754648
-37.5 14.0 4.642495
-37.5 18.0 5.199877
-37.5 22.0 5.557864
-37.5 26.0 6.216672
-37.5 30.0 7.959599
-37.5 34.0 8.303137
-37.5 38.0 10.247118
-37.5 42.0 10.258613
-37.5 46.0 11.273864
-37.5 50.0 11.844104
-37.5 54.0 11.744631
-37.5 58.0 12.057428
-37.5 62.0 11.254085
-37.5 66.0 11.622558
-37.5 70.0 11.930454
-37.5 74.0 11.965029
-37.5 78.0 12.32253
-37.5 82.0 16.901129
-37.5 86.0 27.395905
-37.5 89.0 7.4607153
-32.5 -89.0 24.530012
-32.5 -86.0 97.45325
-32.5 -82.0 26.657993
-32.5 -78.0 22.994211
-32.5 -74.0 25.756706
-32.5 -70.0 26.275574
-32.5 -66.0 23.094019
-32.5 -62.0 15.992934
-32.5 -58.0 29.549564
-32.5 -54.0 21.556456
-32.5 -50.0 9.54575
-32.5 -46.0 11.740813
-32.5 -42.0 11.214138
-32.5 -38.0 12.832451
-32.5 -34.0 18.645134
-32.5 -30.0 12.7933
-32.5 -26.0 4.551761
-32.5 -22.0 5.9781346
-32.5 -18.0 2.1690178
-32.5 -14.0 3.4006453
-32.5 -10.0 4.962405
-32.5 -6.0 10.280641
-32.5 -2.0 6.2459517
-32.5 2.0 6.5895443
-32.5 6.0 6.714808
-32.5 10.0 6.2277875
-32.5 14.0 7.96661
-32.5 18.0 6.1412067
-32.5 22.0 5.938075
-32.5 26.0 7.015314
-32.5 30.0 6.911912
-32.5 34.0 8.115247
-32.5 38.0 8.982143
-32.5 42.0 9.014059
-32.5 46.0 11.221954
-32.5 50.0 11.540727
-32.5 54.0 11.822748
-32.5 58.0 11.246786
-32.5 62.0 11.232532
-32.5 66.0 11.436028
-32.5 70.0 10.919765
-32.5 74.0 12.253323
-32.5 78.0 12.159898
-32.5 82.0 18.435022
-32.5 86.0 23.580328
-32.5 89.0 7.4607153
-27.5 -89.0 24.530012
-27.5 -86.0 118.64626
-27.5 -82.0 27.644037
-27.5 -78.0 22.101992
-27.5 -74.0 32.265797
-27.5 -70.0 22.120554
-27.5 -66.0 23.85059
-27.5 -62.0 23.057072
-27.5 -58.0 24.193707
-27.5 -54.0 28.452147
-27.5 -50.0 18.497936
-27.5 -46.0 21.500692
-27.5 -42.0 17.06375
-27.5 -38.0 16.043139
-27.5 -34.0 15.645519
-27.5 -30.0 12.457054
-27.5 -26.0 7.569101
-27.5 -22.0 4.572684
-27.5 -18.0 1.809337
-27.5 -14.0 3.846506
-27.5 -10.0 5.484023
-27.5 -6.0 6.9697413
-27.5 -2.0 9.886776
-27.5 2.0 11.306694
-27.5 6.0 10.080678
-27.5 10.0 8.77183
-27.5 14.0 11.321599
-27.5 18.0 9.873778
-27.5 22.0 7.570816
-27.5 26.0 7.275661
-27.5 30.0 7.438777
-27.5 34.0 8.15038
-27.5 38.0 8.909185
-27.5 42.0 10.184789
-27.5 46.0 9.482229
-27.5 50.0 12.482063
-27.5 54.0 11.10725
-27.5 58.0 10.853701
-27.5 62.0 11.321428
-27.5 66.0 11.219863
-27.5 70.0 11.906589
-27.5 74.0 11.454257
-27.5 78.0 12.784958
-27.5 82.0 19.85087
-27.5 86.0 22.905273
-27.5 89.0 7.4607153
-22.5 -89.0 24.530012
-22.5 -86.0 94.43628
-22.5 -82.0 26.285915
-22.5 -78.0 23.30447
-22.5 -74.0 25.831072
-22.5 -70.0 41.100014
-22.5 -66.0 33.79755
-22.5 -62.0 22.624678
-22.5 -58.0 27.574556
-22.5 -54.0 17.885828
-22.5 -50.0 21.155132
-22.5 -46.0 24.35733
-22.5 -42.0 14.159309
-22.5 -38.0 18.246613
-22.5 -34.0 15.48673
-22.5 -30.0 12.781681
-22.5 -26.0 7.148459
-22.5 -22.0 5.6333675
-22.5 -18.0 4.5679383
-22.5 -14.0 5.3251123
-22.5 -10.0 8.436976
-22.5 -6.0 14.517459
-22.5 -2.0 13.995961
-22.5 2.0 14.105698
-22.5 6.0 13.438938
-22.5 10.0 11.346533
-22.5 14.0 16.40929
-22.5 18.0 13.543747
-22.5 22.0 8.597711
-22.5 26.0 7.7043276
-22.5 30.0 7.503355
-22.5 34.0 7.765855
-22.5 38.0 9.095173
-22.5 42.0 9.009827
-22.5 46.0 10.333141
-22.5 50.0 10.500096
-22.5 54.0 10.37514
-22.5 58.0 10.452084
-22.5 62.0 12.520855
-22.5 66.0 11.8655815
-22.5 70.0 11.599711
-22.5 74.0 13.14615
-22.5 78.0 12.349097
-22.5 82.0 22.147198
-22.5 86.0 20.347052
-22.5 89.0 7.4607153
-17.5 -89.0 24.530012
-17.5 -86.0 96.792305
-17.5 -82.0 24.932676
-17.5 -78.0 24.32634
-17.5 -74.0 27.558617
-17.5 -70.0 30.219976
-17.5 -66.0 38.447178
-17.5 -62.0 40.67855
-17.5 -58.0 26.967354
-17.5 -54.0 20.736757
-17.5 -50.0 14.822529
-17.5 -46.0 24.149158
-17.5 -42.0 13.386934
-17.5 -38.0 19.45512
-17.5 -34.0 22.736425
-17.5 -30.0 13.200392
-17.5 -26.0 7.8530717
-17.5 -22.0 7.8986278
-17.5 -18.0 6.185898
-17.5 -14.0 7.6423516
-17.5 -10.0 13.357114
-17.5 -6.0 14.330402
-17.5 -2.0 12.610519
-17.5 2.0 15.77191
-17.5 6.0 12.999406
-17.5 10.0 11.4493885
-17.5 14.0 15.24008
-17.5 18.0 17.156094
-17.5 22.0 14.205232
-17.5 26.0 10.066735
-17.5 30.0 7.045472
-17.5 34.0 7.322685
-17.5 38.0 8.362846
-17.5 42.0 8.46965
-17.5 46.0 9.70497
-17.5 50.0 11.478246
-17.5 54.0 11.52653
-17.5 58.0 11.543578
-17.5 62.0 11.334945
-17.5 66.0 11.920776
-17.5 70.0 12.816894
-17.5 74.0 11.816041
-17.5 78.0 11.667045
-17.5 82.0 21.250637
-17.5 86.0 18.624271
-17.5 89.0 7.4607153
-12.5 -89.0 24.530012
-12.5 -86.0 100.69318
-12.5 -82.0 27.90232
-12.5 -78.0 28.176609
-12.5 -74.0 25.550793
-12.5 -70.0 23.017382
-12.5 -66.0 25.364628
-12.5 -62.0 26.416658
-12.5 -58.0 37.48085
-12.5 -54.0 20.744429
-12.5 -50.0 26.375797
-12.5 -46.0 31.284456
-12.5 -42.0 26.304272
-12.5 -38.0 20.932777
-12.5 -34.0 24.1498
-12.5 -30.0 16.230846
-12.5 -26.0 12.062983
-12.5 -22.0 6.7731123
-12.5 -18.0 5.587779
-12.5 -14.0 7.0329003
-12.5 -10.0 14.388644
-12.5 -6.0 19.6895
-12.5 -2.0 20.515915
-12.5 2.0 16.952988
-12.5 6.0 15.519221
-12.5 10.0 10.680236
-12.5 14.0 11.645191
-12.5 18.0 14.31047
-12.5 22.0 17.37033
-12.5 26.0 12.8862
-12.5 30.0 9.730787
-12.5 34.0 9.916507
-12.5 38.0 8.799767
-12.5 42.0 10.069673
-12.5 46.0 10.220405
-12.5 50.0 11.454396
-12.5 54.0 12.706147
-12.5 58.0 11.641191
-12.5 62.0 12.206098
-12.5 66.0 12.370112
-12.5 70.0 12.577959
-12.5 74.0 11.651314
-12.5 78.0 12.365345
-12.5 82.0 23.1607
-12.5 86.0 21.342667
-12.5 89.0 7.4607153
-7.5 -89.0 24.530012
-7.5 -86.0 94.72139
-7.5 -82.0 27.48167
-7.5 -78.0 23.71613
-7.5 -74.0 20.42419
-7.5 -70.0 32.04117
-7.5 -66.0 24.867004
-7.5 -62.0 31.399303
-7.5 -58.0 24.22884
-7.5 -54.0 22.091358
-7.5 -50.0 27.851181
-7.5 -46.0 34.700542
-7.5 -42.0 25.75912
-7.5 -38.0 24.11922
-7.5 -34.0 33.631805
-7.5 -30.0 27.91018
-7.5 -26.0 18.288033
-7.5 -22.0 12.223625
-7.5 -18.0 7.4754186
-7.5 -14.0 9.035417
-7.5 -10.0 14.665055
-7.5 -6.0 27.078375
-7.5 -2.0 25.527405
-7.5 2.0 23.088488
-7.5 6.0 19.589155
-7.5 10.0 10.66244
-7.5 14.0 9.30471
-7.5 18.0 16.796307
-7.5 22.0 14.9438
-7.5 26.0 14.465078
-7.5 30.0 16.752975
-7.5 34.0 12.896005
-7.5 38.0 10.066237
-7.5 42.0 9.499151
-7.5 46.0 10.842467
-7.5 50.0 11.838447
-7.5 54.0 11.627503
-7.5 58.0 12.545841
-7.5 62.0 13.037593
-7.5 66.0 11.218358
-7.5 70.0 12.627778
-7.5 74.0 11.619022
-7.5 78.0 12.587637
-7.5 82.0 22.138912
-7.5 86.0 20.315498
-7.5 89.0 7.4607153
-2.5 -89.0 24.530012
-2.5 -86.0 109.83263
-2.5 -82.0 26.523304
-2.5 -78.0 25.3041
-2.5 -74.0 22.140621
-2.5 -70.0 31.392893
-2.5 -66.0 24.15257
-2.5 -62.0 26.395649
-2.5 -58.0 37.87845
-2.5 -54.0 30.581888
-2.5 -50.0 21.460182
-2.5 -46.0 22.756083
-2.5 -42.0 21.755968
-2.5 -38.0 20.209715
-2.5 -34.0 25.9446
-2.5 -30.0 28.476248
-2.5 -26.0 23.771996
-2.5 -22.0 15.4923
-2.5 -18.0 9.542076
-2.5 -14.0 13.053983
-2.5 -10.0 18.22289
-2.5 -6.0 26.420088
-2.5 -2.0 36.503292
-2.5 2.0 33.952877
-2.5 6.0 26.655348
-2.5 10.0 13.4758005
-2.5 14.0 10.05509
-2.5 18.0 11.81135
-2.5 22.0 16.611456
-2.5 26.0 14.453638
-2.5 30.0 14.869925
-2.5 34.0 13.653664
-2.5 38.0 11.776405
-2.5 42.0 11.904403
-2.5 46.0 11.430242
-2.5 50.0 12.344499
-2.5 54.0 12.790585
-2.5 58.0 13.615849
-2.5 62.0 12.65601
-2.5 66.0 13.00076
-2.5 70.0 13.8536825
-2.5 74.0 11.942925
-2.5 78.0 12.1502075
-2.5 82.0 22.819887
-2.5 86.0 19.946796
-2.5 89.0 7.4607153
2.5 -89.0 24.530012
2.5 -86.0 107.184975
2.5 -82.0 28.748343
2.5 -78.0 23.957886
2.5 -74.0 31.73179
2.5 -70.0 23.431808
2.5 -66.0 24.309742
2.5 -62.0 26.177536
2.5 -58.0 24.829302
2.5 -54.0 33.527233
2.5 -50.0 24.616978
2.5 -46.0 25.276735
2.5 -42.0 26.5771
2.5 -38.0 17.14273
2.5 -34.0 24.937073
2.5 -30.0 25.85731
2.5 -26.0 24.138464
2.5 -22.0 16.760187
2.5 -18.0 11.446481
2.5 -14.0 13.930973
2.5 -10.0 21.154781
2.5 -6.0 30.823212
2.5 -2.0 37.270985
2.5 2.0 34.734127
2.5 6.0 33.480396
2.5 10.0 17.90508
2.5 14.0 11.7390785
2.5 18.0 14.108915
2.5 22.0 17.293451
2.5 26.0 15.905143
2.5 30.0 14.588848
2.5 34.0 17.931408
2.5 38.0 15.996279
2.5 42.0 10.9763
2.5 46.0 11.970052
2.5 50.0 13.042218
2.5 54.0 12.4637375
2.5 58.0 13.172734
2.5 62.0 14.021599
2.5 66.0 12.666468
2.5 70.0 13.225576
2.5 74.0 12.493418
2.5 78.0 12.182973
2.5 82.0 22.164001
2.5 86.0 16.756014
2.5 89.0 7.4607153
7.5 -89.0 24.530012
7.5 -86.0 120.33808
7.5 -82.0 26.020227
7.5 -78.0 29.854033
7.5 -74.0 33.54046
7.5 -70.0 25.017422
7.5 -66.0 22.8286
7.5 -62.0 24.007793
7.5 -58.0 28.902445
7.5 -54.0 29.394571
7.5 -50.0 22.58219
7.5 -46.0 24.118593
7.5 -42.0 26.816402
7.5 -38.0 24.342592
7.5 -34.0 21.977943
7.5 -30.0 21.459894
7.5 -26.0 26.051424
7.5 -22.0 15.543028
7.5 -18.0 13.077444
7.5 -14.0 17.145105
7.5 -10.0 29.393988
7.5 -6.0 45.59859
7.5 -2.0 46.262386
7.5 2.0 42.41688
7.5 6.0 41.05884
7.5 10.0 20.102602
7.5 14.0 13.875856
7.5 18.0 16.461966
7.5 22.0 18.28312
7.5 26.0 15.180045
7.5 30.0 15.808318
7.5 34.0 18.23935
7.5 38.0 19.106604
7.5 42.0 13.717752
7.5 46.0 11.692747
7.5 50.0 13.549805
7.5 54.0 12.720924
7.5 58.0 13.32681
7.5 62.0 12.176943
7.5 66.0 12.600064
7.5 70.0 12.510731
7.5 74.0 12.782741
7.5 78.0 12.664192
7.5 82.0 24.89344
7.5 86.0 26.524233
7.5 89.0 7.4607153
12.5 -89.0 24.530012
12.5 -86.0 138.19197
12.5 -82.0 45.662537
12.5 -78.0 70.40602
12.5 -74.0 24.984283
12.5 -70.0 21.951088
12.5 -66.0 20.864355
12.5 -62.0 25.613146
12.5 -58.0 35.2956
12.5 -54.0 22.56013
12.5 -50.0 37.258926
12.5 -46.0 35.168983
12.5 -42.0 26.24951
12.5 -38.0 25.541515
12.5 -34.0 22.614933
12.5 -30.0 23.472391
12.5 -26.0 26.643282
12.5 -22.0 21.299116
12.5 -18.0 16.289701
12.5 -14.0 20.67594
12.5 -10.0 32.80242
12.5 -6.0 40.843636
12.5 -2.0 61.352486
12.5 2.0 56.60699
12.5 6.0 43.766766
12.5 10.0 22.46352
12.5 14.0 15.573907
12.5 18.0 13.103314
12.5 22.0 15.157489
12.5 26.0 15.128249
12.5 30.0 15.646962
12.5 34.0 19.34668
12.5 38.0 20.408556
12.5 42.0 16.22764
12.5 46.0 13.049387
12.5 50.0 14.78353
12.5 54.0 13.130316
12.5 58.0 13.348772
12.5 62.0 14.128653
12.5 66.0 13.275603
12.5 70.0 13.618719
12.5 74.0 13.174137
12.5 78.0 12.181944
12.5 82.0 22.029387
12.5 86.0 22.059357
12.5 89.0 7.4607153
17.5 -89.0 24.530012
17.5 -86.0 112.620575
17.5 -82.0 66.879074
17.5 -78.0 51.68567
17.5 -74.0 23.703035
17.5 -70.0 20.34488
17.5 -66.0 21.777796
17.5 -62.0 22.893284
17.5 -58.0 28.344704
17.5 -54.0 27.48518
17.5 -50.0 29.980272
17.5 -46.0 25.519503
17.5 -42.0 21.373352
17.5 -38.0 19.8227
17.5 -34.0 24.511457
17.5 -30.0 28.770426
17.5 -26.0 27.992754
17.5 -22.0 23.429766
17.5 -18.0 17.869265
17.5 -14.0 26.30608
17.5 -10.0 63.90265
17.5 -6.0 60.266148
17.5 -2.0 47.036407
17.5 2.0 67.179955
17.5 6.0 47.098602
17.5 10.0 28.052938
17.5 14.0 14.485567
17.5 18.0 13.993485
17.5 22.0 15.961378
17.5 26.0 19.227331
17.5 30.0 21.714682
17.5 34.0 21.152199
17.5 38.0 21.409838
17.5 42.0 14.687472
17.5 46.0 14.205125
17.5 50.0 14.659113
17.5 54.0 13.4666605
17.5 58.0 14.467272
17.5 62.0 14.383478
17.5 66.0 13.400677
17.5 70.0 13.110664
17.5 74.0 12.425211
17.5 78.0 11.789475
17.5 82.0 24.013098
17.5 86.0 20.904505
17.5 89.0 7.4607153
22.5 -89.0 24.530012
22.5 -86.0 119.12013
22.5 -82.0 48.77713
22.5 -78.0 17.161146
22.5 -74.0 24.079977
22.5 -70.0 18.722286
22.5 -66.0 29.328833
22.5 -62.0 20.94519
22.5 -58.0 33.0021
22.5 -54.0 23.459688
22.5 -50.0 31.861996
22.5 -46.0 40.6847
22.5 -42.0 34.53599
22.5 -38.0 30.89811
22.5 -34.0 39.984634
22.5 -30.0 23.35337
22.5 -26.0 23.05432
22.5 -22.0 24.328695
22.5 -18.0 19.754303
22.5 -14.0 29.907156
22.5 -10.0 48.1866
22.5 -6.0 94.66577
22.5 -2.0 76.92806
22.5 2.0 63.316288
22.5 6.0 56.97547
22.5 10.0 33.918537
22.5 14.0 19.227993
22.5 18.0 15.3843155
22.5 22.0 23.234459
22.5 26.0 23.562065
22.5 30.0 22.241507
22.5 34.0 26.367521
22.5 38.0 14.620428
22.5 42.0 10.8766985
22.5 46.0 16.878725
22.5 50.0 14.747707
22.5 54.0 14.487914
22.5 58.0 14.572645
22.5 62.0 12.890088
22.5 66.0 14.428585
22.5 70.0 13.671009
22.5 74.0 13.829217
22.5 78.0 12.157506
22.5 82.0 21.29965
22.5 86.0 22.939041
22.5 89.0 7.4607153
27.5 -89.0 24.530012
27.5 -86.0 111.51053
27.5 -82.0 57.012016
27.5 -78.0 27.853336
27.5 -74.0 21.691473
27.5 -70.0 17.033375
27.5 -66.0 40.082447
27.5 -62.0 21.451376
27.5 -58.0 33.77713
27.5 -54.0 44.733494
27.5 -50.0 23.132965
27.5 -46.0 20.50618
27.5 -42.0 34.96737
27.5 -38.0 30.18344
27.5 -34.0 36.998425
27.5 -30.0 24.245823
27.5 -26.0 19.455503
27.5 -22.0 22.25408
27.5 -18.0 23.466377
27.5 -14.0 36.854546
27.5 -10.0 59.03957
27.5 -6.0 70.27991
27.5 -2.0 76.06631
27.5 2.0 56.267303
27.5 6.0 53.34262
27.5 10.0 48.386257
27.5 14.0 27.331875
27.5 18.0 20.35842
27.5 22.0 22.86188
27.5 26.0 23.761707
27.5 30.0 22.298994
27.5 34.0 26.046053
27.5 38.0 21.603245
27.5 42.0 13.57565
27.5 46.0 16.38443
27.5 50.0 10.879105
27.5 54.0 17.554657
27.5 58.0 13.793875
27.5 62.0 13.349999
27.5 66.0 12.916768
27.5 70.0 13.441487
27.5 74.0 13.485817
27.5 78.0 10.932841
27.5 82.0 22.133486
27.5 86.0 24.693197
27.5 89.0 7.4607153
32.5 -89.0 24.530012
32.5 -86.0 98.580956
32.5 -82.0 37.350452
32.5 -78.0 21.633587
32.5 -74.0 20.439926
32.5 -70.0 38.450222
32.5 -66.0 26.447426
32.5 -62.0 32.3262
32.5 -58.0 26.49064
32.5 -54.0 34.14333
32.5 -50.0 29.972143
32.5 -46.0 23.72334
32.5 -42.0 22.203314
32.5 -38.0 20.24126
32.5 -34.0 24.40351
32.5 -30.0 21.42871
32.5 -26.0 22.564966
32.5 -22.0 30.51205
32.5 -18.0 24.774889
32.5 -14.0 39.270042
32.5 -10.0 76.380424
32.5 -6.0 62.486233
32.5 -2.0 56.81751
32.5 2.0 53.84091
32.5 6.0 47.064938
32.5 10.0 38.665142
32.5 14.0 26.338959
32.5 18.0 23.29358
32.5 22.0 23.834194
32.5 26.0 23.827759
32.5 30.0 28.99351
32.5 34.0 29.107294
32.5 38.0 24.04967
32.5 42.0 18.546026
32.5 46.0 14.378764
32.5 50.0 18.816599
32.5 54.0 16.30631
32.5 58.0 13.625107
32.5 62.0 13.9579525
32.5 66.0 14.289449
32.5 70.0 13.288409
32.5 74.0 12.819506
32.5 78.0 10.740758
32.5 82.0 22.271248
32.5 86.0 24.400599
32.5 89.0 7.4607153
37.5 -89.0 24.530012
37.5 -86.0 91.3045
37.5 -82.0 30.772228
37.5 -78.0 19.984802
37.5 -74.0 21.599218
37.5 -70.0 23.590063
37.5 -66.0 14.663723
37.5 -62.0 37.742126
37.5 -58.0 27.423534
37.5 -54.0 24.965837
37.5 -50.0 19.933598
37.5 -46.0 15.312
37.5 -42.0 21.338308
37.5 -38.0 23.684862
37.5 -34.0 21.017603
37.5 -30.0 24.182816
37.5 -26.0 30.375406
37.5 -22.0 32.45581
37.5 -18.0 21.880648
37.5 -14.0 43.68633
37.5 -10.0 46.298847
37.5 -6.0 44.763905
37.5 -2.0 38.057804
37.5 2.0 37.643944
37.5 6.0 37.421936
37.5 10.0 47.516956
37.5 14.0 26.894974
37.5 18.0 34.632854
37.5 22.0 33.554718
37.5 26.0 21.886444
37.5 30.0 26.836859
37.5 34.0 27.940166
37.5 38.0 26.073503
37.5 42.0 23.748655
37.5 46.0 16.285915
37.5 50.0 16.795988
37.5 54.0 17.525015
37.5 58.0 14.587228
37.5 62.0 13.7528
37.5 66.0 14.298286
37.5 70.0 13.550709
37.5 74.0 14.6195755
37.5 78.0 11.706938
37.5 82.0 19.113909
37.5 86.0 26.78796
37.5 89.0 7.4607153
42.5 -89.0 24.530012
42.5 -86.0 95.301605
42.5 -82.0 40.34244
42.5 -78.0 23.843634
42.5 -74.0 45.317642
42.5 -70.0 26.178453
42.5 -66.0 28.074818
42.5 -62.0 36.169872
42.5 -58.0 24.222885
42.5 -54.0 20.903793
42.5 -50.0 14.193064
42.5 -46.0 10.880244
42.5 -42.0 7.7259145
42.5 -38.0 11.164431
42.5 -34.0 29.283411
42.5 -30.0 22.129469
42.5 -26.0 19.078547
42.5 -22.0 18.52406
42.5 -18.0 22.6781
42.5 -14.0 52.36616
42.5 -10.0 62.0383
42.5 -6.0 24.3214
42.5 -2.0 22.892736
42.5 2.0 32.133976
42.5 6.0 49.330513
42.5 10.0 44.69607
42.5 14.0 39.569153
42.5 18.0 39.0852
42.5 22.0 46.178886
42.5 26.0 23.451084
42.5 30.0 24.13741
42.5 34.0 37.662582
42.5 38.0 41.2769
42.5 42.0 20.014906
42.5 46.0 17.166317
42.5 50.0 16.799263
42.5 54.0 15.530886
42.5 58.0 13.299703
42.5 62.0 13.374268
42.5 66.0 13.262751
42.5 70.0 13.701286
42.5 74.0 14.797887
42.5 78.0 11.048253
42.5 82.0 19.159647
42.5 86.0 26.736483
42.5 89.0 7.4607153
47.5 -89.0 24.530012
47.5 -86.0 82.083336
47.5 -82.0 30.537407
47.5 -78.0 19.396902
47.5 -74.0 27.799856
47.5 -70.0 25.510393
47.5 -66.0 35.73346
47.5 -62.0 20.190039
47.5 -58.0 28.959888
47.5 -54.0 23.545174
47.5 -50.0 9.402196
47.5 -46.0 6.47025
47.5 -42.0 1.4899862
47.5 -38.0 1.3381402
47.5 -34.0 13.078422
47.5 -30.0 24.249483
47.5 -26.0 17.853954
47.5 -22.0 17.3998
47.5 -18.0 20.732855
47.5 -14.0 51.66112
47.5 -10.0 49.389126
47.5 -6.0 28.292044
47.5 -2.0 19.06609
47.5 2.0 24.663288
47.5 6.0 46.929764
47.5 10.0 50.649765
47.5 14.0 48.689957
47.5 18.0 37.68356
47.5 22.0 39.444115
47.5 26.0 23.26769
47.5 30.0 15.285629
47.5 34.0 30.238737
47.5 38.0 57.101234
47.5 42.0 23.193499
47.5 46.0 16.479963
47.5 50.0 15.782249
47.5 54.0 15.203417
47.5 58.0 13.888915
47.5 62.0 14.103365
47.5 66.0 13.127922
47.5 70.0 13.138936
47.5 74.0 14.645804
47.5 78.0 11.502641
47.5 82.0 16.071144
47.5 86.0 27.597988
47.5 89.0 7.4607153
52.5 -89.0 24.530012
52.5 -86.0 92.197205
52.5 -82.0 22.998585
52.5 -78.0 23.310982
52.5 -74.0 30.987629
52.5 -70.0 29.869953
52.5 -66.0 21.800743
52.5 -62.0 18.693623
52.5 -58.0 50.16929
52.5 -54.0 20.985228
52.5 -50.0 6.7263393
52.5 -46.0 1.5988601
52.5 -42.0 0.86444366
52.5 -38.0 0.6929853
52.5 -34.0 2.4856913
52.5 -30.0 19.91072
52.5 -26.0 18.526299
52.5 -22.0 14.191754
52.5 -18.0 13.146392
52.5 -14.0 38.454144
52.5 -10.0 47.61943
52.5 -6.0 22.153305
52.5 -2.0 15.536765
52.5 2.0 14.252288
52.5 6.0 35.25802
52.5 10.0 81.511116
52.5 14.0 65.384254
52.5 18.0 40.999924
52.5 22.0 36.463158
52.5 26.0 36.103645
52.5 30.0 17.531963
52.5 34.0 40.15884
52.5 38.0 52.64125
52.5 42.0 21.385311
52.5 46.0 20.718084
52.5 50.0 16.613298
52.5 54.0 13.267472
52.5 58.0 12.486733
52.5 62.0 13.119301
52.5 66.0 12.9602375
52.5 70.0 13.786865
52.5 74.0 14.208247
52.5 78.0 11.329085
52.5 82.0 15.827136
52.5 86.0 26.72369
52.5 89.0 7.4607153
57.5 -89.0 24.530012
57.5 -86.0 98.478424
57.5 -82.0 25.014616
57.5 -78.0 25.461943
57.5 -74.0 34.647255
57.5 -70.0 21.220581
57.5 -66.0 25.886835
57.5 -62.0 39.330517
57.5 -58.0 55.29926
57.5 -54.0 23.950075
57.5 -50.0 5.452864
57.5 -46.0 1.5069666
57.5 -42.0 1.18586
57.5 -38.0 4.258704
57.5 -34.0 2.7061107
57.5 -30.0 6.5047746
57.5 -26.0 10.049249
57.5 -22.0 13.228529
57.5 -18.0 21.497374
57.5 -14.0 23.457285
57.5 -10.0 28.443285
57.5 -6.0 14.163278
57.5 -2.0 8.199172
57.5 2.0 11.062221
57.5 6.0 26.06186
57.5 10.0 70.02211
57.5 14.0 57.115726
57.5 18.0 44.52887
57.5 22.0 35.846054
57.5 26.0 38.50644
57.5 30.0 38.910744
57.5 34.0 22.265062
57.5 38.0 20.033268
57.5 42.0 18.810242
57.5 46.0 15.38187
57.5 50.0 14.314282
57.5 54.0 13.493262
57.5 58.0 14.312281
57.5 62.0 14.959193
57.5 66.0 13.529234
57.5 70.0 13.764819
57.5 74.0 14.21587
57.5 78.0 11.242048
57.5 82.0 15.499102
57.5 86.0 26.961344
57.5 89.0 7.4607153
62.5 -89.0 24.530012
62.5 -86.0 104.53852
62.5 -82.0 28.559511
62.5 -78.0 30.997684
62.5 -74.0 41.180885
62.5 -70.0 17.716562
62.5 -66.0 31.95498
62.5 -62.0 32.430363
62.5 -58.0 73.67208
62.5 -54.0 11.900099
62.5 -50.0 3.176789
62.5 -46.0 2.5292118
62.5 -42.0 4.218989
62.5 -38.0 6.225976
62.5 -34.0 5.130105
62.5 -30.0 5.2288504
62.5 -26.0 11.814537
62.5 -22.0 12.084553
62.5 -18.0 22.850199
62.5 -14.0 26.532398
62.5 -10.0 21.943825
62.5 -6.0 13.77649
62.5 -2.0 8.5701685
62.5 2.0 8.902835
62.5 6.0 27.610706
62.5 10.0 64.79235
62.5 14.0 58.87524
62.5 18.0 37.095284
62.5 22.0 21.90576
62.5 26.0 33.09476
62.5 30.0 36.228497
62.5 34.0 17.846863
62.5 38.0 22.928188
62.5 42.0 16.191145
62.5 46.0 17.049881
62.5 50.0 15.22499
62.5 54.0 13.744435
62.5 58.0 13.882152
62.5 62.0 13.0458975
62.5 66.0 13.919975
62.5 70.0 12.746082
62.5 74.0 13.765935
62.5 78.0 11.995429
62.5 82.0 14.9058695
62.5 86.0 26.295713
62.5 89.0 7.4607153
67.5 -89.0 24.530012
67.5 -86.0 88.9461
67.5 -82.0 33.012672
67.5 -78.0 23.971455
67.5 -74.0 46.933228
67.5 -70.0 15.923507
67.5 -66.0 25.982363
67.5 -62.0 33.355827
67.5 -58.0 25.637796
67.5 -54.0 6.8939567
67.5 -50.0 1.8992566
67.5 -46.0 4.0342946
67.5 -42.0 6.0600963
67.5 -38.0 6.1785555
67.5 -34.0 7.1481433
67.5 -30.0 9.424562
67.5 -26.0 25.582226
67.5 -22.0 17.144787
67.5 -18.0 29.514116
67.5 -14.0 36.832787
67.5 -10.0 19.337975
67.5 -6.0 14.450834
67.5 -2.0 7.805524
67.5 2.0 9.792944
67.5 6.0 22.898033
67.5 10.0 57.21876
67.5 14.0 45.474937
67.5 18.0 29.219479
67.5 22.0 18.670341
67.5 26.0 29.876848
67.5 30.0 38.687294
67.5 34.0 20.89993
67.5 38.0 17.133356
67.5 42.0 14.479046
67.5 46.0 14.757212
67.5 50.0 15.100242
67.5 54.0 16.026075
67.5 58.0 15.617369
67.5 62.0 14.209148
67.5 66.0 14.51872
67.5 70.0 15.286345
67.5 74.0 13.685973
67.5 78.0 12.851828
67.5 82.0 14.9327545
67.5 86.0 27.25219
67.5 89.0 7.4607153
72.5 -89.0 24.530012
72.5 -86.0 88.14718
72.5 -82.0 37.145317
72.5 -78.0 18.512348
72.5 -74.0 33.712814
72.5 -70.0 23.064495
72.5 -66.0 18.761473
72.5 -62.0 23.537874
72.5 -58.0 21.755005
72.5 -54.0 5.3112516
72.5 -50.0 2.1778238
72.5 -46.0 5.5754285
72.5 -42.0 7.7664733
72.5 -38.0 6.5170355
72.5 -34.0 5.8259654
72.5 -30.0 8.385642
72.5 -26.0 19.215178
72.5 -22.0 20.856844
72.5 -18.0 40.77182
72.5 -14.0 33.054695
72.5 -10.0 19.430742
72.5 -6.0 14.381452
72.5 -2.0 10.873004
72.5 2.0 13.377743
72.5 6.0 23.587248
72.5 10.0 33.045387
72.5 14.0 20.736383
72.5 18.0 11.434713
72.5 22.0 19.064356
72.5 26.0 30.780462
72.5 30.0 15.6208105
72.5 34.0 15.015524
72.5 38.0 13.250054
72.5 42.0 13.969136
72.5 46.0 14.357914
72.5 50.0 13.93837
72.5 54.0 14.8785925
72.5 58.0 16.288824
72.5 62.0 14.42668
72.5 66.0 13.754841
72.5 70.0 14.055287
72.5 74.0 14.657107
72.5 78.0 12.51522
72.5 82.0 14.246088
72.5 86.0 25.569489
72.5 89.0 7.4607153
77.5 -89.0 24.530012
77.5 -86.0 84.5407
77.5 -82.0 46.558323
77.5 -78.0 20.821836
77.5 -74.0 38.658867
77.5 -70.0 22.573004
77.5 -66.0 13.539958
77.5 -62.0 23.598846
77.5 -58.0 15.334873
77.5 -54.0 5.970953
77.5 -50.0 2.9500184
77.5 -46.0 5.900894
77.5 -42.0 5.282203
77.5 -38.0 5.65404
77.5 -34.0 5.7717032
77.5 -30.0 14.417789
77.5 -26.0 22.464046
77.5 -22.0 29.766312
77.5 -18.0 39.130733
77.5 -14.0 40.679173
77.5 -10.0 15.600401
77.5 -6.0 12.671232
77.5 -2.0 11.406206
77.5 2.0 13.31145
77.5 6.0 16.398962
77.5 10.0 10.141282
77.5 14.0 3.7399867
77.5 18.0 3.4637835
77.5 22.0 10.712553
77.5 26.0 22.117863
77.5 30.0 10.278719
77.5 34.0 10.284548
77.5 38.0 11.550748
77.5 42.0 11.101663
77.5 46.0 13.976165
77.5 50.0 15.297175
77.5 54.0 14.950157
77.5 58.0 14.182944
77.5 62.0 15.530483
77.5 66.0 14.445706
77.5 70.0 13.69195
77.5 74.0 14.037524
77.5 78.0 12.816626
77.5 82.0 15.153359
77.5 86.0 25.073565
77.5 89.0 7.4607153
82.5 -89.0 24.530012
82.5 -86.0 90.06626
82.5 -82.0 38.597897
82.5 -78.0 16.56291
82.5 -74.0 29.051064
82.5 -70.0 20.393066
82.5 -66.0 34.479164
82.5 -62.0 25.126102
82.5 -58.0 17.020994
82.5 -54.0 6.485913
82.5 -50.0 2.3879163
82.5 -46.0 3.9599938
82.5 -42.0 3.8960373
82.5 -38.0 5.041466
82.5 -34.0 9.031939
82.5 -30.0 14.753058
82.5 -26.0 26.51244
82.5 -22.0 34.461708
82.5 -18.0 53.58594
82.5 -14.0 62.67805
82.5 -10.0 21.085346
82.5 -6.0 14.147991
82.5 -2.0 15.379145
82.5 2.0 9.468741
82.5 6.0 5.902415
82.5 10.0 4.0459666
82.5 14.0 2.2851648
82.5 18.0 2.678564
82.5 22.0 8.429465
82.5 26.0 14.295442
82.5 30.0 9.82927
82.5 34.0 8.327006
82.5 38.0 10.233482
82.5 42.0 11.0119505
82.5 46.0 13.058883
82.5 50.0 14.252029
82.5 54.0 14.310525
82.5 58.0 15.027614
82.5 62.0 15.200031
82.5 66.0 16.768213
82.5 70.0 14.225439
82.5 74.0 13.822002
82.5 78.0 12.338548
82.5 82.0 15.281599
82.5 86.0 23.981487
82.5 89.0 7.4607153
87.5 -89.0 24.530012
87.5 -86.0 133.25581
87.5 -82.0 30.075695
87.5 -78.0 17.10853
87.5 -74.0 21.844137
87.5 -70.0 19.456316
87.5 -66.0 20.827513
87.5 -62.0 23.70571
87.5 -58.0 15.169497
87.5 -54.0 10.464082
87.5 -50.0 2.9221785
87.5 -46.0 2.3037171
87.5 -42.0 3.6791875
87.5 -38.0 5.0594077
87.5 -34.0 12.289187
87.5 -30.0 13.170402
87.5 -26.0 20.325237
87.5 -22.0 35.6293
87.5 -18.0 51.279385
87.5 -14.0 57.384697
87.5 -10.0 22.183422
87.5 -6.0 20.496408
87.5 -2.0 13.3066635
87.5 2.0 7.8974257
87.5 6.0 6.180691
87.5 10.0 4.154969
87.5 14.0 4.438198
87.5 18.0 5.4461193
87.5 22.0 7.446103
87.5 26.0 10.152724
87.5 30.0 8.334641
87.5 34.0 7.4810014
87.5 38.0 9.095977
87.5 42.0 9.824508
87.5 46.0 10.592283
87.5 50.0 11.35059
87.5 54.0 12.729555
87.5 58.0 13.642342
87.5 62.0 14.594817
87.5 66.0 14.969528
87.5 70.0 14.893866
87.5 74.0 13.893492
87.5 78.0 12.706534
87.5 82.0 14.514698
87.5 86.0 25.78636
87.5 89.0 7.4607153
92.5 -89.0 24.530012
92.5 -86.0 98.66072
92.5 -82.0 18.60994
92.5 -78.0 15.401409
92.5 -74.0 22.784922
92.5 -70.0 26.82234
92.5 -66.0 25.79439
92.5 -62.0 28.007206
92.5 -58.0 19.6524
92.5 -54.0 10.308255
92.5 -50.0 10.8986
92.5 -46.0 1.8271847
92.5 -42.0 2.3820245
92.5 -38.0 4.711319
92.5 -34.0 7.8993187
92.5 -30.0 15.372573
92.5 -26.0 26.503984
92.5 -22.0 55.322697
92.5 -18.0 38.89037
92.5 -14.0 37.91246
92.5 -10.0 17.656324
92.5 -6.0 19.59766
92.5 -2.0 14.8000965
92.5 2.0 16.54162
92.5 6.0 7.38765
92.5 10.0 9.22406
92.5 14.0 10.32093
92.5 18.0 7.673881
92.5 22.0 7.083804
92.5 26.0 8.395235
92.5 30.0 7.884475
92.5 34.0 6.6001253
92.5 38.0 8.774688
92.5 42.0 9.508462
92.5 46.0 9.963924
92.5 50.0 12.666141
92.5 54.0 14.2526655
92.5 58.0 15.493569
92.5 62.0 14.762894
92.5 66.0 13.088973
92.5 70.0 15.241466
92.5 74.0 15.103368
92.5 78.0 13.136303
92.5 82.0 14.236349
92.5 86.0 24.765202
92.5 89.0 7.4607153
97.5 -89.0 24.530012
97.5 -86.0 27.109516
97.5 -82.0 19.705378
97.5 -78.0 15.465804
97.5 -74.0 25.405367
97.5 -70.0 29.35108
97.5 -66.0 37.507477
97.5 -62.0 28.383276
97.5 -58.0 44.23665
97.5 -54.0 18.425644
97.5 -50.0 19.77567
97.5 -46.0 10.992783
97.5 -42.0 5.7628407
97.5 -38.0 7.9993024
97.5 -34.0 5.108691
97.5 -30.0 11.713929
97.5 -26.0 24.484596
97.5 -22.0 27.451324
97.5 -18.0 28.713406
97.5 -14.0 18.131035
97.5 -10.0 17.26012
97.5 -6.0 22.915133
97.5 -2.0 29.134583
97.5 2.0 30.45098
97.5 6.0 20.640478
97.5 10.0 14.04937
97.5 14.0 14.644586
97.5 18.0 9.176058
97.5 22.0 7.548182
97.5 26.0 8.396234
97.5 30.0 7.854148
97.5 34.0 7.1966944
97.5 38.0 8.525679
97.5 42.0 9.311788
97.5 46.0 10.166812
97.5 50.0 11.985881
97.5 54.0 13.7499485
97.5 58.0 15.08401
97.5 62.0 14.7328
97.5 66.0 15.779075
97.5 70.0 15.584601
97.5 74.0 14.810233
97.5 78.0 11.46085
97.5 82.0 14.793336
97.5 86.0 25.26518
97.5 89.0 7.4607153
102.5 -89.0 24.530012
102.5 -86.0 60.848385
102.5 -82.0 41.12963
102.5 -78.0 18.724207
102.5 -74.0 55.809944
102.5 -70.0 28.21164
102.5 -66.0 39.720287
102.5 -62.0 32.58351
102.5 -58.0 10.670823
102.5 -54.0 26.854874
102.5 -50.0 28.900703
102.5 -46.0 17.979883
102.5 -42.0 13.212266
102.5 -38.0 23.381641
102.5 -34.0 15.275809
102.5 -30.0 16.222118
102.5 -26.0 27.129732
102.5 -22.0 26.225729
102.5 -18.0 19.310343
102.5 -14.0 13.361227
102.5 -10.0 16.124962
102.5 -6.0 26.678535
102.5 -2.0 35.67659
102.5 2.0 28.17643
102.5 6.0 21.739212
102.5 10.0 25.486431
102.5 14.0 18.60874
102.5 18.0 9.171473
102.5 22.0 6.6502576
102.5 26.0 7.0312557
102.5 30.0 6.741312
102.5 34.0 7.8773527
102.5 38.0 7.38574
102.5 42.0 7.564229
102.5 46.0 8.11236
102.5 50.0 10.547111
102.5 54.0 14.143259
102.5 58.0 14.353843
102.5 62.0 12.888531
102.5 66.0 15.171801
102.5 70.0 16.706266
102.5 74.0 13.541125
102.5 78.0 12.010852
102.5 82.0 15.694194
102.5 86.0 25.696651
102.5 89.0 7.4607153
107.5 -89.0 24.530012
107.5 -86.0 59.717186
107.5 -82.0 48.671303
107.5 -78.0 18.190914
107.5 -74.0 28.180267
107.5 -70.0 31.722858
107.5 -66.0 23.418655
107.5 -62.0 24.322721
107.5 -58.0 32.215168
107.5 -54.0 30.93377
107.5 -50.0 33.44485
107.5 -46.0 25.69347
107.5 -42.0 20.942165
107.5 -38.0 31.488731
107.5 -34.0 33.39313
107.5 -30.0 28.875803
107.5 -26.0 31.362448
107.5 -22.0 36.371864
107.5 -18.0 18.930883
107.5 -14.0 13.889692
107.5 -10.0 20.588087
107.5 -6.0 25.319532
107.5 -2.0 26.52992
107.5 2.0 26.049154
107.5 6.0 28.369837
107.5 10.0 23.388306
107.5 14.0 14.668493
107.5 18.0 8.894177
107.5 22.0 7.199373
107.5 26.0 7.147714
107.5 30.0 7.591807
107.5 34.0 6.7821584
107.5 38.0 7.092507
107.5 42.0 7.8637185
107.5 46.0 9.083569
107.5 50.0 11.175676
107.5 54.0 12.969616
107.5 58.0 13.115837
107.5 62.0 12.681581
107.5 66.0 14.594484
107.5 70.0 14.417653
107.5 74.0 13.455926
107.5 78.0 11.268878
107.5 82.0 13.625614
107.5 86.0 29.189772
107.5 89.0 7.4607153
112.5 -89.0 24.530012
112.5 -86.0 81.80395
112.5 -82.0 45.95214
112.5 -78.0 20.529613
112.5 -74.0 41.69649
112.5 -70.0 21.757042
112.5 -66.0 36.71915
112.5 -62.0 36.417225
112.5 -58.0 32.901
112.5 -54.0 30.02928
112.5 -50.0 40.663307
112.5 -46.0 23.378754
112.5 -42.0 22.58
112.5 -38.0 19.976068
112.5 -34.0 29.408607
112.5 -30.0 32.323647
112.5 -26.0 30.023167
112.5 -22.0 27.39284
112.5 -18.0 21.781242
112.5 -14.0 18.56853
112.5 -10.0 28.369507
112.5 -6.0 27.510351
112.5 -2.0 23.308655
112.5 2.0 31.547453
112.5 6.0 26.75182
112.5 10.0 14.141909
112.5 14.0 11.8934555
112.5 18.0 9.385591
112.5 22.0 7.171279
112.5 26.0 6.7254186
112.5 30.0 6.000242
112.5 34.0 6.473777
112.5 38.0 7.6693616
112.5 42.0 8.19715
112.5 46.0 8.771704
112.5 50.0 10.98142
112.5 54.0 12.474303
112.5 58.0 13.839891
112.5 62.0 13.400166
112.5 66.0 14.078852
112.5 70.0 15.380173
112.5 74.0 15.232872
112.5 78.0 12.673748
112.5 82.0 13.126553
112.5 86.0 25.842875
112.5 89.0 7.4607153
117.5 -89.0 24.530012
117.5 -86.0 88.20341
117.5 -82.0 40.521828
117.5 -78.0 26.689268
117.5 -74.0 17.460209
117.5 -70.0 21.11063
117.5 -66.0 32.80925
117.5 -62.0 48.35193
117.5 -58.0 43.563713
117.5 -54.0 30.536228
117.5 -50.0 25.848179
117.5 -46.0 25.140646
117.5 -42.0 20.681623
117.5 -38.0 16.85013
117.5 -34.0 18.081491
117.5 -30.0 24.715134
117.5 -26.0 27.62989
117.5 -22.0 27.788502
117.5 -18.0 22.535376
117.5 -14.0 25.786818
117.5 -10.0 32.667664
117.5 -6.0 30.40627
117.5 -2.0 28.48599
117.5 2.0 30.367374
117.5 6.0 27.795967
117.5 10.0 12.252853
117.5 14.0 10.049385
117.5 18.0 9.467576
117.5 22.0 6.7902527
117.5 26.0 6.6432643
117.5 30.0 6.9389052
117.5 34.0 6.927312
117.5 38.0 7.540496
117.5 42.0 8.712539
117.5 46.0 9.52447
117.5 50.0 10.887484
117.5 54.0 12.085667
117.5 58.0 14.368289
117.5 62.0 14.673866
117.5 66.0 14.220681
117.5 70.0 15.54291
117.5 74.0 14.339751
117.5 78.0 12.650503
117.5 82.0 13.841614
117.5 86.0 25.20116
117.5 89.0 7.4607153
122.5 -89.0 24.530012
122.5 -86.0 101.56708
122.5 -82.0 36.53607
122.5 -78.0 30.311554
122.5 -74.0 34.116825
122.5 -70.0 19.907887
122.5 -66.0 26.10109
122.5 -62.0 34.792313
122.5 -58.0 38.6687
122.5 -54.0 24.440302
122.5 -50.0 20.469309
122.5 -46.0 29.827597
122.5 -42.0 16.167469
122.5 -38.0 15.682901
122.5 -34.0 23.02794
122.5 -30.0 25.029905
122.5 -26.0 31.390102
122.5 -22.0 31.399103
122.5 -18.0 27.449734
122.5 -14.0 25.51335
122.5 -10.0 38.648666
122.5 -6.0 43.181267
122.5 -2.0 25.239574
122.5 2.0 14.498589
122.5 6.0 12.495332
122.5 10.0 10.131415
122.5 14.0 11.429447
122.5 18.0 10.863556
122.5 22.0 8.357047
122.5 26.0 7.254737
122.5 30.0 7.422133
122.5 34.0 7.2724195
122.5 38.0 8.081781
122.5 42.0 7.3202224
122.5 46.0 9.401617
122.5 50.0 10.812378
122.5 54.0 12.846952
122.5 58.0 13.600375
122.5 62.0 13.127052
122.5 66.0 13.57059
122.5 70.0 14.744606
122.5 74.0 14.622938
122.5 78.0 14.286977
122.5 82.0 12.931545
122.5 86.0 28.057
122.5 89.0 7.4607153
127.5 -89.0 24.530012
127.5 -86.0 82.67226
127.5 -82.0 39.462494
127.5 -78.0 18.32917
127.5 -74.0 16.129328
127.5 -70.0 29.657114
127.5 -66.0 23.049164
127.5 -62.0 49.45491
127.5 -58.0 32.36904
127.5 -54.0 14.704099
127.5 -50.0 29.826937
127.5 -46.0 32.34006
127.5 -42.0 26.012518
127.5 -38.0 18.972628
127.5 -34.0 31.919962
127.5 -30.0 27.38504
127.5 -26.0 49.8953
127.5 -22.0 27.824812
127.5 -18.0 28.004446
127.5 -14.0 24.797436
127.5 -10.0 30.909372
127.5 -6.0 20.129358
127.5 -2.0 13.098877
127.5 2.0 9.339325
127.5 6.0 9.650852
127.5 10.0 9.154398
127.5 14.0 12.938947
127.5 18.0 13.485748
127.5 22.0 8.067442
127.5 26.0 6.8993306
127.5 30.0 8.124928
127.5 34.0 7.565147
127.5 38.0 7.6204214
127.5 42.0 9.073838
127.5 46.0 9.298358
127.5 50.0 10.672316
127.5 54.0 13.654814
127.5 58.0 14.626639
127.5 62.0 14.2654915
127.5 66.0 13.7187805
127.5 70.0 14.607228
127.5 74.0 14.225988
127.5 78.0 14.071124
127.5 82.0 13.12191
127.5 86.0 24.285374
127.5 89.0 7.4607153
132.5 -89.0 24.530012
132.5 -86.0 85.39456
132.5 -82.0 28.288254
132.5 -78.0 27.016188
132.5 -74.0 26.90664
132.5 -70.0 13.774137
132.5 -66.0 32.72342
132.5 -62.0 18.905375
132.5 -58.0 20.498415
132.5 -54.0 28.101164
132.5 -50.0 20.113579
132.5 -46.0 27.843266
132.5 -42.0 28.658575
132.5 -38.0 19.895744
132.5 -34.0 28.32916
132.5 -30.0 42.808685
132.5 -26.0 42.584145
132.5 -22.0 38.503292
132.5 -18.0 20.22316
132.5 -14.0 21.541878
132.5 -10.0 21.41665
132.5 -6.0 9.331678
132.5 -2.0 5.0498137
132.5 2.0 5.8194895
132.5 6.0 8.1586895
132.5 10.0 10.635564
132.5 14.0 14.035905
132.5 18.0 13.496037
132.5 22.0 8.098975
132.5 26.0 6.5552087
132.5 30.0 7.8687935
132.5 34.0 8.520468
132.5 38.0 9.196175
132.5 42.0 10.311899
132.5 46.0 9.490813
132.5 50.0 12.416958
132.5 54.0 12.741611
132.5 58.0 12.852832
132.5 62.0 14.134968
132.5 66.0 13.924282
132.5 70.0 15.397882
132.5 74.0 13.999236
132.5 78.0 12.87762
132.5 82.0 12.4293585
132.5 86.0 23.781544
132.5 89.0 7.4607153
137.5 -89.0 24.530012
137.5 -86.0 71.63636
137.5 -82.0 21.919441
137.5 -78.0 40.03443
137.5 -74.0 54.528687
137.5 -70.0 15.461146
137.5 -66.0 30.705593
137.5 -62.0 15.640436
137.5 -58.0 30.121956
137.5 -54.0 30.702398
137.5 -50.0 27.058128
137.5 -46.0 52.442028
137.5 -42.0 32.13969
137.5 -38.0 23.006556
137.5 -34.0 25.632177
137.5 -30.0 40.7654
137.5 -26.0 46.431087
137.5 -22.0 36.015694
137.5 -18.0 19.627628
137.5 -14.0 19.18789
137.5 -10.0 21.172068
137.5 -6.0 6.393827
137.5 -2.0 4.6847835
137.5 2.0 5.5320125
137.5 6.0 6.695808
137.5 10.0 13.793431
137.5 14.0 18.201584
137.5 18.0 15.442723
137.5 22.0 16.760927
137.5 26.0 14.314054
137.5 30.0 9.990057
137.5 34.0 8.001476
137.5 38.0 8.005755
137.5 42.0 9.929064
137.5 46.0 10.542454
137.5 50.0 11.324122
137.5 54.0 12.61685
137.5 58.0 13.982212
137.5 62.0 13.043523
137.5 66.0 14.657744
137.5 70.0 14.209539
137.5 74.0 14.167463
137.5 78.0 12.882741
137.5 82.0 12.861757
137.5 86.0 21.545727
137.5 89.0 7.4607153
142.5 -89.0 24.530012
142.5 -86.0 76.18127
142.5 -82.0 21.526701
142.5 -78.0 36.875095
142.5 -74.0 74.50185
142.5 -70.0 13.6547365
142.5 -66.0 24.869831
142.5 -62.0 27.003721
142.5 -58.0 16.788662
142.5 -54.0 22.15025
142.5 -50.0 36.20481
142.5 -46.0 25.972988
142.5 -42.0 38.896034
142.5 -38.0 31.273643
142.5 -34.0 21.390041
142.5 -30.0 16.250301
142.5 -26.0 25.093292
142.5 -22.0 24.826887
142.5 -18.0 17.966782
142.5 -14.0 20.449085
142.5 -10.0 12.526427
142.5 -6.0 5.321723
142.5 -2.0 4.685481
142.5 2.0 4.5186677
142.5 6.0 7.572537
142.5 10.0 16.009666
142.5 14.0 30.149597
142.5 18.0 35.21222
142.5 22.0 29.687778
142.5 26.0 28.002373
142.5 30.0 13.893392
142.5 34.0 7.1289854
142.5 38.0 10.015759
142.5 42.0 10.922533
142.5 46.0 12.262783
142.5 50.0 13.124176
142.5 54.0 12.532096
142.5 58.0 13.12045
142.5 62.0 14.961149
142.5 66.0 14.269844
142.5 70.0 14.345766
142.5 74.0 12.826568
142.5 78.0 12.318267
142.5 82.0 13.48848
142.5 86.0 22.886892
142.5 89.0 7.4607153
147.5 -89.0 24.530012
147.5 -86.0 71.479164
147.5 -82.0 32.310818
147.5 -78.0 38.013737
147.5 -74.0 42.09184
147.5 -70.0 18.349787
147.5 -66.0 24.893623
147.5 -62.0 31.129066
147.5 -58.0 22.218443
147.5 -54.0 31.377144
147.5 -50.0 28.495687
147.5 -46.0 26.185997
147.5 -42.0 14.531051
147.5 -38.0 27.905361
147.5 -34.0 22.411583
147.5 -30.0 16.582083
147.5 -26.0 14.729656
147.5 -22.0 15.943753
147.5 -18.0 16.039553
147.5 -14.0 28.417028
147.5 -10.0 11.877309
147.5 -6.0 5.2819734
147.5 -2.0 5.411558
147.5 2.0 5.57093
147.5 6.0 7.5553894
147.5 10.0 11.824598
147.5 14.0 25.447882
147.5 18.0 58.28893
147.5 22.0 79.76538
147.5 26.0 140.39784
147.5 30.0 20.998856
147.5 34.0 8.53023
147.5 38.0 9.28489
147.5 42.0 11.138284
147.5 46.0 11.250467
147.5 50.0 13.3443365
147.5 54.0 13.483362
147.5 58.0 14.228094
147.5 62.0 13.797647
147.5 66.0 14.262234
147.5 70.0 13.490141
147.5 74.0 13.564323
147.5 78.0 11.070501
147.5 82.0 14.104068
147.5 86.0 21.349865
147.5 89.0 7.4607153
152.5 -89.0 24.530012
152.5 -86.0 52.00421
152.5 -82.0 37.405357
152.5 -78.0 47.46138
152.5 -74.0 52.57148
152.5 -70.0 18.704226
152.5 -66.0 20.557106
152.5 -62.0 50.242077
152.5 -58.0 41.115623
152.5 -54.0 40.21728
152.5 -50.0 29.47253
152.5 -46.0 25.224733
152.5 -42.0 16.92791
152.5 -38.0 21.982021
152.5 -34.0 24.106241
152.5 -30.0 14.558497
152.5 -26.0 15.830984
152.5 -22.0 12.812442
152.5 -18.0 15.22406
152.5 -14.0 13.289954
152.5 -10.0 9.425614
152.5 -6.0 4.4586506
152.5 -2.0 6.2138395
152.5 2.0 6.595123
152.5 6.0 6.245603
152.5 10.0 8.569566
152.5 14.0 12.104368
152.5 18.0 28.757057
152.5 22.0 60.58236
152.5 26.0 52.149277
152.5 30.0 30.422173
152.5 34.0 12.731522
152.5 38.0 10.822853
152.5 42.0 10.954893
152.5 46.0 12.315829
152.5 50.0 13.930915
152.5 54.0 13.831886
152.5 58.0 14.194079
152.5 62.0 15.180339
152.5 66.0 14.5801
152.5 70.0 14.385421
152.5 74.0 14.68665
152.5 78.0 12.020314
152.5 82.0 14.520232
152.5 86.0 18.29834
152.5 89.0 7.4607153
157.5 -89.0 24.530012
157.5 -86.0 58.886513
157.5 -82.0 49.991993
157.5 -78.0 47.118565
157.5 -74.0 48.239162
157.5 -70.0 33.188396
157.5 -66.0 19.754673
157.5 -62.0 36.132435
157.5 -58.0 35.17331
157.5 -54.0 31.318897
157.5 -50.0 25.949724
157.5 -46.0 22.253193
157.5 -42.0 27.245481
157.5 -38.0 23.257841
157.5 -34.0 22.9736
157.5 -30.0 14.987347
157.5 -26.0 15.784755
157.5 -22.0 12.662361
157.5 -18.0 10.132183
157.5 -14.0 9.350908
157.5 -10.0 6.1862183
157.5 -6.0 4.99266
157.5 -2.0 6.3729243
157.5 2.0 6.3434806
157.5 6.0 6.689095
157.5 10.0 11.077777
157.5 14.0 11.517139
157.5 18.0 12.954291
157.5 22.0 16.838665
157.5 26.0 21.267828
157.5 30.0 19.763834
157.5 34.0 16.4722
157.5 38.0 13.185449
157.5 42.0 13.264714
157.5 46.0 13.090801
157.5 50.0 13.742298
157.5 54.0 15.189641
157.5 58.0 13.723209
157.5 62.0 14.514117
157.5 66.0 14.875168
157.5 70.0 14.687791
157.5 74.0 13.928867
157.5 78.0 12.81922
157.5 82.0 15.6381235
157.5 86.0 18.184797
157.5 89.0 7.4607153
162.5 -89.0 24.530012
162.5 -86.0 59.412807
162.5 -82.0 44.537647
162.5 -78.0 41.54189
162.5 -74.0 29.88197
162.5 -70.0 17.748459
162.5 -66.0 28.170887
162.5 -62.0 21.844162
162.5 -58.0 51.049072
162.5 -54.0 36.690155
162.5 -50.0 24.317177
162.5 -46.0 23.414282
162.5 -42.0 40.282166
162.5 -38.0 23.518272
162.5 -34.0 21.723085
162.5 -30.0 21.276375
162.5 -26.0 21.167318
162.5 -22.0 13.464463
162.5 -18.0 7.6938233
162.5 -14.0 5.371216
162.5 -10.0 4.943967
162.5 -6.0 6.123073
162.5 -2.0 6.704345
162.5 2.0 6.3844733
162.5 6.0 7.9735103
162.5 10.0 12.975443
162.5 14.0 12.962331
162.5 18.0 9.475631
162.5 22.0 9.282567
162.5 26.0 12.366434
162.5 30.0 12.174898
162.5 34.0 12.064348
162.5 38.0 16.14864
162.5 42.0 19.31214
162.5 46.0 14.201719
162.5 50.0 12.614375
162.5 54.0 15.003065
162.5 58.0 13.630839
162.5 62.0 15.29566
162.5 66.0 14.457154
162.5 70.0 14.775119
162.5 74.0 15.190221
162.5 78.0 12.294417
162.5 82.0 15.0607195
162.5 86.0 20.95294
162.5 89.0 7.4607153
167.5 -89.0 24.530012
167.5 -86.0 68.4996
167.5 -82.0 43.82734
167.5 -78.0 49.48882
167.5 -74.0 33.904457
167.5 -70.0 18.27481
167.5 -66.0 32.77521
167.5 -62.0 23.37538
167.5 -58.0 32.11669
167.5 -54.0 42.601547
167.5 -50.0 44.368755
167.5 -46.0 40.364227
167.5 -42.0 39.64244
167.5 -38.0 25.900343
167.5 -34.0 26.478636
167.5 -30.0 22.768269
167.5 -26.0 28.88739
167.5 -22.0 16.016699
167.5 -18.0 6.844736
167.5 -14.0 7.12144
167.5 -10.0 5.5021596
167.5 -6.0 6.3145375
167.5 -2.0 7.757924
167.5 2.0 7.4053097
167.5 6.0 8.396702
167.5 10.0 11.911452
167.5 14.0 13.149868
167.5 18.0 9.621216
167.5 22.0 9.577926
167.5 26.0 12.094335
167.5 30.0 8.990734
167.5 34.0 8.086857
167.5 38.0 10.507556
167.5 42.0 13.979958
167.5 46.0 14.460689
167.5 50.0 13.827419
167.5 54.0 14.039004
167.5 58.0 12.519303
167.5 62.0 14.868124
167.5 66.0 14.655889
167.5 70.0 14.500389
167.5 74.0 14.193993
167.5 78.0 11.362137
167.5 82.0 14.697443
167.5 86.0 19.391096
167.5 89.0 7.4607153
172.5 -89.0 24.530012
172.5 -86.0 67.6474
172.5 -82.0 57.17798
172.5 -78.0 54.20892
172.5 -74.0 33.745674
172.5 -70.0 29.83663
172.5 -66.0 31.951113
172.5 -62.0 38.007835
172.5 -58.0 41.01931
172.5 -54.0 35.948494
172.5 -50.0 41.812073
172.5 -46.0 50.246956
172.5 -42.0 35.146866
172.5 -38.0 25.382483
172.5 -34.0 16.248724
172.5 -30.0 25.071823
172.5 -26.0 21.744827
172.5 -22.0 18.845617
172.5 -18.0 11.050945
172.5 -14.0 8.395176
172.5 -10.0 10.216312
172.5 -6.0 7.3898025
172.5 -2.0 7.079566
172.5 2.0 7.89247
172.5 6.0 8.176838
172.5 10.0 12.664033
172.5 14.0 12.659475
172.5 18.0 8.602895
172.5 22.0 8.986377
172.5 26.0 8.68486
172.5 30.0 7.2596946
172.5 34.0 8.597042
172.5 38.0 9.431642
172.5 42.0 11.239528
172.5 46.0 12.507109
172.5 50.0 12.723761
172.5 54.0 13.098167
172.5 58.0 13.382999
172.5 62.0 14.545593
172.5 66.0 14.419346
172.5 70.0 13.990586
172.5 74.0 13.087876
172.5 78.0 11.928209
172.5 82.0 16.023983
172.5 86.0 18.960014
172.5 89.0 7.4607153
177.5 -89.0 24.530012
177.5 -86.0 54.292805
177.5 -82.0 63.704567
177.5 -78.0 45.429802
177.5 -74.0 38.37392
177.5 -70.0 31.783686
177.5 -66.0 38.822468
177.5 -62.0 26.094936
177.5 -58.0 28.368214
177.5 -54.0 21.31871
177.5 -50.0 26.917528
177.5 -46.0 42.4488
177.5 -42.0 26.757328
177.5 -38.0 14.969852
177.5 -34.0 20.317299
177.5 -30.0 16.083828
177.5 -26.0 12.359364
177.5 -22.0 15.600261
177.5 -18.0 18.064379
177.5 -14.0 12.687601
177.5 -10.0 14.453807
177.5 -6.0 9.991978
177.5 -2.0 8.790721
177.5 2.0 7.3594112
177.5 6.0 10.980314
177.5 10.0 14.48475
177.5 14.0 11.71382
177.5 18.0 6.4097776
177.5 22.0 7.6912756
177.5 26.0 7.7065463
177.5 30.0 7.2612786
177.5 34.0 7.8854637
177.5 38.0 9.084952
177.5 42.0 10.451167
177.5 46.0 12.125182
177.5 50.0 14.004152
177.5 54.0 14.629031
177.5 58.0 13.914209
177.5 62.0 14.919471
177.5 66.0 14.385448
177.5 70.0 14.334258
177.5 74.0 12.425221
177.5 78.0 12.286196
177.5 82.0 17.431583
177.5 86.0 17.90934
177.5 89.0 7.4607153
