-177.5 -89.0 18.907724
-177.5 -86.0 54.219406
-177.5 -82.0 45.08486
-177.5 -78.0 29.467987
-177.5 -74.0 28.040785
-177.5 -70.0 27.179193
-177.5 -66.0 33.28537
-177.5 -62.0 28.611917
-177.5 -58.0 23.628202
-177.5 -54.0 22.945066
-177.5 -50.0 33.25827
-177.5 -46.0 36.52616
-177.5 -42.0 24.302896
-177.5 -38.0 17.92021
-177.5 -34.0 15.385529
-177.5 -30.0 18.084486
-177.5 -26.0 16.916107
-177.5 -22.0 16.469229
-177.5 -18.0 25.313486
-177.5 -14.0 19.887924
-177.5 -10.0 17.405806
-177.5 -6.0 15.495641
-177.5 -2.0 11.808631
-177.5 2.0 8.764263
-177.5 6.0 10.1365385
-177.5 10.0 13.69463
-177.5 14.0 10.506554
-177.5 18.0 7.146845
-177.5 22.0 7.506523
-177.5 26.0 6.601257
-177.5 30.0 6.0379105
-177.5 34.0 6.523542
-177.5 38.0 9.270997
-177.5 42.0 11.063301
-177.5 46.0 12.055024
-177.5 50.0 14.519967
-177.5 54.0 14.153369
-177.5 58.0 12.812824
-177.5 62.0 12.565911
-177.5 66.0 13.886512
-177.5 70.0 12.725087
-177.5 74.0 12.727907
-177.5 78.0 11.437985
-177.5 82.0 16.703093
-177.5 86.0 21.550795
-177.5 89.0 7.261942
-172.5 -89.0 18.907724
-172.5 -86.0 54.479485
-172.5 -82.0 47.770794
-172.5 -78.0 42.118195
-172.5 -74.0 32.36497
-172.5 -70.0 24.18376
-172.5 -66.0 37.896553
-172.5 -62.0 37.39584
-172.5 -58.0 18.80465
-172.5 -54.0 19.422018
-172.5 -50.0 27.569605
-172.5 -46.0 38.274433
-172.5 -42.0 16.759314
-172.5 -38.0 18.617777
-172.5 -34.0 29.513193
-172.5 -30.0 26.867489
-172.5 -26.0 29.129177
-172.5 -22.0 26.57338
-172.5 -18.0 17.87603
-172.5 -14.0 16.345802
-172.5 -10.0 11.704738
-172.5 -6.0 14.85094
-172.5 -2.0 11.8146715
-172.5 2.0 7.905436
-172.5 6.0 8.742842
-172.5 10.0 13.509656
-172.5 14.0 10.1814785
-172.5 18.0 6.728966
-172.5 22.0 6.6511607
-172.5 26.0 5.71091
-172.5 30.0 6.180926
-172.5 34.0 6.9938836
-172.5 38.0 8.889696
-172.5 42.0 10.468174
-172.5 46.0 11.785249
-172.5 50.0 15.062486
-172.5 54.0 14.841191
-172.5 58.0 13.877868
-172.5 62.0 13.816175
-172.5 66.0 14.907742
-172.5 70.0 12.579945
-172.5 74.0 13.111103
-172.5 78.0 13.9617195
-172.5 82.0 17.120584
-172.5 86.0 23.686771
-172.5 89.0 7.261942
-167.5 -89.0 18.907724
-167.5 -86.0 51.19548
-167.5 -82.0 50.4865
-167.5 -78.0 38.675606
-167.5 -74.0 32.542667
-167.5 -70.0 13.913918
-167.5 -66.0 26.88375
-167.5 -62.0 26.493006
-167.5 -58.0 33.61184
-167.5 -54.0 29.337378
-167.5 -50.0 14.418261
-167.5 -46.0 25.892403
-167.5 -42.0 27.66154
-167.5 -38.0 18.037073
-167.5 -34.0 36.278034
-167.5 -30.0 41.421604
-167.5 -26.0 36.193096
-167.5 -22.0 24.97081
-167.5 -18.0 7.9975533
-167.5 -14.0 7.201102
-167.5 -10.0 16.434853
-167.5 -6.0 14.397572
-167.5 -2.0 11.285241
-167.5 2.0 8.416772
-167.5 6.0 7.783071
-167.5 10.0 13.183064
-167.5 14.0 10.315262
-167.5 18.0 4.2200036
-167.5 22.0 3.4427164
-167.5 26.0 4.531673
-167.5 30.0 5.069213
-167.5 34.0 7.2040234
-167.5 38.0 9.413304
-167.5 42.0 10.707678
-167.5 46.0 12.341052
-167.5 50.0 13.756711
-167.5 54.0 13.938528
-167.5 58.0 13.597933
-167.5 62.0 12.62915
-167.5 66.0 14.162593
-167.5 70.0 12.475786
-167.5 74.0 11.633753
-167.5 78.0 13.111803
-167.5 82.0 16.279385
-167.5 86.0 23.102568
-167.5 89.0 7.261942
-162.5 -89.0 18.907724
-162.5 -86.0 55.07571
-162.5 -82.0 50.16821
-162.5 -78.0 33.168957
-162.5 -74.0 25.896582
-162.5 -70.0 14.26378
-162.5 -66.0 15.792785
-162.5 -62.0 29.501244
-162.5 -58.0 45.566357
-162.5 -54.0 28.326624
-162.5 -50.0 28.58773
-162.5 -46.0 32.11206
-162.5 -42.0 20.812067
-162.5 -38.0 47.314377
-162.5 -34.0 57.04013
-162.5 -30.0 37.701
-162.5 -26.0 40.160763
-162.5 -22.0 14.5718
-162.5 -18.0 6.0990286
-162.5 -14.0 11.145165
-162.5 -10.0 19.574839
-162.5 -6.0 16.697208
-162.5 -2.0 14.195283
-162.5 2.0 11.6546135
-162.5 6.0 9.280864
-162.5 10.0 12.287266
-162.5 14.0 8.3032255
-162.5 18.0 4.9489875
-162.5 22.0 3.9065762
-162.5 26.0 5.0689106
-162.5 30.0 5.9327073
-162.5 34.0 7.35375
-162.5 38.0 9.298305
-162.5 42.0 12.196692
-162.5 46.0 13.218739
-162.5 50.0 13.623146
-162.5 54.0 15.142894
-162.5 58.0 13.285918
-162.5 62.0 12.999398
-162.5 66.0 14.059042
-162.5 70.0 12.955271
-162.5 74.0 10.008177
-162.5 78.0 13.179936
-162.5 82.0 16.08829
-162.5 86.0 24.48841
-162.5 89.0 7.261942
-157.5 -89.0 18.907724
-157.5 -86.0 54.546513
-157.5 -82.0 51.784626
-157.5 -78.0 30.60529
-157.5 -74.0 13.981847
-157.5 -70.0 17.233524
-157.5 -66.0 13.117919
-157.5 -62.0 22.12384
-157.5 -58.0 34.340843
-157.5 -54.0 25.573599
-157.5 -50.0 34.99548
-157.5 -46.0 42.42242
-157.5 -42.0 13.0104475
-157.5 -38.0 30.420065
-157.5 -34.0 46.757446
-157.5 -30.0 34.46176
-157.5 -26.0 32.06104
-157.5 -22.0 15.018281
-157.5 -18.0 12.336451
-157.5 -14.0 19.04317
-157.5 -10.0 28.729118
-157.5 -6.0 27.041231
-157.5 -2.0 33.953323
-157.5 2.0 18.198538
-157.5 6.0 10.977468
-157.5 10.0 10.164147
-157.5 14.0 8.538266
-157.5 18.0 6.766348
-157.5 22.0 5.4068947
-157.5 26.0 5.1250086
-157.5 30.0 5.456034
-157.5 34.0 7.4873977
-157.5 38.0 10.1123295
-157.5 42.0 10.970366
-157.5 46.0 13.482927
-157.5 50.0 13.641942
-157.5 54.0 13.20603
-157.5 58.0 13.088961
-157.5 62.0 15.0250225
-157.5 66.0 12.462205
-157.5 70.0 13.276765
-157.5 74.0 10.753315
-157.5 78.0 10.400702
-157.5 82.0 16.010136
-157.5 86.0 25.153244
-157.5 89.0 7.261942
-152.5 -89.0 18.907724
-152.5 -86.0 56.675426
-152.5 -82.0 39.702866
-152.5 -78.0 30.23391
-152.5 -74.0 26.400892
-152.5 -70.0 31.403906
-152.5 -66.0 15.801852
-152.5 -62.0 16.939001
-152.5 -58.0 50.44632
-152.5 -54.0 29.690466
-152.5 -50.0 29.669134
-152.5 -46.0 43.437153
-152.5 -42.0 43.24677
-152.5 -38.0 29.12356
-152.5 -34.0 19.459766
-152.5 -30.0 24.358297
-152.5 -26.0 31.348085
-152.5 -22.0 15.618371
-152.5 -18.0 16.681694
-152.5 -14.0 23.246664
-152.5 -10.0 34.592335
-152.5 -6.0 37.70327
-152.5 -2.0 24.027948
-152.5 2.0 16.226086
-152.5 6.0 11.863059
-152.5 10.0 8.597228
-152.5 14.0 9.18861
-152.5 18.0 3.913555
-152.5 22.0 2.7019958
-152.5 26.0 5.521506
-152.5 30.0 8.268587
-152.5 34.0 6.5540056
-152.5 38.0 11.539039
-152.5 42.0 13.269074
-152.5 46.0 12.325187
-152.5 50.0 14.841641
-152.5 54.0 15.070539
-152.5 58.0 13.230445
-152.5 62.0 16.336275
-152.5 66.0 13.583943
-152.5 70.0 12.410716
-152.5 74.0 11.468299
-152.5 78.0 10.878661
-152.5 82.0 15.26996
-152.5 86.0 22.124977
-152.5 89.0 7.261942
-147.5 -89.0 18.907724
-147.5 -86.0 57.42987
-147.5 -82.0 48.39819
-147.5 -78.0 24.557007
-147.5 -74.0 21.057917
-147.5 -70.0 53.199192
-147.5 -66.0 22.354267
-147.5 -62.0 21.988634
-147.5 -58.0 31.48379
-147.5 -54.0 26.565737
-147.5 -50.0 31.73665
-147.5 -46.0 49.651676
-147.5 -42.0 34.61843
-147.5 -38.0 24.61648
-147.5 -34.0 27.345793
-147.5 -30.0 25.842741
-147.5 -26.0 26.443045
-147.5 -22.0 19.96882
-147.5 -18.0 18.06742
-147.5 -14.0 27.183111
-147.5 -10.0 60.13793
-147.5 -6.0 40.396454
-147.5 -2.0 42.23154
-147.5 2.0 26.147562
-147.5 6.0 21.029016
-147.5 10.0 8.576393
-147.5 14.0 11.60522
-147.5 18.0 24.437355
-147.5 22.0 44.094193
-147.5 26.0 46.171146
-147.5 30.0 18.386915
-147.5 34.0 8.213254
-147.5 38.0 10.960154
-147.5 42.0 14.453087
-147.5 46.0 11.594436
-147.5 50.0 15.040229
-147.5 54.0 15.686491
-147.5 58.0 14.638214
-147.5 62.0 14.841132
-147.5 66.0 15.672792
-147.5 70.0 12.594889
-147.5 74.0 11.845711
-147.5 78.0 11.543104
-147.5 82.0 15.073532
-147.5 86.0 23.868584
-147.5 89.0 7.261942
-142.5 -89.0 18.907724
-142.5 -86.0 59.521957
-142.5 -82.0 45.665016
-142.5 -78.0 24.253946
-142.5 -74.0 21.96813
-142.5 -70.0 27.634356
-142.5 -66.0 26.635326
-142.5 -62.0 17.591898
-142.5 -58.0 33.211353
-142.5 -54.0 20.67551
-142.5 -50.0 36.178055
-142.5 -46.0 39.356846
-142.5 -42.0 38.505558
-142.5 -38.0 26.626102
-142.5 -34.0 33.080265
-142.5 -30.0 35.722492
-142.5 -26.0 36.542854
-142.5 -22.0 35.329205
-142.5 -18.0 26.119087
-142.5 -14.0 32.353947
-142.5 -10.0 64.09445
-142.5 -6.0 85.87797
-142.5 -2.0 45.894386
-142.5 2.0 56.371437
-142.5 6.0 29.835505
-142.5 10.0 12.108964
-142.5 14.0 7.16378
-142.5 18.0 43.08673
-142.5 22.0 359.47705
-142.5 26.0 146.43228
-142.5 30.0 22.892002
-142.5 34.0 18.481731
-142.5 38.0 12.871556
-142.5 42.0 11.983045
-142.5 46.0 14.521941
-142.5 50.0 15.106599
-142.5 54.0 16.953531
-142.5 58.0 15.012132
-142.5 62.0 15.210861
-142.5 66.0 14.143669
-142.5 70.0 12.729339
-142.5 74.0 13.653077
-142.5 78.0 12.931003
-142.5 82.0 15.492961
-142.5 86.0 24.74739
-142.5 89.0 7.261942
-137.5 -89.0 18.907724
-137.5 -86.0 61.464607
-137.5 -82.0 41.23273
-137.5 -78.0 31.63098
-137.5 -74.0 30.594852
-137.5 -70.0 29.325638
-137.5 -66.0 43.5033
-137.5 -62.0 23.849083
-137.5 -58.0 18.925388
-137.5 -54.0 38.396576
-137.5 -50.0 30.315609
-137.5 -46.0 35.95704
-137.5 -42.0 38.606956
-137.5 -38.0 27.023594
-137.5 -34.0 34.659546
-137.5 -30.0 35.70235
-137.5 -26.0 49.915913
-137.5 -22.0 45.188885
-137.5 -18.0 44.1124
-137.5 -14.0 44.523785
-137.5 -10.0 77.41681
-137.5 -6.0 148.45343
-137.5 -2.0 88.25604
-137.5 2.0 39.228947
-137.5 6.0 100.02465
-137.5 10.0 52.77181
-137.5 14.0 8.644748
-137.5 18.0 224.60486
-137.5 22.0 147.48877
-137.5 26.0 61.705597
-137.5 30.0 9.87714
-137.5 34.0 17.317604
-137.5 38.0 44.671844
-137.5 42.0 8.648201
-137.5 46.0 20.321829
-137.5 50.0 19.928284
-137.5 54.0 12.509983
-137.5 58.0 15.901537
-137.5 62.0 17.088526
-137.5 66.0 13.126388
-137.5 70.0 14.257722
-137.5 74.0 13.630457
-137.5 78.0 12.2408285
-137.5 82.0 15.979231
-137.5 86.0 26.716345
-137.5 89.0 7.261942
-132.5 -89.0 18.907724
-132.5 -86.0 55.84483
-132.5 -82.0 41.864758
-132.5 -78.0 33.127922
-132.5 -74.0 33.84425
-132.5 -70.0 29.913437
-132.5 -66.0 39.396606
-132.5 -62.0 34.14142
-132.5 -58.0 37.148373
-132.5 -54.0 41.708744
-132.5 -50.0 60.983192
-132.5 -46.0 32.128414
-132.5 -42.0 34.02711
-132.5 -38.0 23.252398
-132.5 -34.0 36.527332
-132.5 -30.0 44.32006
-132.5 -26.0 58.385204
-132.5 -22.0 73.07485
-132.5 -18.0 80.1848
-132.5 -14.0 95.24152
-132.5 -10.0 203.77878
-132.5 -6.0 285.7262
-132.5 -2.0 149.15903
-132.5 2.0 129.54434
-132.5 6.0 148.773
-132.5 10.0 161.8609
-132.5 14.0 191.09398
-132.5 18.0 187.1521
-132.5 22.0 138.80418
-132.5 26.0 20.550987
-132.5 30.0 11.212436
-132.5 34.0 9.155225
-132.5 38.0 39.62152
-132.5 42.0 12.813104
-132.5 46.0 19.653845
-132.5 50.0 30.586937
-132.5 54.0 12.304408
-132.5 58.0 16.613302
-132.5 62.0 18.217112
-132.5 66.0 13.2461
-132.5 70.0 13.716922
-132.5 74.0 13.8872385
-132.5 78.0 9.783683
-132.5 82.0 15.017338
-132.5 86.0 25.928097
-132.5 89.0 7.261942
-127.5 -89.0 18.907724
-127.5 -86.0 62.048763
-127.5 -82.0 38.24421
-127.5 -78.0 24.767218
-127.5 -74.0 21.065128
-127.5 -70.0 21.573095
-127.5 -66.0 30.840914
-127.5 -62.0 25.080936
-127.5 -58.0 31.584612
-127.5 -54.0 24.463076
-127.5 -50.0 35.76511
-127.5 -46.0 26.718843
-127.5 -42.0 36.880272
-127.5 -38.0 32.42985
-127.5 -34.0 43.904755
-127.5 -30.0 48.243347
-127.5 -26.0 66.25868
-127.5 -22.0 124.83074
-127.5 -18.0 160.99533
-127.5 -14.0 204.5138
-127.5 -10.0 167.74318
-127.5 -6.0 154.50906
-127.5 -2.0 230.26155
-127.5 2.0 202.98677
-127.5 6.0 103.71051
-127.5 10.0 146.36847
-127.5 14.0 233.18236
-127.5 18.0 226.24933
-127.5 22.0 102.815994
-127.5 26.0 119.083305
-127.5 30.0 38.375553
-127.5 34.0 15.79818
-127.5 38.0 32.409
-127.5 42.0 15.717546
-127.5 46.0 16.352922
-127.5 50.0 25.776691
-127.5 54.0 17.577827
-127.5 58.0 15.4842205
-127.5 62.0 16.9114
-127.5 66.0 14.0338955
-127.5 70.0 15.06837
-127.5 74.0 14.010572
-127.5 78.0 11.472176
-127.5 82.0 14.467402
-127.5 86.0 24.500374
-127.5 89.0 7.261942
-122.5 -89.0 18.907724
-122.5 -86.0 65.56372
-122.5 -82.0 37.608723
-122.5 -78.0 18.873318
-122.5 -74.0 22.235655
-122.5 -70.0 25.638233
-122.5 -66.0 25.264656
-122.5 -62.0 43.31851
-122.5 -58.0 34.340908
-122.5 -54.0 29.423717
-122.5 -50.0 26.025223
-122.5 -46.0 26.199678
-122.5 -42.0 34.850292
-122.5 -38.0 32.15832
-122.5 -34.0 53.665077
-122.5 -30.0 64.686844
-122.5 -26.0 92.15253
-122.5 -22.0 227.3333
-122.5 -18.0 421.524
-122.5 -14.0 608.4458
-122.5 -10.0 111.55503
-122.5 -6.0 321.25754
-122.5 -2.0 206.68617
-122.5 2.0 353.9445
-122.5 6.0 228.4217
-122.5 10.0 141.60829
-122.5 14.0 224.61923
-122.5 18.0 263.4473
-122.5 22.0 161.22005
-122.5 26.0 100.33817
-122.5 30.0 58.64447
-122.5 34.0 34.12803
-122.5 38.0 36.31146
-122.5 42.0 43.52316
-122.5 46.0 23.341106
-122.5 50.0 18.644724
-122.5 54.0 24.065666
-122.5 58.0 16.817785
-122.5 62.0 16.330912
-122.5 66.0 15.363549
-122.5 70.0 16.186422
-122.5 74.0 12.069237
-122.5 78.0 12.684574
-122.5 82.0 14.309422
-122.5 86.0 22.971167
-122.5 89.0 7.261942
-117.5 -89.0 18.907724
-117.5 -86.0 40.11831
-117.5 -82.0 35.71406
-117.5 -78.0 21.569136
-117.5 -74.0 19.407848
-117.5 -70.0 30.174465
-117.5 -66.0 46.61032
-117.5 -62.0 30.72616
-117.5 -58.0 31.952887
-117.5 -54.0 27.304537
-117.5 -50.0 27.933558
-117.5 -46.0 25.158514
-117.5 -42.0 34.816807
-117.5 -38.0 50.33094
-117.5 -34.0 59.9027
-117.5 -30.0 73.10629
-117.5 -26.0 115.70791
-117.5 -22.0 313.22635
-117.5 -18.0 499.49942
-117.5 -14.0 376.7429
-117.5 -10.0 176.65202
-117.5 -6.0 109.48312
-117.5 -2.0 143.56683
-117.5 2.0 96.87012
-117.5 6.0 90.10356
-117.5 10.0 72.99943
-117.5 14.0 81.02593
-117.5 18.0 157.58522
-117.5 22.0 155.47906
-117.5 26.0 98.44612
-117.5 30.0 49.79284
-117.5 34.0 48.405785
-117.5 38.0 119.03953
-117.5 42.0 129.7902
-117.5 46.0 27.48158
-117.5 50.0 15.052179
-117.5 54.0 22.157902
-117.5 58.0 18.827179
-117.5 62.0 14.578465
-117.5 66.0 15.0056305
-117.5 70.0 14.647914
-117.5 74.0 12.741267
-117.5 78.0 12.29955
-117.5 82.0 13.918346
-117.5 86.0 27.686878
-117.5 89.0 7.261942
-112.5 -89.0 18.907724
-112.5 -86.0 41.0991
-112.5 -82.0 31.456598
-112.5 -78.0 21.099424
-112.5 -74.0 31.065825
-112.5 -70.0 32.471024
-112.5 -66.0 36.577484
-112.5 -62.0 25.271942
-112.5 -58.0 21.284145
-112.5 -54.0 20.967112
-112.5 -50.0 39.716522
-112.5 -46.0 32.37441
-112.5 -42.0 30.13031
-112.5 -38.0 36.842773
-112.5 -34.0 53.04851
-112.5 -30.0 74.13025
-112.5 -26.0 135.14354
-112.5 -22.0 287.88342
-112.5 -18.0 389.5662
-112.5 -14.0 250.93987
-112.5 -10.0 158.38312
-112.5 -6.0 50.970757
-112.5 -2.0 31.675528
-112.5 2.0 62.35292
-112.5 6.0 19.59207
-112.5 10.0 70.94711
-112.5 14.0 81.98699
-112.5 18.0 125.76322
-112.5 22.0 230.98474
-112.5 26.0 158.35583
-112.5 30.0 97.32295
-112.5 34.0 105.17079
-112.5 38.0 298.5111
-112.5 42.0 253.21266
-112.5 46.0 59.928295
-112.5 50.0 12.79193
-112.5 54.0 19.819822
-112.5 58.0 19.669771
-112.5 62.0 14.523024
-112.5 66.0 15.524001
-112.5 70.0 14.833105
-112.5 74.0 12.415657
-112.5 78.0 11.335261
-112.5 82.0 15.136917
-112.5 86.0 26.784355
-112.5 89.0 7.261942
-107.5 -89.0 18.907724
-107.5 -86.0 46.771305
-107.5 -82.0 30.5183
-107.5 -78.0 20.266167
-107.5 -74.0 27.612333
-107.5 -70.0 31.352472
-107.5 -66.0 34.503395
-107.5 -62.0 34.122963
-107.5 -58.0 18.292437
-107.5 -54.0 20.38859
-107.5 -50.0 36.557835
-107.5 -46.0 33.25238
-107.5 -42.0 22.889236
-107.5 -38.0 27.653872
-107.5 -34.0 60.228638
-107.5 -30.0 79.893364
-107.5 -26.0 100.30801
-107.5 -22.0 233.90666
-107.5 -18.0 422.39572
-107.5 -14.0 119.29839
-107.5 -10.0 116.97805
-107.5 -6.0 37.206783
-107.5 -2.0 10.349276
-107.5 2.0 11.020198
-107.5 6.0 34.513893
-107.5 10.0 138.14482
-107.5 14.0 73.68707
-107.5 18.0 65.779
-107.5 22.0 88.356766
-107.5 26.0 156.13686
-107.5 30.0 83.627045
-107.5 34.0 88.6698
-107.5 38.0 211.14299
-107.5 42.0 284.62988
-107.5 46.0 102.762276
-107.5 50.0 19.190655
-107.5 54.0 20.220268
-107.5 58.0 19.38659
-107.5 62.0 15.38795
-107.5 66.0 15.979597
-107.5 70.0 15.560396
-107.5 74.0 12.922557
-107.5 78.0 11.142083
-107.5 82.0 16.02646
-107.5 86.0 26.749754
-107.5 89.0 7.261942
-102.5 -89.0 18.907724
-102.5 -86.0 49.869473
-102.5 -82.0 31.669643
-102.5 -78.0 20.673744
-102.5 -74.0 25.770912
-102.5 -70.0 28.589226
-102.5 -66.0 24.172234
-102.5 -62.0 30.587837
-102.5 -58.0 44.815823
-102.5 -54.0 39.588356
-102.5 -50.0 46.22896
-102.5 -46.0 25.927965
-102.5 -42.0 20.962849
-102.5 -38.0 63.254883
-102.5 -34.0 195.28783
-102.5 -30.0 421.55548
-102.5 -26.0 288.51636
-102.5 -22.0 247.49916
-102.5 -18.0 183.2525
-102.5 -14.0 171.35834
-102.5 -10.0 105.87524
-102.5 -6.0 27.499453
-102.5 -2.0 14.621159
-102.5 2.0 29.49672
-102.5 6.0 27.491707
-102.5 10.0 160.14207
-102.5 14.0 356.1733
-102.5 18.0 93.11463
-102.5 22.0 84.442764
-102.5 26.0 60.73943
-102.5 30.0 57.398205
-102.5 34.0 48.642036
-102.5 38.0 155.64325
-102.5 42.0 114.37934
-102.5 46.0 46.5819
-102.5 50.0 30.300266
-102.5 54.0 26.337143
-102.5 58.0 20.93884
-102.5 62.0 14.526957
-102.5 66.0 17.372839
-102.5 70.0 14.470799
-102.5 74.0 12.514903
-102.5 78.0 11.950346
-102.5 82.0 17.100794
-102.5 86.0 24.517157
-102.5 89.0 7.261942
-97.5 -89.0 18.907724
-97.5 -86.0 44.974243
-97.5 -82.0 28.785433
-97.5 -78.0 17.336662
-97.5 -74.0 26.406834
-97.5 -70.0 27.988214
-97.5 -66.0 22.010933
-97.5 -62.0 33.17675
-97.5 -58.0 31.84106
-97.5 -54.0 50.844276
-97.5 -50.0 79.60636
-97.5 -46.0 32.873383
-97.5 -42.0 66.33172
-97.5 -38.0 113.44856
-97.5 -34.0 87.64053
-97.5 -30.0 55.72846
-97.5 -26.0 53.163586
-97.5 -22.0 68.09551
-97.5 -18.0 106.67288
-97.5 -14.0 154.847
-97.5 -10.0 72.27562
-97.5 -6.0 17.474491
-97.5 -2.0 13.229075
-97.5 2.0 23.627644
-97.5 6.0 74.428215
-97.5 10.0 64.69473
-97.5 14.0 59.707893
-97.5 18.0 84.785194
-97.5 22.0 118.616554
-97.5 26.0 102.213394
-97.5 30.0 46.588917
-97.5 34.0 39.73601
-97.5 38.0 44.06525
-97.5 42.0 39.349632
-97.5 46.0 33.514248
-97.5 50.0 30.773207
-97.5 54.0 29.668459
-97.5 58.0 26.982187
-97.5 62.0 14.657412
-97.5 66.0 16.034561
-97.5 70.0 14.401115
-97.5 74.0 13.446772
-97.5 78.0 11.951477
-97.5 82.0 17.168587
-97.5 86.0 28.235376
-97.5 89.0 7.261942
-92.5 -89.0 18.907724
-92.5 -86.0 48.869312
-92.5 -82.0 35.41214
-92.5 -78.0 21.15252
-92.5 -74.0 28.594055
-92.5 -70.0 30.015682
-92.5 -66.0 25.198372
-92.5 -62.0 29.482542
-92.5 -58.0 18.608334
-92.5 -54.0 34.06324
-92.5 -50.0 32.28019
-92.5 -46.0 31.240654
-92.5 -42.0 158.75829
-92.5 -38.0 119.3101
-92.5 -34.0 41.59926
-92.5 -30.0 38.628113
-92.5 -26.0 39.80155
-92.5 -22.0 51.084
-92.5 -18.0 53.58993
-92.5 -14.0 73.80755
-92.5 -10.0 38.6889
-92.5 -6.0 9.330557
-92.5 -2.0 10.892122
-92.5 2.0 9.999597
-92.5 6.0 16.462214
-92.5 10.0 22.063513
-92.5 14.0 44.52245
-92.5 18.0 33.587727
-92.5 22.0 45.173935
-92.5 26.0 86.36856
-92.5 30.0 42.91558
-92.5 34.0 39.71002
-92.5 38.0 37.9308
-92.5 42.0 41.01512
-92.5 46.0 28.737177
-92.5 50.0 38.613487
-92.5 54.0 26.0801
-92.5 58.0 25.238707
-92.5 62.0 15.343361
-92.5 66.0 15.867491
-92.5 70.0 14.2530155
-92.5 74.0 12.617269
-92.5 78.0 11.399454
-92.5 82.0 16.40799
-92.5 86.0 28.492638
-92.5 89.0 7.261942
-87.5 -89.0 18.907724
-87.5 -86.0 51.66543
-87.5 -82.0 46.55671
-87.5 -78.0 27.290792
-87.5 -74.0 31.229164
-87.5 -70.0 20.568567
-87.5 -66.0 25.9001
-87.5 -62.0 40.238014
-87.5 -58.0 36.19905
-87.5 -54.0 35.19805
-87.5 -50.0 24.71961
-87.5 -46.0 27.895445
-87.5 -42.0 49.65795
-87.5 -38.0 110.76017
-87.5 -34.0 55.687557
-87.5 -30.0 28.417078
-87.5 -26.0 24.55335
-87.5 -22.0 27.665457
-87.5 -18.0 27.75512
-87.5 -14.0 33.514824
-87.5 -10.0 41.86227
-87.5 -6.0 10.440225
-87.5 -2.0 10.133417
-87.5 2.0 7.9733963
-87.5 6.0 7.9751997
-87.5 10.0 6.830545
-87.5 14.0 7.744077
-87.5 18.0 12.489469
-87.5 22.0 16.632164
-87.5 26.0 25.000793
-87.5 30.0 29.959759
-87.5 34.0 36.089775
-87.5 38.0 53.577187
-87.5 42.0 52.579018
-87.5 46.0 14.087535
-87.5 50.0 27.811783
-87.5 54.0 26.587828
-87.5 58.0 17.851583
-87.5 62.0 16.065163
-87.5 66.0 14.568356
-87.5 70.0 13.343308
-87.5 74.0 13.566986
-87.5 78.0 10.458476
-87.5 82.0 15.043931
-87.5 86.0 29.898289
-87.5 89.0 7.261942
-82.5 -89.0 18.907724
-82.5 -86.0 50.514347
-82.5 -82.0 36.522835
-82.5 -78.0 48.717426
-82.5 -74.0 27.141169
-82.5 -70.0 31.366919
-82.5 -66.0 23.962608
-82.5 -62.0 23.866087
-82.5 -58.0 21.436111
-82.5 -54.0 17.772182
-82.5 -50.0 20.082474
-82.5 -46.0 40.231438
-82.5 -42.0 53.867245
-82.5 -38.0 126.17798
-82.5 -34.0 50.41277
-82.5 -30.0 31.07906
-82.5 -26.0 25.018795
-82.5 -22.0 19.060486
-82.5 -18.0 18.627546
-82.5 -14.0 27.738245
-82.5 -10.0 23.983353
-82.5 -6.0 9.147898
-82.5 -2.0 10.209266
-82.5 2.0 6.4226675
-82.5 6.0 11.885608
-82.5 10.0 10.751147
-82.5 14.0 9.46592
-82.5 18.0 12.556046
-82.5 22.0 13.777697
-82.5 26.0 26.890789
-82.5 30.0 35.506493
-82.5 34.0 36.8766
-82.5 38.0 33.91722
-82.5 42.0 46.110897
-82.5 46.0 43.856323
-82.5 50.0 16.126263
-82.5 54.0 13.176387
-82.5 58.0 15.1397295
-82.5 62.0 16.02648
-82.5 66.0 13.148692
-82.5 70.0 12.16339
-82.5 74.0 12.1126585
-82.5 78.0 11.054475
-82.5 82.0 13.838944
-82.5 86.0 29.746237
-82.5 89.0 7.261942
-77.5 -89.0 18.907724
-77.5 -86.0 53.982788
-77.5 -82.0 41.04447
-77.5 -78.0 27.395746
-77.5 -74.0 18.66038
-77.5 -70.0 13.346435
-77.5 -66.0 26.211952
-77.5 -62.0 24.845108
-77.5 -58.0 14.9834
-77.5 -54.0 22.284454
-77.5 -50.0 34.268475
-77.5 -46.0 45.647617
-77.5 -42.0 49.427956
-77.5 -38.0 68.57184
-77.5 -34.0 145.22563
-77.5 -30.0 65.33748
-77.5 -26.0 24.206652
-77.5 -22.0 19.32523
-77.5 -18.0 14.8469
-77.5 -14.0 25.12441
-77.5 -10.0 14.801412
-77.5 -6.0 19.505928
-77.5 -2.0 9.16346
-77.5 2.0 11.092563
-77.5 6.0 9.640154
-77.5 10.0 6.9126186
-77.5 14.0 6.6612153
-77.5 18.0 8.019398
-77.5 22.0 11.843029
-77.5 26.0 27.602945
-77.5 30.0 36.082798
-77.5 34.0 33.44419
-77.5 38.0 49.016853
-77.5 42.0 51.784416
-77.5 46.0 41.46052
-77.5 50.0 8.569202
-77.5 54.0 12.563293
-77.5 58.0 15.583896
-77.5 62.0 18.076345
-77.5 66.0 13.848963
-77.5 70.0 11.426932
-77.5 74.0 11.696668
-77.5 78.0 9.4159
-77.5 82.0 14.966578
-77.5 86.0 30.92456
-77.5 89.0 7.261942
-72.5 -89.0 18.907724
-72.5 -86.0 56.244923
-72.5 -82.0 29.539698
-72.5 -78.0 26.021223
-72.5 -74.0 33.304035
-72.5 -70.0 22.629665
-72.5 -66.0 25.484482
-72.5 -62.0 34.26081
-72.5 -58.0 15.505106
-72.5 -54.0 25.56515
-72.5 -50.0 47.544838
-72.5 -46.0 66.05588
-72.5 -42.0 58.769768
-72.5 -38.0 45.71882
-72.5 -34.0 48.954357
-72.5 -30.0 71.89995
-72.5 -26.0 41.848248
-72.5 -22.0 29.58335
-72.5 -18.0 16.971786
-72.5 -14.0 10.479632
-72.5 -10.0 7.3821077
-72.5 -6.0 11.935445
-72.5 -2.0 11.421225
-72.5 2.0 13.258832
-72.5 6.0 10.96084
-72.5 10.0 15.110214
-72.5 14.0 11.640937
-72.5 18.0 13.680956
-72.5 22.0 13.169015
-72.5 26.0 17.516914
-72.5 30.0 26.134525
-72.5 34.0 38.893585
-72.5 38.0 68.74528
-72.5 42.0 51.548916
-72.5 46.0 46.36242
-72.5 50.0 10.731834
-72.5 54.0 12.942889
-72.5 58.0 14.262037
-72.5 62.0 14.919535
-72.5 66.0 12.985389
-72.5 70.0 12.348652
-72.5 74.0 12.117746
-72.5 78.0 9.513407
-72.5 82.0 14.605811
-72.5 86.0 32.75618
-72.5 89.0 7.261942
-67.5 -89.0 18.907724
-67.5 -86.0 56.39249
-67.5 -82.0 33.592796
-67.5 -78.0 23.475925
-67.5 -74.0 24.2605
-67.5 -70.0 20.163687
-67.5 -66.0 22.140116
-67.5 -62.0 25.840117
-67.5 -58.0 24.791035
-67.5 -54.0 34.661716
-67.5 -50.0 11.939956
-67.5 -46.0 32.012894
-67.5 -42.0 45.22486
-67.5 -38.0 38.257687
-67.5 -34.0 27.22273
-67.5 -30.0 62.623127
-67.5 -26.0 30.29581
-67.5 -22.0 33.514133
-67.5 -18.0 38.59424
-67.5 -14.0 4.6699915
-67.5 -10.0 2.707359
-67.5 -6.0 6.178578
-67.5 -2.0 8.390662
-67.5 2.0 6.6745224
-67.5 6.0 8.43955
-67.5 10.0 15.65961
-67.5 14.0 12.923546
-67.5 18.0 12.233084
-67.5 22.0 17.969837
-67.5 26.0 17.16638
-67.5 30.0 16.700768
-67.5 34.0 18.496935
-67.5 38.0 24.889812
-67.5 42.0 49.63568
-67.5 46.0 29.003595
-67.5 50.0 33.467304
-67.5 54.0 13.510626
-67.5 58.0 13.772053
-67.5 62.0 14.336094
-67.5 66.0 12.372343
-67.5 70.0 10.3761
-67.5 74.0 13.051654
-67.5 78.0 10.573615
-67.5 82.0 18.818901
-67.5 86.0 31.904491
-67.5 89.0 7.261942
-62.5 -89.0 18.907724
-62.5 -86.0 52.27171
-62.5 -82.0 21.710968
-62.5 -78.0 23.660192
-62.5 -74.0 19.807741
-62.5 -70.0 18.826204
-62.5 -66.0 25.918444
-62.5 -62.0 18.799568
-62.5 -58.0 31.153854
-62.5 -54.0 38.28313
-62.5 -50.0 30.737614
-62.5 -46.0 32.105637
-62.5 -42.0 24.833372
-62.5 -38.0 33.451782
-62.5 -34.0 32.133278
-62.5 -30.0 25.826574
-62.5 -26.0 29.698595
-62.5 -22.0 34.561333
-62.5 -18.0 44.799236
-62.5 -14.0 5.346716
-62.5 -10.0 10.618682
-62.5 -6.0 2.1370943
-62.5 -2.0 2.4794319
-62.5 2.0 4.6650796
-62.5 6.0 7.2693624
-62.5 10.0 11.258219
-62.5 14.0 10.7067175
-62.5 18.0 11.884197
-62.5 22.0 15.44757
-62.5 26.0 11.602181
-62.5 30.0 11.447878
-62.5 34.0 22.196896
-62.5 38.0 23.128714
-62.5 42.0 27.634422
-62.5 46.0 32.994335
-62.5 50.0 26.836967
-62.5 54.0 15.382793
-62.5 58.0 13.059123
-62.5 62.0 13.949774
-62.5 66.0 10.639659
-62.5 70.0 9.537954
-62.5 74.0 12.866152
-62.5 78.0 10.184246
-62.5 82.0 22.30308
-62.5 86.0 31.669714
-62.5 89.0 7.261942
-57.5 -89.0 18.907724
-57.5 -86.0 44.65212
-57.5 -82.0 25.7152
-57.5 -78.0 21.658295
-57.5 -74.0 17.793137
-57.5 -70.0 23.245283
-57.5 -66.0 22.80665
-57.5 -62.0 25.091942
-57.5 -58.0 28.08176
-57.5 -54.0 13.681153
-57.5 -50.0 15.98356
-57.5 -46.0 22.299767
-57.5 -42.0 35.002625
-57.5 -38.0 28.232138
-57.5 -34.0 23.229916
-57.5 -30.0 11.372073
-57.5 -26.0 21.808521
-57.5 -22.0 22.451376
-57.5 -18.0 30.135733
-57.5 -14.0 6.226327
-57.5 -10.0 12.343609
-57.5 -6.0 4.191533
-57.5 -2.0 4.168624
-57.5 2.0 3.714661
-57.5 6.0 7.4729443
-57.5 10.0 9.761086
-57.5 14.0 8.4865
-57.5 18.0 9.773813
-57.5 22.0 16.133753
-57.5 26.0 11.701222
-57.5 30.0 10.409495
-57.5 34.0 27.288149
-57.5 38.0 23.125463
-57.5 42.0 26.37258
-57.5 46.0 22.235613
-57.5 50.0 14.686566
-57.5 54.0 11.577482
-57.5 58.0 11.344999
-57.5 62.0 13.151343
-57.5 66.0 10.234652
-57.5 70.0 10.710046
-57.5 74.0 12.40297
-57.5 78.0 10.607637
-57.5 82.0 19.015205
-57.5 86.0 31.12869
-57.5 89.0 7.261942
-52.5 -89.0 18.907724
-52.5 -86.0 79.420135
-52.5 -82.0 26.916489
-52.5 -78.0 26.94324
-52.5 -74.0 18.196104
-52.5 -70.0 20.920326
-52.5 -66.0 25.192453
-52.5 -62.0 20.831364
-52.5 -58.0 32.287178
-52.5 -54.0 15.0940075
-52.5 -50.0 6.7412534
-52.5 -46.0 17.029459
-52.5 -42.0 18.981316
-52.5 -38.0 26.400713
-52.5 -34.0 15.694339
-52.5 -30.0 9.68467
-52.5 -26.0 7.786164
-52.5 -22.0 7.4013
-52.5 -18.0 9.884736
-52.5 -14.0 2.9619997
-52.5 -10.0 9.353904
-52.5 -6.0 5.0469584
-52.5 -2.0 3.627665
-52.5 2.0 3.4830563
-52.5 6.0 8.129011
-52.5 10.0 8.747718
-52.5 14.0 6.8561287
-52.5 18.0 5.7004886
-52.5 22.0 6.961308
-52.5 26.0 5.1566405
-52.5 30.0 7.547722
-52.5 34.0 8.378443
-52.5 38.0 10.809186
-52.5 42.0 14.183091
-52.5 46.0 12.966039
-52.5 50.0 12.285504
-52.5 54.0 11.917069
-52.5 58.0 11.697505
-52.5 62.0 12.856675
-52.5 66.0 10.11098
-52.5 70.0 11.160086
-52.5 74.0 10.9350395
-52.5 78.0 10.438931
-52.5 82.0 14.968037
-52.5 86.0 29.175657
-52.5 89.0 7.261942
-47.5 -89.0 18.907724
-47.5 -86.0 80.50423
-47.5 -82.0 26.125862
-47.5 -78.0 16.721235
-47.5 -74.0 17.857845
-47.5 -70.0 23.529886
-47.5 -66.0 13.795118
-47.5 -62.0 21.129967
-47.5 -58.0 20.242735
-47.5 -54.0 8.001922
-47.5 -50.0 8.170603
-47.5 -46.0 6.6110077
-47.5 -42.0 11.015843
-47.5 -38.0 18.195616
-47.5 -34.0 15.672561
-47.5 -30.0 10.287316
-47.5 -26.0 9.028848
-47.5 -22.0 8.866898
-47.5 -18.0 2.8188822
-47.5 -14.0 1.9076605
-47.5 -10.0 6.43799
-47.5 -6.0 4.838547
-47.5 -2.0 5.588719
-47.5 2.0 4.6816564
-47.5 6.0 5.5095267
-47.5 10.0 5.0560064
-47.5 14.0 3.2482815
-47.5 18.0 3.3717773
-47.5 22.0 4.009386
-47.5 26.0 5.6143003
-47.5 30.0 6.5522113
-47.5 34.0 7.9364047
-47.5 38.0 10.55222
-47.5 42.0 10.480765
-47.5 46.0 10.637496
-47.5 50.0 12.042846
-47.5 54.0 10.761656
-47.5 58.0 11.349971
-47.5 62.0 10.161564
-47.5 66.0 11.296945
-47.5 70.0 11.213551
-47.5 74.0 12.298834
-47.5 78.0 10.454649
-47.5 82.0 11.023094
-47.5 86.0 29.05199
-47.5 89.0 7.261942
-42.5 -89.0 18.907724
-42.5 -86.0 57.01234
-42.5 -82.0 27.855713
-42.5 -78.0 16.4941
-42.5 -74.0 16.211258
-42.5 -70.0 23.917097
-42.5 -66.0 17.09372
-42.5 -62.0 20.5205
-42.5 -58.0 22.07876
-42.5 -54.0 5.920441
-42.5 -50.0 7.9839377
-42.5 -46.0 4.96324
-42.5 -42.0 8.112824
-42.5 -38.0 11.139316
-42.5 -34.0 17.978157
-42.5 -30.0 8.686867
-42.5 -26.0 10.18491
-42.5 -22.0 9.861212
-42.5 -18.0 5.786753
-42.5 -14.0 3.8622391
-42.5 -10.0 10.230609
-42.5 -6.0 16.24256
-42.5 -2.0 6.7470474
-42.5 2.0 5.919305
-42.5 6.0 5.012644
-42.5 10.0 4.2241993
-42.5 14.0 3.9358983
-42.5 18.0 2.9505403
-42.5 22.0 4.0099688
-42.5 26.0 5.0240755
-42.5 30.0 6.7434163
-42.5 34.0 8.481069
-42.5 38.0 9.986049
-42.5 42.0 10.8423
-42.5 46.0 10.243334
-42.5 50.0 10.366849
-42.5 54.0 11.5272255
-42.5 58.0 11.133071
-42.5 62.0 9.909511
-42.5 66.0 10.9338455
-42.5 70.0 10.876804
-42.5 74.0 12.813402
-42.5 78.0 10.440459
-42.5 82.0 13.102541
-42.5 86.0 23.223328
-42.5 89.0 7.261942
-37.5 -89.0 18.907724
-37.5 -86.0 84.899445
-37.5 -82.0 23.154226
-37.5 -78.0 17.17629
-37.5 -74.0 19.338175
-37.5 -70.0 29.016636
-37.5 -66.0 32.001617
-37.5 -62.0 29.38324
-37.5 -58.0 17.071218
-37.5 -54.0 6.7508883
-37.5 -50.0 6.421642
-37.5 -46.0 4.3541493
-37.5 -42.0 10.21337
-37.5 -38.0 9.143415
-37.5 -34.0 12.3916
-37.5 -30.0 9.009976
-37.5 -26.0 10.187802
-37.5 -22.0 7.9528255
-37.5 -18.0 5.553569
-37.5 -14.0 8.169518
-37.5 -10.0 5.695405
-37.5 -6.0 9.772159
-37.5 -2.0 10.122518
-37.5 2.0 5.3910084
-37.5 6.0 4.736061
-37.5 10.0 4.263183
-37.5 14.0 5.268435
-37.5 18.0 4.29159
-37.5 22.0 5.520721
-37.5 26.0 5.9915953
-37.5 30.0 6.7839437
-37.5 34.0 8.617088
-37.5 38.0 10.136938
-37.5 42.0 9.841632
-37.5 46.0 10.521631
-37.5 50.0 10.181893
-37.5 54.0 10.430158
-37.5 58.0 10.674767
-37.5 62.0 10.479612
-37.5 66.0 11.259723
-37.5 70.0 12.035203
-37.5 74.0 11.644032
-37.5 78.0 10.177706
-37.5 82.0 15.422074
-37.5 86.0 21.421267
-37.5 89.0 7.261942
-32.5 -89.0 18.907724
-32.5 -86.0 81.575874
-32.5 -82.0 22.554844
-32.5 -78.0 17.901436
-32.5 -74.0 21.52356
-32.5 -70.0 20.551893
-32.5 -66.0 19.821453
-32.5 -62.0 15.430203
-32.5 -58.0 24.366186
-32.5 -54.0 20.045137
-32.5 -50.0 8.688938
-32.5 -46.0 10.798843
-32.5 -42.0 12.264557
-32.5 -38.0 12.136338
-32.5 -34.0 18.61027
-32.5 -30.0 12.132115
-32.5 -26.0 3.8009028
-32.5 -22.0 5.2902503
-32.5 -18.0 1.9960709
-32.5 -14.0 2.9698179
-32.5 -10.0 4.336181
-32.5 -6.0 10.4429
-32.5 -2.0 7.731853
-32.5 2.0 6.6774015
-32.5 6.0 6.180001
-32.5 10.0 7.139567
-32.5 14.0 10.441102
-32.5 18.0 6.7474766
-32.5 22.0 5.889619
-32.5 26.0 7.071509
-32.5 30.0 7.294755
-32.5 34.0 8.35862
-32.5 38.0 9.925972
-32.5 42.0 9.757778
-32.5 46.0 9.243144
-32.5 50.0 10.067226
-32.5 54.0 9.648781
-32.5 58.0 10.966816
-32.5 62.0 11.701034
-32.5 66.0 11.486613
-32.5 70.0 11.082957
-32.5 74.0 11.800908
-32.5 78.0 10.654684
-32.5 82.0 15.908038
-32.5 86.0 18.58682
-32.5 89.0 7.261942
-27.5 -89.0 18.907724
-27.5 -86.0 95.64348
-27.5 -82.0 23.736776
-27.5 -78.0 15.188286
-27.5 -74.0 28.380495
-27.5 -70.0 17.944633
-27.5 -66.0 20.168045
-27.5 -62.0 19.172146
-27.5 -58.0 19.330463
-27.5 -54.0 26.897287
-27.5 -50.0 18.01123
-27.5 -46.0 19.014534
-27.5 -42.0 16.711025
-27.5 -38.0 14.988273
-27.5 -34.0 15.052642
-27.5 -30.0 12.458398
-27.5 -26.0 6.905075
-27.5 -22.0 3.908321
-27.5 -18.0 2.0263412
-27.5 -14.0 3.2789469
-27.5 -10.0 6.2755795
-27.5 -6.0 5.5447335
-27.5 -2.0 9.094547
-27.5 2.0 9.904196
-27.5 6.0 9.299914
-27.5 10.0 8.64844
-27.5 14.0 12.861236
-27.5 18.0 9.873416
-27.5 22.0 6.4012165
-27.5 26.0 7.439376
-27.5 30.0 7.1332784
-27.5 34.0 8.01511
-27.5 38.0 10.458075
-27.5 42.0 9.447386
-27.5 46.0 9.926895
-27.5 50.0 11.420751
-27.5 54.0 10.051365
-27.5 58.0 10.440795
-27.5 62.0 10.983696
-27.5 66.0 11.061209
-27.5 70.0 11.243064
-27.5 74.0 11.20487
-27.5 78.0 11.346557
-27.5 82.0 18.039797
-27.5 86.0 17.183722
-27.5 89.0 7.261942
-22.5 -89.0 18.907724
-22.5 -86.0 76.6516
-22.5 -82.0 23.327059
-22.5 -78.0 18.865536
-22.5 -74.0 23.9504
-22.5 -70.0 34.69322
-22.5 -66.0 29.494759
-22.5 -62.0 18.256466
-22.5 -58.0 22.181608
-22.5 -54.0 15.243705
-22.5 -50.0 19.324488
-22.5 -46.0 21.24512
-22.5 -42.0 13.651228
-22.5 -38.0 16.99751
-22.5 -34.0 14.590177
-22.5 -30.0 11.180313
-22.5 -26.0 6.454748
-22.5 -22.0 5.8083405
-22.5 -18.0 4.701053
-22.5 -14.0 5.126819
-22.5 -10.0 8.30749
-22.5 -6.0 11.8301
-22.5 -2.0 13.544724
-22.5 2.0 12.617229
-22.5 6.0 11.226435
-22.5 10.0 9.76789
-22.5 14.0 14.296135
-22.5 18.0 12.107048
-22.5 22.0 8.109232
-22.5 26.0 7.4291134
-22.5 30.0 6.9566007
-22.5 34.0 8.328776
-22.5 38.0 8.88499
-22.5 42.0 9.3962
-22.5 46.0 10.332485
-22.5 50.0 9.830518
-22.5 54.0 10.42636
-22.5 58.0 10.018801
-22.5 62.0 10.592508
-22.5 66.0 11.53471
-22.5 70.0 10.870507
-22.5 74.0 12.072049
-22.5 78.0 10.381665
-22.5 82.0 18.096071
-22.5 86.0 15.486868
-22.5 89.0 7.261942
-17.5 -89.0 18.907724
-17.5 -86.0 78.479965
-17.5 -82.0 21.680635
-17.5 -78.0 19.398651
-17.5 -74.0 24.057522
-17.5 -70.0 25.120403
-17.5 -66.0 32.49377
-17.5 -62.0 36.027973
-17.5 -58.0 20.107422
-17.5 -54.0 17.759636
-17.5 -50.0 14.232676
-17.5 -46.0 20.495134
-17.5 -42.0 12.765031
-17.5 -38.0 19.748682
-17.5 -34.0 19.497282
-17.5 -30.0 11.607522
-17.5 -26.0 7.85119
-17.5 -22.0 5.969045
-17.5 -18.0 4.614407
-17.5 -14.0 7.1235456
-17.5 -10.0 11.649874
-17.5 -6.0 14.721718
-17.5 -2.0 13.990632
-17.5 2.0 17.517323
-17.5 6.0 13.511865
-17.5 10.0 10.02692
-17.5 14.0 12.357113
-17.5 18.0 16.388857
-17.5 22.0 13.068962
-17.5 26.0 10.985619
-17.5 30.0 8.395963
-17.5 34.0 7.3787513
-17.5 38.0 8.544935
-17.5 42.0 9.604024
-17.5 46.0 10.271545
-17.5 50.0 11.541385
-17.5 54.0 11.525558
-17.5 58.0 10.795967
-17.5 62.0 10.992925
-17.5 66.0 12.162593
-17.5 70.0 11.096181
-17.5 74.0 11.405467
-17.5 78.0 10.820678
-17.5 82.0 19.668983
-17.5 86.0 13.813833
-17.5 89.0 7.261942
-12.5 -89.0 18.907724
-12.5 -86.0 84.82995
-12.5 -82.0 23.399088
-12.5 -78.0 21.6997
-12.5 -74.0 21.357162
-12.5 -70.0 19.291029
-12.5 -66.0 22.771431
-12.5 -62.0 23.623468
-12.5 -58.0 30.977247
-12.5 -54.0 18.795752
-12.5 -50.0 25.522526
-12.5 -46.0 28.15613
-12.5 -42.0 24.339365
-12.5 -38.0 18.903366
-12.5 -34.0 21.797346
-12.5 -30.0 16.178247
-12.5 -26.0 13.44839
-12.5 -22.0 6.7066503
-12.5 -18.0 4.8618846
-12.5 -14.0 7.2174134
-12.5 -10.0 12.22715
-12.5 -6.0 18.034273
-12.5 -2.0 20.69351
-12.5 2.0 19.765713
-12.5 6.0 15.094286
-12.5 10.0 11.021018
-12.5 14.0 10.731051
-12.5 18.0 14.549226
-12.5 22.0 16.913378
-12.5 26.0 14.814647
-12.5 30.0 10.471885
-12.5 34.0 9.202088
-12.5 38.0 8.058131
-12.5 42.0 10.496309
-12.5 46.0 11.145995
-12.5 50.0 11.156044
-12.5 54.0 10.9291115
-12.5 58.0 10.627685
-12.5 62.0 11.798081
-12.5 66.0 12.910644
-12.5 70.0 11.893068
-12.5 74.0 11.849478
-12.5 78.0 11.269121
-12.5 82.0 20.636791
-12.5 86.0 18.190834
-12.5 89.0 7.261942
-7.5 -89.0 18.907724
-7.5 -86.0 80.4261
-7.5 -82.0 24.449257
-7.5 -78.0 19.407099
-7.5 -74.0 16.815197
-7.5 -70.0 26.7295
-7.5 -66.0 22.693249
-7.5 -62.0 28.975735
-7.5 -58.0 20.505419
-7.5 -54.0 19.57509
-7.5 -50.0 25.644768
-7.5 -46.0 31.179369
-7.5 -42.0 23.072262
-7.5 -38.0 22.658556
-7.5 -34.0 27.558786
-7.5 -30.0 24.569838
-7.5 -26.0 17.235142
-7.5 -22.0 8.863762
-7.5 -18.0 6.1893005
-7.5 -14.0 9.224248
-7.5 -10.0 14.226649
-7.5 -6.0 24.565426
-7.5 -2.0 22.844225
-7.5 2.0 25.645206
-7.5 6.0 21.453434
-7.5 10.0 11.398073
-7.5 14.0 8.771281
-7.5 18.0 16.57962
-7.5 22.0 14.017074
-7.5 26.0 13.139916
-7.5 30.0 12.638967
-7.5 34.0 11.55824
-7.5 38.0 9.5931635
-7.5 42.0 9.109632
-7.5 46.0 10.341782
-7.5 50.0 11.629296
-7.5 54.0 12.055536
-7.5 58.0 11.052808
-7.5 62.0 13.178319
-7.5 66.0 10.460872
-7.5 70.0 11.5252075
-7.5 74.0 11.980468
-7.5 78.0 11.526002
-7.5 82.0 20.631437
-7.5 86.0 18.743364
-7.5 89.0 7.261942
-2.5 -89.0 18.907724
-2.5 -86.0 89.776695
-2.5 -82.0 22.71769
-2.5 -78.0 21.983835
-2.5 -74.0 18.495802
-2.5 -70.0 25.666319
-2.5 -66.0 19.873234
-2.5 -62.0 21.303448
-2.5 -58.0 34.01773
-2.5 -54.0 26.377518
-2.5 -50.0 17.958199
-2.5 -46.0 21.406092
-2.5 -42.0 20.968542
-2.5 -38.0 21.203035
-2.5 -34.0 25.409163
-2.5 -30.0 26.585316
-2.5 -26.0 22.43852
-2.5 -22.0 14.676572
-2.5 -18.0 10.004513
-2.5 -14.0 11.289008
-2.5 -10.0 20.239347
-2.5 -6.0 31.02147
-2.5 -2.0 35.535236
-2.5 2.0 34.24058
-2.5 6.0 27.907055
-2.5 10.0 14.398327
-2.5 14.0 9.4220705
-2.5 18.0 12.510326
-2.5 22.0 15.617658
-2.5 26.0 14.357691
-2.5 30.0 14.5316305
-2.5 34.0 14.817149
-2.5 38.0 11.370133
-2.5 42.0 10.473736
-2.5 46.0 9.990343
-2.5 50.0 12.068426
-2.5 54.0 11.859237
-2.5 58.0 13.292802
-2.5 62.0 11.201468
-2.5 66.0 11.494499
-2.5 70.0 11.829312
-2.5 74.0 11.40424
-2.5 78.0 10.527578
-2.5 82.0 22.068365
-2.5 86.0 18.228567
-2.5 89.0 7.261942
2.5 -89.0 18.907724
2.5 -86.0 88.34757
2.5 -82.0 21.801086
2.5 -78.0 19.449541
2.5 -74.0 25.762653
2.5 -70.0 20.02566
2.5 -66.0 21.82881
2.5 -62.0 23.647034
2.5 -58.0 23.36354
2.5 -54.0 28.474718
2.5 -50.0 20.245869
2.5 -46.0 22.754921
2.5 -42.0 24.950968
2.5 -38.0 16.226698
2.5 -34.0 24.779602
2.5 -30.0 23.277658
2.5 -26.0 20.83818
2.5 -22.0 16.560808
2.5 -18.0 13.203597
2.5 -14.0 11.949932
2.5 -10.0 18.691555
2.5 -6.0 30.719776
2.5 -2.0 39.596584
2.5 2.0 35.86636
2.5 6.0 30.928926
2.5 10.0 21.537033
2.5 14.0 10.865745
2.5 18.0 12.350362
2.5 22.0 17.595997
2.5 26.0 15.077444
2.5 30.0 14.337899
2.5 34.0 18.707521
2.5 38.0 13.359379
2.5 42.0 11.295719
2.5 46.0 11.186228
2.5 50.0 12.278804
2.5 54.0 11.861858
2.5 58.0 12.354268
2.5 62.0 11.483402
2.5 66.0 11.1365
2.5 70.0 12.336703
2.5 74.0 12.0663185
2.5 78.0 12.676641
2.5 82.0 21.985546
2.5 86.0 14.876618
2.5 89.0 7.261942
7.5 -89.0 18.907724
7.5 -86.0 99.30975
7.5 -82.0 17.192444
7.5 -78.0 22.652067
7.5 -74.0 29.584927
7.5 -70.0 20.910776
7.5 -66.0 21.544687
7.5 -62.0 21.485628
7.5 -58.0 27.893463
7.5 -54.0 27.98676
7.5 -50.0 18.323734
7.5 -46.0 25.008318
7.5 -42.0 25.699999
7.5 -38.0 24.297203
7.5 -34.0 23.468773
7.5 -30.0 19.985558
7.5 -26.0 22.566809
7.5 -22.0 12.618468
7.5 -18.0 13.803781
7.5 -14.0 18.130247
7.5 -10.0 27.432783
7.5 -6.0 45.855717
7.5 -2.0 45.937904
7.5 2.0 46.020718
7.5 6.0 42.2117
7.5 10.0 21.817513
7.5 14.0 15.151221
7.5 18.0 15.529539
7.5 22.0 17.792257
7.5 26.0 15.546164
7.5 30.0 14.933242
7.5 34.0 18.01417
7.5 38.0 17.191431
7.5 42.0 12.034345
7.5 46.0 12.427659
7.5 50.0 12.856833
7.5 54.0 11.411628
7.5 58.0 12.804678
7.5 62.0 13.051845
7.5 66.0 12.524128
7.5 70.0 12.414032
7.5 74.0 12.323964
7.5 78.0 11.840194
7.5 82.0 21.362343
7.5 86.0 24.11422
7.5 89.0 7.261942
12.5 -89.0 18.907724
12.5 -86.0 113.601944
12.5 -82.0 34.44831
12.5 -78.0 58.111034
12.5 -74.0 22.078257
12.5 -70.0 18.610939
12.5 -66.0 17.585411
12.5 -62.0 22.037802
12.5 -58.0 33.572083
12.5 -54.0 19.289492
12.5 -50.0 30.581865
12.5 -46.0 34.565113
12.5 -42.0 25.550837
12.5 -38.0 24.12785
12.5 -34.0 22.613682
12.5 -30.0 19.046616
12.5 -26.0 22.198662
12.5 -22.0 19.819319
12.5 -18.0 17.863594
12.5 -14.0 22.97503
12.5 -10.0 34.352158
12.5 -6.0 41.31836
12.5 -2.0 64.78525
12.5 2.0 58.219727
12.5 6.0 48.674213
12.5 10.0 23.331713
12.5 14.0 15.160715
12.5 18.0 13.9545555
12.5 22.0 15.451637
12.5 26.0 16.014606
12.5 30.0 15.706663
12.5 34.0 20.746181
12.5 38.0 18.942081
12.5 42.0 15.508009
12.5 46.0 14.226468
12.5 50.0 14.314805
12.5 54.0 12.805941
12.5 58.0 12.266221
12.5 62.0 12.493744
12.5 66.0 11.879572
12.5 70.0 11.298968
12.5 74.0 13.056873
12.5 78.0 11.185962
12.5 82.0 19.838013
12.5 86.0 20.369997
12.5 89.0 7.261942
17.5 -89.0 18.907724
17.5 -86.0 96.50235
17.5 -82.0 52.620216
17.5 -78.0 40.866253
17.5 -74.0 19.587236
17.5 -70.0 17.51456
17.5 -66.0 18.996038
17.5 -62.0 20.09888
17.5 -58.0 25.412472
17.5 -54.0 23.312712
17.5 -50.0 26.331305
17.5 -46.0 22.844578
17.5 -42.0 20.080996
17.5 -38.0 18.535795
17.5 -34.0 22.342482
17.5 -30.0 24.28014
17.5 -26.0 26.605328
17.5 -22.0 22.516947
17.5 -18.0 19.656282
17.5 -14.0 25.795326
17.5 -10.0 58.786198
17.5 -6.0 53.670246
17.5 -2.0 48.791515
17.5 2.0 69.57638
17.5 6.0 53.463654
17.5 10.0 34.074295
17.5 14.0 13.903688
17.5 18.0 13.207647
17.5 22.0 17.310286
17.5 26.0 20.070452
17.5 30.0 18.089739
17.5 34.0 21.190195
17.5 38.0 19.938221
17.5 42.0 15.2084875
17.5 46.0 13.905066
17.5 50.0 13.819687
17.5 54.0 13.324004
17.5 58.0 12.960857
17.5 62.0 13.339536
17.5 66.0 12.625177
17.5 70.0 12.348741
17.5 74.0 11.736333
17.5 78.0 11.897401
17.5 82.0 22.522793
17.5 86.0 21.311388
17.5 89.0 7.261942
22.5 -89.0 18.907724
22.5 -86.0 101.936005
22.5 -82.0 40.008827
22.5 -78.0 14.834466
22.5 -74.0 20.401346
22.5 -70.0 15.518
22.5 -66.0 23.58876
22.5 -62.0 16.920984
22.5 -58.0 28.231152
22.5 -54.0 22.052855
22.5 -50.0 26.883896
22.5 -46.0 37.085594
22.5 -42.0 29.246033
22.5 -38.0 28.78579
22.5 -34.0 36.269234
22.5 -30.0 21.831522
22.5 -26.0 21.677347
22.5 -22.0 23.220491
22.5 -18.0 18.087923
22.5 -14.0 28.043
22.5 -10.0 43.787155
22.5 -6.0 94.05885
22.5 -2.0 74.434555
22.5 2.0 67.08257
22.5 6.0 55.493713
22.5 10.0 36.379185
22.5 14.0 20.582092
22.5 18.0 14.786171
22.5 22.0 21.518534
22.5 26.0 21.311892
22.5 30.0 19.099272
22.5 34.0 23.541296
22.5 38.0 14.912697
22.5 42.0 12.125121
22.5 46.0 14.861688
22.5 50.0 14.625731
22.5 54.0 13.447197
22.5 58.0 14.010565
22.5 62.0 13.199773
22.5 66.0 12.586355
22.5 70.0 12.842343
22.5 74.0 12.057244
22.5 78.0 11.859914
22.5 82.0 21.626657
22.5 86.0 22.877403
22.5 89.0 7.261942
27.5 -89.0 18.907724
27.5 -86.0 95.346825
27.5 -82.0 45.720146
27.5 -78.0 22.296295
27.5 -74.0 17.833939
27.5 -70.0 14.359519
27.5 -66.0 34.574886
27.5 -62.0 18.664951
27.5 -58.0 28.889448
27.5 -54.0 33.181427
27.5 -50.0 20.88208
27.5 -46.0 20.668428
27.5 -42.0 31.201399
27.5 -38.0 27.680054
27.5 -34.0 31.977577
27.5 -30.0 26.242746
27.5 -26.0 22.965351
27.5 -22.0 21.06994
27.5 -18.0 22.332727
27.5 -14.0 35.231644
27.5 -10.0 47.560207
27.5 -6.0 67.568504
27.5 -2.0 71.457375
27.5 2.0 53.250988
27.5 6.0 46.74524
27.5 10.0 44.123863
27.5 14.0 31.586256
27.5 18.0 22.607365
27.5 22.0 23.413048
27.5 26.0 24.341173
27.5 30.0 19.457966
27.5 34.0 24.166388
27.5 38.0 20.348307
27.5 42.0 14.556781
27.5 46.0 17.494665
27.5 50.0 9.955687
27.5 54.0 13.9812765
27.5 58.0 13.767224
27.5 62.0 12.894807
27.5 66.0 13.374036
27.5 70.0 14.022262
27.5 74.0 13.026573
27.5 78.0 10.754519
27.5 82.0 21.483944
27.5 86.0 23.462215
27.5 89.0 7.261942
32.5 -89.0 18.907724
32.5 -86.0 83.66505
32.5 -82.0 31.154652
32.5 -78.0 17.420687
32.5 -74.0 16.466581
32.5 -70.0 31.66515
32.5 -66.0 21.958616
32.5 -62.0 24.363361
32.5 -58.0 22.356253
32.5 -54.0 29.336166
32.5 -50.0 27.625542
32.5 -46.0 24.077757
32.5 -42.0 21.676079
32.5 -38.0 20.076126
32.5 -34.0 23.655901
32.5 -30.0 22.259523
32.5 -26.0 24.23766
32.5 -22.0 25.466108
32.5 -18.0 21.048765
32.5 -14.0 39.54554
32.5 -10.0 62.70909
32.5 -6.0 58.36682
32.5 -2.0 55.207756
32.5 2.0 44.85629
32.5 6.0 44.469135
32.5 10.0 37.256844
32.5 14.0 22.686546
32.5 18.0 22.415543
32.5 22.0 25.926092
32.5 26.0 25.102808
32.5 30.0 27.332342
32.5 34.0 27.875864
32.5 38.0 23.92272
32.5 42.0 15.2268915
32.5 46.0 12.769213
32.5 50.0 17.100039
32.5 54.0 15.988793
32.5 58.0 14.090638
32.5 62.0 13.622485
32.5 66.0 13.530525
32.5 70.0 14.025049
32.5 74.0 12.505929
32.5 78.0 11.23343
32.5 82.0 21.952442
32.5 86.0 24.066132
32.5 89.0 7.261942
37.5 -89.0 18.907724
37.5 -86.0 77.1038
37.5 -82.0 26.468456
37.5 -78.0 15.95329
37.5 -74.0 18.126328
37.5 -70.0 19.873013
37.5 -66.0 12.292918
37.5 -62.0 31.805292
37.5 -58.0 23.112017
37.5 -54.0 21.64009
37.5 -50.0 19.85514
37.5 -46.0 15.720487
37.5 -42.0 20.800636
37.5 -38.0 23.81966
37.5 -34.0 20.910097
37.5 -30.0 24.306322
37.5 -26.0 31.361391
37.5 -22.0 27.101349
37.5 -18.0 22.647728
37.5 -14.0 41.310642
37.5 -10.0 36.152435
37.5 -6.0 47.31359
37.5 -2.0 34.530994
37.5 2.0 35.84054
37.5 6.0 39.278507
37.5 10.0 45.892464
37.5 14.0 24.30026
37.5 18.0 29.292215
37.5 22.0 30.256401
37.5 26.0 25.560423
37.5 30.0 28.517458
37.5 34.0 25.544245
37.5 38.0 28.022806
37.5 42.0 22.835506
37.5 46.0 15.496659
37.5 50.0 16.13624
37.5 54.0 13.1067915
37.5 58.0 15.00851
37.5 62.0 13.074935
37.5 66.0 13.015233
37.5 70.0 13.320462
37.5 74.0 13.755359
37.5 78.0 11.813155
37.5 82.0 18.027246
37.5 86.0 25.926252
37.5 89.0 7.261942
42.5 -89.0 18.907724
42.5 -86.0 81.974556
42.5 -82.0 32.135685
42.5 -78.0 19.504766
42.5 -74.0 36.274868
42.5 -70.0 21.098148
42.5 -66.0 21.360895
42.5 -62.0 31.26199
42.5 -58.0 21.675869
42.5 -54.0 18.027414
42.5 -50.0 12.758365
42.5 -46.0 10.196452
42.5 -42.0 8.439329
42.5 -38.0 11.0860405
42.5 -34.0 27.331106
42.5 -30.0 20.75513
42.5 -26.0 18.603136
42.5 -22.0 17.965466
42.5 -18.0 22.753542
42.5 -14.0 41.902542
42.5 -10.0 51.657135
42.5 -6.0 25.01793
42.5 -2.0 21.88429
42.5 2.0 27.209574
42.5 6.0 45.218483
42.5 10.0 45.129116
42.5 14.0 35.94906
42.5 18.0 35.86926
42.5 22.0 46.10882
42.5 26.0 22.28728
42.5 30.0 24.70416
42.5 34.0 37.69844
42.5 38.0 38.078556
42.5 42.0 18.326212
42.5 46.0 16.165567
42.5 50.0 16.257492
42.5 54.0 14.794007
42.5 58.0 12.366162
42.5 62.0 12.7659645
42.5 66.0 12.533446
42.5 70.0 12.027279
42.5 74.0 14.423945
42.5 78.0 10.519292
42.5 82.0 17.520365
42.5 86.0 27.304592
42.5 89.0 7.261942
47.5 -89.0 18.907724
47.5 -86.0 74.97927
47.5 -82.0 26.364883
47.5 -78.0 16.489582
47.5 -74.0 23.68073
47.5 -70.0 21.94348
47.5 -66.0 29.032394
47.5 -62.0 18.21769
47.5 -58.0 26.750565
47.5 -54.0 19.783785
47.5 -50.0 8.284802
47.5 -46.0 5.4898367
47.5 -42.0 1.4781412
47.5 -38.0 1.3666933
47.5 -34.0 11.834342
47.5 -30.0 20.772608
47.5 -26.0 17.464048
47.5 -22.0 14.409083
47.5 -18.0 17.898247
47.5 -14.0 45.148716
47.5 -10.0 44.500145
47.5 -6.0 24.364357
47.5 -2.0 18.197474
47.5 2.0 20.687431
47.5 6.0 41.685028
47.5 10.0 47.39237
47.5 14.0 43.166912
47.5 18.0 34.001995
47.5 22.0 40.93931
47.5 26.0 23.708595
47.5 30.0 14.212668
47.5 34.0 28.011118
47.5 38.0 55.484646
47.5 42.0 23.93638
47.5 46.0 14.843695
47.5 50.0 16.227636
47.5 54.0 14.909891
47.5 58.0 12.126778
47.5 62.0 13.4647455
47.5 66.0 12.663594
47.5 70.0 13.323181
47.5 74.0 14.737195
47.5 78.0 10.440925
47.5 82.0 16.22317
47.5 86.0 29.53884
47.5 89.0 7.261942
52.5 -89.0 18.907724
52.5 -86.0 84.26579
52.5 -82.0 19.394138
52.5 -78.0 20.425991
52.5 -74.0 24.502138
52.5 -70.0 24.797297
52.5 -66.0 19.941092
52.5 -62.0 16.253199
52.5 -58.0 42.494904
52.5 -54.0 18.397562
52.5 -50.0 6.378027
52.5 -46.0 1.5093755
52.5 -42.0 0.63501674
52.5 -38.0 0.67047596
52.5 -34.0 2.3018095
52.5 -30.0 17.637701
52.5 -26.0 18.721647
52.5 -22.0 15.7659
52.5 -18.0 12.702099
52.5 -14.0 34.892975
52.5 -10.0 42.656097
52.5 -6.0 18.067366
52.5 -2.0 10.995041
52.5 2.0 12.941987
52.5 6.0 34.053864
52.5 10.0 73.5086
52.5 14.0 58.38047
52.5 18.0 40.254074
52.5 22.0 32.50487
52.5 26.0 34.22254
52.5 30.0 18.025673
52.5 34.0 35.468426
52.5 38.0 48.35806
52.5 42.0 20.20957
52.5 46.0 18.418442
52.5 50.0 15.44816
52.5 54.0 13.234954
52.5 58.0 12.308953
52.5 62.0 13.1499
52.5 66.0 12.308159
52.5 70.0 12.490114
52.5 74.0 14.449676
52.5 78.0 10.681556
52.5 82.0 15.759628
52.5 86.0 28.568378
52.5 89.0 7.261942
57.5 -89.0 18.907724
57.5 -86.0 86.27037
57.5 -82.0 20.974318
57.5 -78.0 23.101
57.5 -74.0 26.875229
57.5 -70.0 19.010874
57.5 -66.0 25.623701
57.5 -62.0 35.73574
57.5 -58.0 41.838867
57.5 -54.0 20.455538
57.5 -50.0 4.6984396
57.5 -46.0 1.2868084
57.5 -42.0 1.2673885
57.5 -38.0 4.194133
57.5 -34.0 3.0072541
57.5 -30.0 6.335216
57.5 -26.0 9.7017
57.5 -22.0 13.742638
57.5 -18.0 19.922297
57.5 -14.0 22.431831
57.5 -10.0 27.95287
57.5 -6.0 10.6340885
57.5 -2.0 6.582017
57.5 2.0 10.46984
57.5 6.0 30.130432
57.5 10.0 62.95707
57.5 14.0 52.77107
57.5 18.0 42.878647
57.5 22.0 36.765915
57.5 26.0 37.40283
57.5 30.0 34.30214
57.5 34.0 23.636919
57.5 38.0 20.082706
57.5 42.0 18.010496
57.5 46.0 15.149938
57.5 50.0 13.97102
57.5 54.0 13.683424
57.5 58.0 12.284435
57.5 62.0 13.78596
57.5 66.0 13.702805
57.5 70.0 12.245535
57.5 74.0 13.836495
57.5 78.0 9.4635515
57.5 82.0 15.83696
57.5 86.0 26.620975
57.5 89.0 7.261942
62.5 -89.0 18.907724
62.5 -86.0 89.74304
62.5 -82.0 22.236492
62.5 -78.0 27.09406
62.5 -74.0 32.770798
62.5 -70.0 14.131405
62.5 -66.0 32.426388
62.5 -62.0 28.42278
62.5 -58.0 71.62501
62.5 -54.0 12.026547
62.5 -50.0 2.3575678
62.5 -46.0 2.4792798
62.5 -42.0 3.6179457
62.5 -38.0 5.965
62.5 -34.0 5.075796
62.5 -30.0 4.45641
62.5 -26.0 10.640212
62.5 -22.0 11.27487
62.5 -18.0 19.551191
62.5 -14.0 25.301462
62.5 -10.0 19.112436
62.5 -6.0 11.621567
62.5 -2.0 6.357772
62.5 2.0 11.060191
62.5 6.0 27.06256
62.5 10.0 62.06409
62.5 14.0 59.263016
62.5 18.0 33.47402
62.5 22.0 23.01326
62.5 26.0 30.833607
62.5 30.0 31.279848
62.5 34.0 18.656904
62.5 38.0 21.11232
62.5 42.0 15.497156
62.5 46.0 14.871169
62.5 50.0 14.25528
62.5 54.0 14.458596
62.5 58.0 13.693508
62.5 62.0 13.576562
62.5 66.0 13.911145
62.5 70.0 12.546666
62.5 74.0 13.190505
62.5 78.0 10.258897
62.5 82.0 15.141963
62.5 86.0 24.251657
62.5 89.0 7.261942
67.5 -89.0 18.907724
67.5 -86.0 77.07963
67.5 -82.0 25.750471
67.5 -78.0 20.305899
67.5 -74.0 37.125378
67.5 -70.0 12.773483
67.5 -66.0 24.604387
67.5 -62.0 31.261114
67.5 -58.0 27.599915
67.5 -54.0 6.7652125
67.5 -50.0 1.8663085
67.5 -46.0 3.8993056
67.5 -42.0 5.377518
67.5 -38.0 5.324039
67.5 -34.0 6.3589177
67.5 -30.0 7.388154
67.5 -26.0 21.985859
67.5 -22.0 15.21156
67.5 -18.0 24.8465
67.5 -14.0 34.316284
67.5 -10.0 21.05507
67.5 -6.0 10.750434
67.5 -2.0 5.869923
67.5 2.0 11.022659
67.5 6.0 24.749464
67.5 10.0 54.664318
67.5 14.0 48.31954
67.5 18.0 28.171799
67.5 22.0 21.598883
67.5 26.0 28.517012
67.5 30.0 36.02229
67.5 34.0 20.076824
67.5 38.0 18.8002
67.5 42.0 13.322308
67.5 46.0 14.05525
67.5 50.0 13.650765
67.5 54.0 15.137567
67.5 58.0 14.505607
67.5 62.0 14.495493
67.5 66.0 14.6194105
67.5 70.0 12.6524315
67.5 74.0 13.379326
67.5 78.0 11.067357
67.5 82.0 15.423173
67.5 86.0 24.2043
67.5 89.0 7.261942
72.5 -89.0 18.907724
72.5 -86.0 75.943565
72.5 -82.0 31.645334
72.5 -78.0 15.445729
72.5 -74.0 27.942978
72.5 -70.0 19.253412
72.5 -66.0 17.103863
72.5 -62.0 20.237486
72.5 -58.0 19.626255
72.5 -54.0 4.620299
72.5 -50.0 2.165968
72.5 -46.0 5.398258
72.5 -42.0 6.9316087
72.5 -38.0 6.714897
72.5 -34.0 5.707777
72.5 -30.0 6.767708
72.5 -26.0 17.141758
72.5 -22.0 17.368582
72.5 -18.0 33.08346
72.5 -14.0 29.465399
72.5 -10.0 20.590569
72.5 -6.0 12.107617
72.5 -2.0 9.796254
72.5 2.0 11.405
72.5 6.0 22.13646
72.5 10.0 32.998028
72.5 14.0 20.194221
72.5 18.0 10.957541
72.5 22.0 19.911383
72.5 26.0 33.874203
72.5 30.0 13.756756
72.5 34.0 15.759946
72.5 38.0 13.392525
72.5 42.0 13.490628
72.5 46.0 13.2959175
72.5 50.0 14.969079
72.5 54.0 14.631986
72.5 58.0 16.04482
72.5 62.0 14.310435
72.5 66.0 13.874989
72.5 70.0 13.839675
72.5 74.0 13.49396
72.5 78.0 11.520774
72.5 82.0 14.444728
72.5 86.0 22.651247
72.5 89.0 7.261942
77.5 -89.0 18.907724
77.5 -86.0 74.81328
77.5 -82.0 36.588844
77.5 -78.0 16.565453
77.5 -74.0 33.55134
77.5 -70.0 17.572992
77.5 -66.0 10.901689
77.5 -62.0 18.07077
77.5 -58.0 11.738326
77.5 -54.0 4.1580796
77.5 -50.0 2.7102878
77.5 -46.0 6.047771
77.5 -42.0 5.3561954
77.5 -38.0 4.887397
77.5 -34.0 5.2084274
77.5 -30.0 13.695823
77.5 -26.0 17.877886
77.5 -22.0 26.69883
77.5 -18.0 33.70369
77.5 -14.0 33.042492
77.5 -10.0 16.98045
77.5 -6.0 11.21263
77.5 -2.0 11.599127
77.5 2.0 10.996455
77.5 6.0 13.91166
77.5 10.0 9.003706
77.5 14.0 3.9182355
77.5 18.0 2.8131883
77.5 22.0 11.6193075
77.5 26.0 22.329668
77.5 30.0 9.855641
77.5 34.0 9.197819
77.5 38.0 11.063333
77.5 42.0 10.970366
77.5 46.0 12.321844
77.5 50.0 12.153009
77.5 54.0 13.558606
77.5 58.0 12.264527
77.5 62.0 14.3449745
77.5 66.0 14.070287
77.5 70.0 14.233338
77.5 74.0 13.705657
77.5 78.0 10.747767
77.5 82.0 15.153019
77.5 86.0 21.50874
77.5 89.0 7.261942
82.5 -89.0 18.907724
82.5 -86.0 75.0823
82.5 -82.0 35.379124
82.5 -78.0 14.107001
82.5 -74.0 27.587593
82.5 -70.0 15.803003
82.5 -66.0 24.573633
82.5 -62.0 19.715757
82.5 -58.0 11.766325
82.5 -54.0 5.231508
82.5 -50.0 2.5326548
82.5 -46.0 3.6703787
82.5 -42.0 3.5289958
82.5 -38.0 4.710299
82.5 -34.0 8.599853
82.5 -30.0 13.164253
82.5 -26.0 22.689915
82.5 -22.0 29.51581
82.5 -18.0 51.54902
82.5 -14.0 57.90484
82.5 -10.0 18.80921
82.5 -6.0 13.364331
82.5 -2.0 12.852735
82.5 2.0 7.798064
82.5 6.0 4.707786
82.5 10.0 3.7912707
82.5 14.0 2.5311654
82.5 18.0 2.953825
82.5 22.0 7.756832
82.5 26.0 13.9596615
82.5 30.0 8.500092
82.5 34.0 7.830972
82.5 38.0 9.447871
82.5 42.0 10.687735
82.5 46.0 10.998378
82.5 50.0 12.243612
82.5 54.0 13.394319
82.5 58.0 13.613436
82.5 62.0 13.591429
82.5 66.0 14.713827
82.5 70.0 13.974652
82.5 74.0 12.441622
82.5 78.0 9.877179
82.5 82.0 16.025753
82.5 86.0 21.824728
82.5 89.0 7.261942
87.5 -89.0 18.907724
87.5 -86.0 105.152245
87.5 -82.0 26.098383
87.5 -78.0 14.801428
87.5 -74.0 18.226624
87.5 -70.0 16.282106
87.5 -66.0 15.128453
87.5 -62.0 18.918674
87.5 -58.0 12.61574
87.5 -54.0 8.973391
87.5 -50.0 2.709133
87.5 -46.0 1.9555111
87.5 -42.0 3.6626153
87.5 -38.0 4.475786
87.5 -34.0 9.850441
87.5 -30.0 10.351406
87.5 -26.0 16.839901
87.5 -22.0 30.660755
87.5 -18.0 46.23021
87.5 -14.0 55.91019
87.5 -10.0 22.68482
87.5 -6.0 18.872843
87.5 -2.0 13.320435
87.5 2.0 6.520833
87.5 6.0 4.807368
87.5 10.0 4.9766936
87.5 14.0 4.423903
87.5 18.0 5.481954
87.5 22.0 7.385747
87.5 26.0 10.522339
87.5 30.0 8.320839
87.5 34.0 7.5198374
87.5 38.0 8.786273
87.5 42.0 9.773858
87.5 46.0 9.359476
87.5 50.0 11.306647
87.5 54.0 12.956808
87.5 58.0 13.091574
87.5 62.0 15.259633
87.5 66.0 13.131831
87.5 70.0 13.347162
87.5 74.0 13.323991
87.5 78.0 11.221282
87.5 82.0 16.403894
87.5 86.0 23.028303
87.5 89.0 7.261942
92.5 -89.0 18.907724
92.5 -86.0 79.514725
92.5 -82.0 14.176899
92.5 -78.0 13.742127
92.5 -74.0 20.068884
92.5 -70.0 21.177586
92.5 -66.0 22.63323
92.5 -62.0 23.977188
92.5 -58.0 16.94852
92.5 -54.0 8.846587
92.5 -50.0 10.244226
92.5 -46.0 2.0571105
92.5 -42.0 2.4474497
92.5 -38.0 4.864087
92.5 -34.0 7.7087493
92.5 -30.0 15.28413
92.5 -26.0 23.430061
92.5 -22.0 50.52732
92.5 -18.0 39.20925
92.5 -14.0 33.3018
92.5 -10.0 18.80488
92.5 -6.0 15.809395
92.5 -2.0 14.037071
92.5 2.0 10.8620405
92.5 6.0 6.304611
92.5 10.0 8.503294
92.5 14.0 9.420297
92.5 18.0 8.377428
92.5 22.0 7.514772
92.5 26.0 7.5625243
92.5 30.0 9.047477
92.5 34.0 7.0747952
92.5 38.0 7.8515277
92.5 42.0 9.000245
92.5 46.0 9.895482
92.5 50.0 11.827005
92.5 54.0 12.447405
92.5 58.0 13.840023
92.5 62.0 14.66829
92.5 66.0 12.39585
92.5 70.0 14.592103
92.5 74.0 13.0842495
92.5 78.0 9.515371
92.5 82.0 15.731259
92.5 86.0 22.340982
92.5 89.0 7.261942
97.5 -89.0 18.907724
97.5 -86.0 22.259638
97.5 -82.0 15.628713
97.5 -78.0 13.720685
97.5 -74.0 21.487366
97.5 -70.0 27.282331
97.5 -66.0 31.109972
97.5 -62.0 24.306562
97.5 -58.0 35.731937
97.5 -54.0 18.899643
97.5 -50.0 19.133236
97.5 -46.0 10.301609
97.5 -42.0 5.5533085
97.5 -38.0 7.707396
97.5 -34.0 4.9817843
97.5 -30.0 12.313902
97.5 -26.0 21.162825
97.5 -22.0 29.452806
97.5 -18.0 28.256178
97.5 -14.0 17.105215
97.5 -10.0 16.257053
97.5 -6.0 21.815567
97.5 -2.0 23.107084
97.5 2.0 24.439417
97.5 6.0 20.689318
97.5 10.0 13.727238
97.5 14.0 14.129657
97.5 18.0 9.185474
97.5 22.0 6.545559
97.5 26.0 7.8369517
97.5 30.0 8.0075
97.5 34.0 6.9544144
97.5 38.0 7.7166133
97.5 42.0 7.7855177
97.5 46.0 9.536632
97.5 50.0 11.200855
97.5 54.0 12.440057
97.5 58.0 13.123767
97.5 62.0 14.035442
97.5 66.0 13.020664
97.5 70.0 13.779493
97.5 74.0 14.7291
97.5 78.0 10.429424
97.5 82.0 14.3778
97.5 86.0 23.564373
97.5 89.0 7.261942
102.5 -89.0 18.907724
102.5 -86.0 44.70082
102.5 -82.0 33.88329
102.5 -78.0 16.20302
102.5 -74.0 44.962585
102.5 -70.0 25.900372
102.5 -66.0 36.250492
102.5 -62.0 26.979694
102.5 -58.0 10.6367855
102.5 -54.0 22.923105
102.5 -50.0 22.478725
102.5 -46.0 16.089539
102.5 -42.0 11.881155
102.5 -38.0 24.12573
102.5 -34.0 15.958886
102.5 -30.0 15.269476
102.5 -26.0 27.958754
102.5 -22.0 27.322306
102.5 -18.0 18.029158
102.5 -14.0 13.789648
102.5 -10.0 16.120758
102.5 -6.0 24.813406
102.5 -2.0 26.5266
102.5 2.0 25.236925
102.5 6.0 21.066843
102.5 10.0 20.156023
102.5 14.0 16.515886
102.5 18.0 8.74529
102.5 22.0 6.162643
102.5 26.0 7.805245
102.5 30.0 6.3799453
102.5 34.0 6.6023784
102.5 38.0 6.939305
102.5 42.0 7.5468173
102.5 46.0 8.433187
102.5 50.0 10.2415085
102.5 54.0 11.905196
102.5 58.0 13.395916
102.5 62.0 14.375184
102.5 66.0 12.854648
102.5 70.0 14.105782
102.5 74.0 15.997544
102.5 78.0 11.283715
102.5 82.0 14.240308
102.5 86.0 23.354996
102.5 89.0 7.261942
107.5 -89.0 18.907724
107.5 -86.0 47.45467
107.5 -82.0 41.805252
107.5 -78.0 13.960504
107.5 -74.0 25.054523
107.5 -70.0 28.133413
107.5 -66.0 20.740393
107.5 -62.0 20.195742
107.5 -58.0 25.830025
107.5 -54.0 26.213902
107.5 -50.0 27.672958
107.5 -46.0 25.362999
107.5 -42.0 19.66848
107.5 -38.0 30.194479
107.5 -34.0 29.63125
107.5 -30.0 24.911415
107.5 -26.0 27.201347
107.5 -22.0 32.390274
107.5 -18.0 15.540836
107.5 -14.0 13.904314
107.5 -10.0 20.245699
107.5 -6.0 21.841194
107.5 -2.0 24.157343
107.5 2.0 21.270334
107.5 6.0 22.945656
107.5 10.0 21.869041
107.5 14.0 14.492675
107.5 18.0 8.310567
107.5 22.0 6.757315
107.5 26.0 7.1767883
107.5 30.0 6.517919
107.5 34.0 6.22229
107.5 38.0 6.775652
107.5 42.0 7.1639347
107.5 46.0 8.826047
107.5 50.0 10.83051
107.5 54.0 11.399471
107.5 58.0 14.107726
107.5 62.0 13.354542
107.5 66.0 12.998658
107.5 70.0 15.398059
107.5 74.0 14.741104
107.5 78.0 11.563219
107.5 82.0 14.449324
107.5 86.0 26.794926
107.5 89.0 7.261942
112.5 -89.0 18.907724
112.5 -86.0 67.12114
112.5 -82.0 40.212914
112.5 -78.0 17.700314
112.5 -74.0 34.1273
112.5 -70.0 19.828758
112.5 -66.0 34.33348
112.5 -62.0 32.500683
112.5 -58.0 28.977364
112.5 -54.0 26.200853
112.5 -50.0 34.292633
112.5 -46.0 21.52163
112.5 -42.0 21.04841
112.5 -38.0 17.150644
112.5 -34.0 26.513298
112.5 -30.0 26.853544
112.5 -26.0 24.48832
112.5 -22.0 22.180674
112.5 -18.0 15.264203
112.5 -14.0 18.853268
112.5 -10.0 22.8074
112.5 -6.0 22.249075
112.5 -2.0 20.340326
112.5 2.0 27.065514
112.5 6.0 24.336996
112.5 10.0 14.81969
112.5 14.0 11.872749
112.5 18.0 8.499529
112.5 22.0 6.6911554
112.5 26.0 6.0385075
112.5 30.0 6.27394
112.5 34.0 6.5281925
112.5 38.0 6.6142282
112.5 42.0 7.235646
112.5 46.0 8.675651
112.5 50.0 10.706468
112.5 54.0 10.742993
112.5 58.0 14.144396
112.5 62.0 13.99971
112.5 66.0 13.54166
112.5 70.0 13.748801
112.5 74.0 13.544395
112.5 78.0 11.146862
112.5 82.0 13.388463
112.5 86.0 23.633799
112.5 89.0 7.261942
117.5 -89.0 18.907724
117.5 -86.0 69.8184
117.5 -82.0 36.48529
117.5 -78.0 23.05959
117.5 -74.0 15.219604
117.5 -70.0 18.440342
117.5 -66.0 30.764214
117.5 -62.0 40.54921
117.5 -58.0 37.24744
117.5 -54.0 28.136549
117.5 -50.0 24.219658
117.5 -46.0 22.260101
117.5 -42.0 19.176477
117.5 -38.0 17.930069
117.5 -34.0 18.611925
117.5 -30.0 24.552528
117.5 -26.0 22.647705
117.5 -22.0 23.036991
117.5 -18.0 21.108461
117.5 -14.0 25.174002
117.5 -10.0 26.72053
117.5 -6.0 26.08145
117.5 -2.0 27.58091
117.5 2.0 27.937757
117.5 6.0 25.497526
117.5 10.0 11.426372
117.5 14.0 11.446065
117.5 18.0 8.744715
117.5 22.0 6.7117524
117.5 26.0 5.3164763
117.5 30.0 6.053252
117.5 34.0 6.4477277
117.5 38.0 6.2224503
117.5 42.0 7.6673055
117.5 46.0 8.557499
117.5 50.0 10.518739
117.5 54.0 12.484346
117.5 58.0 13.482214
117.5 62.0 13.909189
117.5 66.0 13.203729
117.5 70.0 12.987541
117.5 74.0 13.416851
117.5 78.0 11.784651
117.5 82.0 14.040854
117.5 86.0 24.725885
117.5 89.0 7.261942
122.5 -89.0 18.907724
122.5 -86.0 80.14472
122.5 -82.0 29.846035
122.5 -78.0 27.884676
122.5 -74.0 29.974281
122.5 -70.0 18.786549
122.5 -66.0 23.854488
122.5 -62.0 31.051596
122.5 -58.0 35.5863
122.5 -54.0 23.633924
122.5 -50.0 19.83659
122.5 -46.0 27.646235
122.5 -42.0 15.218033
122.5 -38.0 14.026874
122.5 -34.0 22.244135
122.5 -30.0 22.319212
122.5 -26.0 25.378769
122.5 -22.0 30.561075
122.5 -18.0 25.206203
122.5 -14.0 21.88801
122.5 -10.0 34.350475
122.5 -6.0 36.912613
122.5 -2.0 24.302639
122.5 2.0 15.255908
122.5 6.0 11.393253
122.5 10.0 10.579218
122.5 14.0 11.166998
122.5 18.0 10.70272
122.5 22.0 7.5057354
122.5 26.0 7.1113
122.5 30.0 6.955278
122.5 34.0 7.108818
122.5 38.0 7.1807103
122.5 42.0 8.707542
122.5 46.0 8.373161
122.5 50.0 9.722424
122.5 54.0 13.210994
122.5 58.0 13.226612
122.5 62.0 13.142832
122.5 66.0 13.334858
122.5 70.0 14.130099
122.5 74.0 13.620498
122.5 78.0 11.423235
122.5 82.0 12.876565
122.5 86.0 23.949665
122.5 89.0 7.261942
127.5 -89.0 18.907724
127.5 -86.0 69.55067
127.5 -82.0 36.879505
127.5 -78.0 16.22463
127.5 -74.0 16.10577
127.5 -70.0 27.056261
127.5 -66.0 21.264242
127.5 -62.0 42.965965
127.5 -58.0 29.395658
127.5 -54.0 13.451921
127.5 -50.0 25.624521
127.5 -46.0 27.967806
127.5 -42.0 24.207201
127.5 -38.0 18.858177
127.5 -34.0 30.254782
127.5 -30.0 25.736897
127.5 -26.0 43.44078
127.5 -22.0 26.221542
127.5 -18.0 28.95101
127.5 -14.0 20.696486
127.5 -10.0 25.642368
127.5 -6.0 18.38666
127.5 -2.0 11.59667
127.5 2.0 6.229278
127.5 6.0 7.773562
127.5 10.0 8.528806
127.5 14.0 10.503402
127.5 18.0 13.289196
127.5 22.0 8.770266
127.5 26.0 6.4789014
127.5 30.0 8.134826
127.5 34.0 7.8582606
127.5 38.0 7.8089633
127.5 42.0 8.06995
127.5 46.0 8.637303
127.5 50.0 11.108923
127.5 54.0 12.854826
127.5 58.0 12.431303
127.5 62.0 12.755406
127.5 66.0 12.412544
127.5 70.0 12.910481
127.5 74.0 14.001962
127.5 78.0 10.816741
127.5 82.0 13.206594
127.5 86.0 24.07195
127.5 89.0 7.261942
132.5 -89.0 18.907724
132.5 -86.0 74.51064
132.5 -82.0 27.516401
132.5 -78.0 22.40382
132.5 -74.0 25.790873
132.5 -70.0 12.093229
132.5 -66.0 29.698374
132.5 -62.0 16.854708
132.5 -58.0 18.647722
132.5 -54.0 25.923811
132.5 -50.0 17.810104
132.5 -46.0 23.691193
132.5 -42.0 26.156307
132.5 -38.0 17.619303
132.5 -34.0 27.297815
132.5 -30.0 39.968098
132.5 -26.0 38.548523
132.5 -22.0 31.328695
132.5 -18.0 19.86786
132.5 -14.0 17.058247
132.5 -10.0 17.054743
132.5 -6.0 8.875873
132.5 -2.0 4.516921
132.5 2.0 5.111132
132.5 6.0 6.988841
132.5 10.0 8.948475
132.5 14.0 12.313694
132.5 18.0 13.426862
132.5 22.0 8.324481
132.5 26.0 5.690253
132.5 30.0 6.48005
132.5 34.0 6.933231
132.5 38.0 8.320677
132.5 42.0 8.547376
132.5 46.0 9.023961
132.5 50.0 11.189105
132.5 54.0 13.183394
132.5 58.0 11.598875
132.5 62.0 11.781654
132.5 66.0 13.84639
132.5 70.0 12.996183
132.5 74.0 13.591629
132.5 78.0 10.265406
132.5 82.0 13.135972
132.5 86.0 22.999128
132.5 89.0 7.261942
137.5 -89.0 18.907724
137.5 -86.0 67.04272
137.5 -82.0 23.229788
137.5 -78.0 34.52809
137.5 -74.0 47.278618
137.5 -70.0 13.2702465
137.5 -66.0 27.705433
137.5 -62.0 15.480991
137.5 -58.0 28.125372
137.5 -54.0 25.664091
137.5 -50.0 21.515202
137.5 -46.0 42.449207
137.5 -42.0 26.857376
137.5 -38.0 20.646008
137.5 -34.0 25.792107
137.5 -30.0 40.120605
137.5 -26.0 41.851524
137.5 -22.0 32.31345
137.5 -18.0 16.074112
137.5 -14.0 18.73614
137.5 -10.0 17.379091
137.5 -6.0 5.416025
137.5 -2.0 4.07646
137.5 2.0 4.553399
137.5 6.0 8.425191
137.5 10.0 12.260373
137.5 14.0 15.811024
137.5 18.0 14.220645
137.5 22.0 18.837076
137.5 26.0 12.885766
137.5 30.0 8.410615
137.5 34.0 6.830309
137.5 38.0 7.5346155
137.5 42.0 8.7771
137.5 46.0 9.97262
137.5 50.0 11.041685
137.5 54.0 11.256328
137.5 58.0 12.4030285
137.5 62.0 13.03398
137.5 66.0 12.400935
137.5 70.0 12.624845
137.5 74.0 13.710522
137.5 78.0 10.472072
137.5 82.0 12.702283
137.5 86.0 20.65068
137.5 89.0 7.261942
142.5 -89.0 18.907724
142.5 -86.0 71.26417
142.5 -82.0 21.293804
142.5 -78.0 30.108082
142.5 -74.0 66.23902
142.5 -70.0 11.848148
142.5 -66.0 23.41758
142.5 -62.0 23.79697
142.5 -58.0 14.869417
142.5 -54.0 20.091623
142.5 -50.0 30.453062
142.5 -46.0 26.617441
142.5 -42.0 33.43593
142.5 -38.0 27.144178
142.5 -34.0 20.366737
142.5 -30.0 15.524098
142.5 -26.0 24.594759
142.5 -22.0 23.826189
142.5 -18.0 15.88498
142.5 -14.0 21.106781
142.5 -10.0 9.747371
142.5 -6.0 5.7644496
142.5 -2.0 3.6488159
142.5 2.0 5.303202
142.5 6.0 7.656496
142.5 10.0 13.931175
142.5 14.0 26.001034
142.5 18.0 28.98113
142.5 22.0 25.781528
142.5 26.0 26.273563
142.5 30.0 12.49473
142.5 34.0 5.942893
142.5 38.0 8.97427
142.5 42.0 9.786264
142.5 46.0 10.688587
142.5 50.0 12.388508
142.5 54.0 12.77296
142.5 58.0 13.15925
142.5 62.0 13.779102
142.5 66.0 12.556651
142.5 70.0 14.181074
142.5 74.0 12.888528
142.5 78.0 11.978995
142.5 82.0 13.540926
142.5 86.0 21.611597
142.5 89.0 7.261942
147.5 -89.0 18.907724
147.5 -86.0 67.17133
147.5 -82.0 29.20048
147.5 -78.0 31.23218
147.5 -74.0 36.80224
147.5 -70.0 16.949324
147.5 -66.0 23.718437
147.5 -62.0 26.71137
147.5 -58.0 18.846169
147.5 -54.0 26.677258
147.5 -50.0 23.41811
147.5 -46.0 22.076658
147.5 -42.0 13.647705
147.5 -38.0 26.66735
147.5 -34.0 21.261196
147.5 -30.0 16.402327
147.5 -26.0 14.867761
147.5 -22.0 14.443231
147.5 -18.0 17.227169
147.5 -14.0 20.66175
147.5 -10.0 10.6405325
147.5 -6.0 4.8982215
147.5 -2.0 5.069235
147.5 2.0 5.5995636
147.5 6.0 6.7722526
147.5 10.0 11.904276
147.5 14.0 23.449928
147.5 18.0 50.78845
147.5 22.0 77.68461
147.5 26.0 132.58035
147.5 30.0 18.795408
147.5 34.0 8.127784
147.5 38.0 10.239641
147.5 42.0 10.415033
147.5 46.0 12.053425
147.5 50.0 12.76336
147.5 54.0 12.607063
147.5 58.0 12.2849
147.5 62.0 13.92267
147.5 66.0 12.204713
147.5 70.0 13.590397
147.5 74.0 12.416707
147.5 78.0 11.584024
147.5 82.0 14.18744
147.5 86.0 22.61964
147.5 89.0 7.261942
152.5 -89.0 18.907724
152.5 -86.0 48.170395
152.5 -82.0 33.497463
152.5 -78.0 39.186333
152.5 -74.0 44.47229
152.5 -70.0 16.228764
152.5 -66.0 19.867212
152.5 -62.0 44.153336
152.5 -58.0 37.14231
152.5 -54.0 37.828854
152.5 -50.0 27.134382
152.5 -46.0 20.144766
152.5 -42.0 16.23605
152.5 -38.0 17.2929
152.5 -34.0 21.304457
152.5 -30.0 14.628434
152.5 -26.0 15.4748
152.5 -22.0 10.80657
152.5 -18.0 16.706274
152.5 -14.0 11.933133
152.5 -10.0 7.9191766
152.5 -6.0 4.318211
152.5 -2.0 6.467514
152.5 2.0 6.829266
152.5 6.0 6.911367
152.5 10.0 9.07531
152.5 14.0 10.10985
152.5 18.0 22.541069
152.5 22.0 56.311886
152.5 26.0 48.82393
152.5 30.0 25.44869
152.5 34.0 12.400185
152.5 38.0 10.942359
152.5 42.0 10.116064
152.5 46.0 10.977189
152.5 50.0 12.392625
152.5 54.0 12.090948
152.5 58.0 13.295586
152.5 62.0 13.288193
152.5 66.0 13.292701
152.5 70.0 13.31457
152.5 74.0 12.522563
152.5 78.0 12.38752
152.5 82.0 13.300887
152.5 86.0 21.952902
152.5 89.0 7.261942
157.5 -89.0 18.907724
157.5 -86.0 51.870773
157.5 -82.0 43.600338
157.5 -78.0 38.0695
157.5 -74.0 41.16298
157.5 -70.0 31.087063
157.5 -66.0 19.382833
157.5 -62.0 32.364765
157.5 -58.0 29.333181
157.5 -54.0 30.133665
157.5 -50.0 23.46785
157.5 -46.0 18.418617
157.5 -42.0 27.29817
157.5 -38.0 25.161009
157.5 -34.0 20.798655
157.5 -30.0 14.731184
157.5 -26.0 14.646346
157.5 -22.0 11.637707
157.5 -18.0 10.074769
157.5 -14.0 8.062271
157.5 -10.0 5.747571
157.5 -6.0 4.0734763
157.5 -2.0 5.1895523
157.5 2.0 6.609792
157.5 6.0 6.8371754
157.5 10.0 9.279525
157.5 14.0 9.870114
157.5 18.0 10.652736
157.5 22.0 15.091429
157.5 26.0 20.291601
157.5 30.0 19.874102
157.5 34.0 14.341924
157.5 38.0 12.7310505
157.5 42.0 12.141588
157.5 46.0 12.267255
157.5 50.0 13.716069
157.5 54.0 13.485357
157.5 58.0 12.72327
157.5 62.0 14.026478
157.5 66.0 13.045546
157.5 70.0 12.4087
157.5 74.0 11.361926
157.5 78.0 11.181719
157.5 82.0 13.174072
157.5 86.0 21.648264
157.5 89.0 7.261942
162.5 -89.0 18.907724
162.5 -86.0 52.272404
162.5 -82.0 40.179985
162.5 -78.0 36.463024
162.5 -74.0 26.014494
162.5 -70.0 17.295012
162.5 -66.0 24.51294
162.5 -62.0 19.195684
162.5 -58.0 47.873417
162.5 -54.0 32.63487
162.5 -50.0 21.965923
162.5 -46.0 20.901907
162.5 -42.0 37.21662
162.5 -38.0 22.227575
162.5 -34.0 18.02306
162.5 -30.0 19.187805
162.5 -26.0 19.049881
162.5 -22.0 13.375214
162.5 -18.0 5.8261924
162.5 -14.0 4.854951
162.5 -10.0 5.368855
162.5 -6.0 5.2988186
162.5 -2.0 5.799989
162.5 2.0 6.9080353
162.5 6.0 6.9679413
162.5 10.0 10.956512
162.5 14.0 12.126229
162.5 18.0 8.071686
162.5 22.0 9.091592
162.5 26.0 10.3811655
162.5 30.0 11.145979
162.5 34.0 10.550073
162.5 38.0 16.011995
162.5 42.0 16.04973
162.5 46.0 13.673428
162.5 50.0 14.223211
162.5 54.0 14.363937
162.5 58.0 13.067379
162.5 62.0 14.528019
162.5 66.0 11.58533
162.5 70.0 13.587931
162.5 74.0 11.9993515
162.5 78.0 10.907997
162.5 82.0 14.003377
162.5 86.0 23.581604
162.5 89.0 7.261942
167.5 -89.0 18.907724
167.5 -86.0 58.49974
167.5 -82.0 38.690342
167.5 -78.0 42.89386
167.5 -74.0 30.430243
167.5 -70.0 17.186466
167.5 -66.0 28.323978
167.5 -62.0 20.580292
167.5 -58.0 30.790941
167.5 -54.0 37.445023
167.5 -50.0 37.492954
167.5 -46.0 38.518375
167.5 -42.0 32.983227
167.5 -38.0 24.251604
167.5 -34.0 25.795061
167.5 -30.0 19.265808
167.5 -26.0 24.189657
167.5 -22.0 16.061958
167.5 -18.0 5.605239
167.5 -14.0 6.4847574
167.5 -10.0 5.800894
167.5 -6.0 6.6715736
167.5 -2.0 6.4574065
167.5 2.0 7.149726
167.5 6.0 7.679007
167.5 10.0 11.5432825
167.5 14.0 10.083372
167.5 18.0 8.287773
167.5 22.0 8.657738
167.5 26.0 10.003421
167.5 30.0 8.140091
167.5 34.0 7.727181
167.5 38.0 10.252722
167.5 42.0 13.275338
167.5 46.0 12.548698
167.5 50.0 13.966184
167.5 54.0 13.670864
167.5 58.0 13.097282
167.5 62.0 13.944866
167.5 66.0 13.828358
167.5 70.0 13.064646
167.5 74.0 14.304553
167.5 78.0 10.871451
167.5 82.0 14.086406
167.5 86.0 22.101484
167.5 89.0 7.261942
172.5 -89.0 18.907724
172.5 -86.0 57.62543
172.5 -82.0 47.24885
172.5 -78.0 42.89572
172.5 -74.0 28.580652
172.5 -70.0 24.482077
172.5 -66.0 28.651262
172.5 -62.0 33.23036
172.5 -58.0 38.230675
172.5 -54.0 32.85457
172.5 -50.0 40.11299
172.5 -46.0 47.50218
172.5 -42.0 33.87238
172.5 -38.0 26.728157
172.5 -34.0 15.072407
172.5 -30.0 17.52039
172.5 -26.0 20.998356
172.5 -22.0 18.36503
172.5 -18.0 9.389244
172.5 -14.0 7.2681623
172.5 -10.0 9.529243
172.5 -6.0 8.38892
172.5 -2.0 6.812809
172.5 2.0 6.8792715
172.5 6.0 8.366454
172.5 10.0 12.837057
172.5 14.0 9.484053
172.5 18.0 7.6724887
172.5 22.0 7.6842003
172.5 26.0 7.7399006
172.5 30.0 7.118055
172.5 34.0 7.044597
172.5 38.0 10.016778
172.5 42.0 11.605157
172.5 46.0 12.962508
172.5 50.0 13.440369
172.5 54.0 12.593325
172.5 58.0 13.404869
172.5 62.0 12.399802
172.5 66.0 13.693674
172.5 70.0 12.931757
172.5 74.0 11.878625
172.5 78.0 11.3512125
172.5 82.0 15.079035
172.5 86.0 22.249247
172.5 89.0 7.261942
177.5 -89.0 18.907724
177.5 -86.0 48.262184
177.5 -82.0 47.31846
177.5 -78.0 34.317455
177.5 -74.0 34.57279
177.5 -70.0 30.717636
177.5 -66.0 36.622776
177.5 -62.0 23.720865
177.5 -58.0 28.64749
177.5 -54.0 22.672836
177.5 -50.0 26.995514
177.5 -46.0 35.947697
177.5 -42.0 21.964985
177.5 -38.0 13.523391
177.5 -34.0 21.900455
177.5 -30.0 15.792127
177.5 -26.0 13.264689
177.5 -22.0 13.337727
177.5 -18.0 15.715122
177.5 -14.0 10.278722
177.5 -10.0 12.036023
177.5 -6.0 11.834243
177.5 -2.0 10.065181
177.5 2.0 8.638836
177.5 6.0 8.180453
177.5 10.0 13.209567
177.5 14.0 8.774324
177.5 18.0 6.3319964
177.5 22.0 5.83326
177.5 26.0 7.470831
177.5 30.0 6.961793
177.5 34.0 6.692935
177.5 38.0 9.659845
177.5 42.0 9.590199
177.5 46.0 11.344829
177.5 50.0 12.299079
177.5 54.0 12.587694
177.5 58.0 12.1687155
177.5 62.0 13.099445
177.5 66.0 13.267318
177.5 70.0 13.161927
177.5 74.0 13.030127
177.5 78.0 11.281874
177.5 82.0 15.465349
177.5 86.0 21.35682
177.5 89.0 7.261942
