-177.5 -89.0 59.166626
-177.5 -86.0 208.51108
-177.5 -82.0 161.76501
-177.5 -78.0 78.4266
-177.5 -74.0 60.903152
-177.5 -70.0 52.878727
-177.5 -66.0 69.06827
-177.5 -62.0 63.3527
-177.5 -58.0 49.809486
-177.5 -54.0 47.393143
-177.5 -50.0 60.37047
-177.5 -46.0 75.46351
-177.5 -42.0 44.47428
-177.5 -38.0 31.549273
-177.5 -34.0 21.904957
-177.5 -30.0 40.18716
-177.5 -26.0 54.23323
-177.5 -22.0 60.170277
-177.5 -18.0 93.0428
-177.5 -14.0 88.31626
-177.5 -10.0 84.19305
-177.5 -6.0 69.56289
-177.5 -2.0 34.814564
-177.5 2.0 23.600739
-177.5 6.0 18.273071
-177.5 10.0 12.706193
-177.5 14.0 10.528825
-177.5 18.0 10.140526
-177.5 22.0 11.0760355
-177.5 26.0 12.638932
-177.5 30.0 13.306564
-177.5 34.0 13.835926
-177.5 38.0 12.570934
-177.5 42.0 13.336963
-177.5 46.0 13.350925
-177.5 50.0 13.727843
-177.5 54.0 14.840499
-177.5 58.0 15.54285
-177.5 62.0 16.612007
-177.5 66.0 16.370213
-177.5 70.0 16.873692
-177.5 74.0 17.991581
-177.5 78.0 19.167427
-177.5 82.0 27.572386
-177.5 86.0 35.698296
-177.5 89.0 4.6203985
-172.5 -89.0 59.166626
-172.5 -86.0 163.96584
-172.5 -82.0 162.34128
-172.5 -78.0 118.69078
-172.5 -74.0 81.745255
-172.5 -70.0 52.623608
-172.5 -66.0 87.15353
-172.5 -62.0 95.94446
-172.5 -58.0 49.054302
-172.5 -54.0 38.437824
-172.5 -50.0 47.146503
-172.5 -46.0 79.69832
-172.5 -42.0 34.500862
-172.5 -38.0 30.215132
-172.5 -34.0 39.583527
-172.5 -30.0 49.433453
-172.5 -26.0 71.92709
-172.5 -22.0 87.78726
-172.5 -18.0 82.46673
-172.5 -14.0 89.36112
-172.5 -10.0 57.612267
-172.5 -6.0 59.132236
-172.5 -2.0 29.72788
-172.5 2.0 20.64709
-172.5 6.0 16.506205
-172.5 10.0 10.696751
-172.5 14.0 9.181751
-172.5 18.0 10.738327
-172.5 22.0 9.404037
-172.5 26.0 8.70031
-172.5 30.0 9.115063
-172.5 34.0 10.618097
-172.5 38.0 11.693812
-172.5 42.0 11.103364
-172.5 46.0 13.065489
-172.5 50.0 13.858853
-172.5 54.0 14.401665
-172.5 58.0 16.49226
-172.5 62.0 17.349417
-172.5 66.0 16.986057
-172.5 70.0 16.523924
-172.5 74.0 18.149837
-172.5 78.0 20.32391
-172.5 82.0 27.400715
-172.5 86.0 40.901955
-172.5 89.0 4.6203985
-167.5 -89.0 59.166626
-167.5 -86.0 165.91876
-167.5 -82.0 172.80199
-167.5 -78.0 101.69167
-167.5 -74.0 79.47083
-167.5 -70.0 24.86052
-167.5 -66.0 47.91259
-167.5 -62.0 46.088196
-167.5 -58.0 99.43909
-167.5 -54.0 80.47948
-167.5 -50.0 29.975134
-167.5 -46.0 49.278805
-167.5 -42.0 56.480694
-167.5 -38.0 27.075266
-167.5 -34.0 53.328293
-167.5 -30.0 71.20351
-167.5 -26.0 82.449524
-167.5 -22.0 81.79172
-167.5 -18.0 45.5631
-167.5 -14.0 45.435474
-167.5 -10.0 72.38386
-167.5 -6.0 44.78953
-167.5 -2.0 26.377539
-167.5 2.0 23.172115
-167.5 6.0 17.414
-167.5 10.0 10.473004
-167.5 14.0 6.1043477
-167.5 18.0 5.6491227
-167.5 22.0 6.37151
-167.5 26.0 6.9266343
-167.5 30.0 7.797692
-167.5 34.0 8.569686
-167.5 38.0 9.707807
-167.5 42.0 11.494496
-167.5 46.0 12.630643
-167.5 50.0 14.455172
-167.5 54.0 15.298104
-167.5 58.0 16.143944
-167.5 62.0 16.93399
-167.5 66.0 16.761585
-167.5 70.0 17.007212
-167.5 74.0 17.690123
-167.5 78.0 20.271168
-167.5 82.0 28.573622
-167.5 86.0 37.527924
-167.5 89.0 4.6203985
-162.5 -89.0 59.166626
-162.5 -86.0 176.70091
-162.5 -82.0 160.84615
-162.5 -78.0 90.41474
-162.5 -74.0 64.726326
-162.5 -70.0 27.110754
-162.5 -66.0 28.57392
-162.5 -62.0 54.43132
-162.5 -58.0 123.785835
-162.5 -54.0 64.29747
-162.5 -50.0 68.220436
-162.5 -46.0 65.2858
-162.5 -42.0 35.701
-162.5 -38.0 70.95456
-162.5 -34.0 74.27147
-162.5 -30.0 77.359886
-162.5 -26.0 86.52826
-162.5 -22.0 58.73748
-162.5 -18.0 35.526638
-162.5 -14.0 53.995388
-162.5 -10.0 86.05246
-162.5 -6.0 54.187717
-162.5 -2.0 40.449852
-162.5 2.0 32.313267
-162.5 6.0 19.200548
-162.5 10.0 10.218429
-162.5 14.0 4.348248
-162.5 18.0 2.875439
-162.5 22.0 3.8625562
-162.5 26.0 4.489467
-162.5 30.0 6.2272573
-162.5 34.0 7.0526886
-162.5 38.0 8.951618
-162.5 42.0 10.745478
-162.5 46.0 12.675068
-162.5 50.0 14.268701
-162.5 54.0 16.216974
-162.5 58.0 16.407026
-162.5 62.0 16.969904
-162.5 66.0 16.965305
-162.5 70.0 16.593115
-162.5 74.0 17.178001
-162.5 78.0 20.011168
-162.5 82.0 27.567894
-162.5 86.0 43.700424
-162.5 89.0 4.6203985
-157.5 -89.0 59.166626
-157.5 -86.0 169.46602
-157.5 -82.0 162.12885
-157.5 -78.0 85.42318
-157.5 -74.0 23.883326
-157.5 -70.0 32.826717
-157.5 -66.0 29.366686
-157.5 -62.0 40.536224
-157.5 -58.0 79.3236
-157.5 -54.0 64.54143
-157.5 -50.0 92.57539
-157.5 -46.0 129.3782
-157.5 -42.0 22.456997
-157.5 -38.0 31.90229
-157.5 -34.0 62.558292
-157.5 -30.0 75.35991
-157.5 -26.0 80.81242
-157.5 -22.0 63.022655
-157.5 -18.0 58.893932
-157.5 -14.0 71.86273
-157.5 -10.0 92.42073
-157.5 -6.0 90.91861
-157.5 -2.0 77.36373
-157.5 2.0 38.5678
-157.5 6.0 20.28213
-157.5 10.0 11.34675
-157.5 14.0 5.7790008
-157.5 18.0 4.865907
-157.5 22.0 3.183128
-157.5 26.0 2.8597665
-157.5 30.0 4.086018
-157.5 34.0 6.1916575
-157.5 38.0 6.8429365
-157.5 42.0 8.80797
-157.5 46.0 12.041001
-157.5 50.0 14.212201
-157.5 54.0 16.864159
-157.5 58.0 18.394337
-157.5 62.0 17.785982
-157.5 66.0 16.764933
-157.5 70.0 16.864424
-157.5 74.0 17.086622
-157.5 78.0 17.626474
-157.5 82.0 25.803217
-157.5 86.0 47.72194
-157.5 89.0 4.6203985
-152.5 -89.0 59.166626
-152.5 -86.0 176.94011
-152.5 -82.0 112.403885
-152.5 -78.0 78.17953
-152.5 -74.0 58.94171
-152.5 -70.0 77.30767
-152.5 -66.0 33.821144
-152.5 -62.0 31.414106
-152.5 -58.0 125.46204
-152.5 -54.0 72.1938
-152.5 -50.0 61.412613
-152.5 -46.0 102.28955
-152.5 -42.0 100.86027
-152.5 -38.0 47.616615
-152.5 -34.0 31.183147
-152.5 -30.0 49.844757
-152.5 -26.0 76.872246
-152.5 -22.0 63.327793
-152.5 -18.0 65.3347
-152.5 -14.0 76.784966
-152.5 -10.0 99.36366
-152.5 -6.0 89.765785
-152.5 -2.0 39.755146
-152.5 2.0 27.7128
-152.5 6.0 20.505358
-152.5 10.0 10.086044
-152.5 14.0 2.988877
-152.5 18.0 1.6794833
-152.5 22.0 3.9451375
-152.5 26.0 6.5653944
-152.5 30.0 6.292457
-152.5 34.0 5.275339
-152.5 38.0 6.7723117
-152.5 42.0 8.457636
-152.5 46.0 11.663244
-152.5 50.0 15.634809
-152.5 54.0 19.104958
-152.5 58.0 18.903606
-152.5 62.0 18.195011
-152.5 66.0 16.971622
-152.5 70.0 17.392717
-152.5 74.0 17.192049
-152.5 78.0 17.912422
-152.5 82.0 24.211197
-152.5 86.0 45.65079
-152.5 89.0 4.6203985
-147.5 -89.0 59.166626
-147.5 -86.0 185.32288
-147.5 -82.0 152.86351
-147.5 -78.0 61.717064
-147.5 -74.0 37.0206
-147.5 -70.0 137.037
-147.5 -66.0 54.304607
-147.5 -62.0 43.611385
-147.5 -58.0 54.109585
-147.5 -54.0 51.404514
-147.5 -50.0 69.66871
-147.5 -46.0 100.521904
-147.5 -42.0 67.689415
-147.5 -38.0 37.839012
-147.5 -34.0 40.01493
-147.5 -30.0 42.342693
-147.5 -26.0 62.796852
-147.5 -22.0 64.93353
-147.5 -18.0 63.038692
-147.5 -14.0 83.2137
-147.5 -10.0 143.5406
-147.5 -6.0 83.84162
-147.5 -2.0 65.50615
-147.5 2.0 51.63775
-147.5 6.0 49.040234
-147.5 10.0 10.818723
-147.5 14.0 1.4244039
-147.5 18.0 5.4222646
-147.5 22.0 73.49326
-147.5 26.0 82.18388
-147.5 30.0 10.090353
-147.5 34.0 2.8445535
-147.5 38.0 7.289915
-147.5 42.0 10.576992
-147.5 46.0 12.623955
-147.5 50.0 19.01882
-147.5 54.0 19.67833
-147.5 58.0 20.400478
-147.5 62.0 18.845646
-147.5 66.0 17.033796
-147.5 70.0 16.563868
-147.5 74.0 17.407383
-147.5 78.0 18.042961
-147.5 82.0 24.530317
-147.5 86.0 51.93726
-147.5 89.0 4.6203985
-142.5 -89.0 59.166626
-142.5 -86.0 190.19962
-142.5 -82.0 140.52235
-142.5 -78.0 53.15974
-142.5 -74.0 37.79858
-142.5 -70.0 54.27666
-142.5 -66.0 72.66892
-142.5 -62.0 33.4798
-142.5 -58.0 73.0027
-142.5 -54.0 39.819202
-142.5 -50.0 82.817245
-142.5 -46.0 82.10906
-142.5 -42.0 82.08576
-142.5 -38.0 46.86819
-142.5 -34.0 46.81215
-142.5 -30.0 49.594654
-142.5 -26.0 67.033
-142.5 -22.0 80.66202
-142.5 -18.0 71.40221
-142.5 -14.0 72.08519
-142.5 -10.0 139.97552
-142.5 -6.0 169.13792
-142.5 -2.0 78.47751
-142.5 2.0 99.77032
-142.5 6.0 73.537895
-142.5 10.0 32.9986
-142.5 14.0 6.4464703
-142.5 18.0 7.7075143
-142.5 22.0 381.45737
-142.5 26.0 227.56119
-142.5 30.0 9.0159
-142.5 34.0 4.699749
-142.5 38.0 10.726567
-142.5 42.0 12.029232
-142.5 46.0 16.95708
-142.5 50.0 20.894098
-142.5 54.0 23.989416
-142.5 58.0 22.060953
-142.5 62.0 20.467001
-142.5 66.0 18.358215
-142.5 70.0 16.217432
-142.5 74.0 17.262018
-142.5 78.0 18.133257
-142.5 82.0 23.032158
-142.5 86.0 53.215958
-142.5 89.0 4.6203985
-137.5 -89.0 59.166626
-137.5 -86.0 193.23848
-137.5 -82.0 128.1871
-137.5 -78.0 76.06326
-137.5 -74.0 60.985935
-137.5 -70.0 54.215263
-137.5 -66.0 107.687164
-137.5 -62.0 63.1789
-137.5 -58.0 34.331463
-137.5 -54.0 91.6169
-137.5 -50.0 71.95372
-137.5 -46.0 72.167305
-137.5 -42.0 77.668564
-137.5 -38.0 50.672718
-137.5 -34.0 54.109657
-137.5 -30.0 53.51501
-137.5 -26.0 71.0241
-137.5 -22.0 88.90911
-137.5 -18.0 94.12692
-137.5 -14.0 81.43603
-137.5 -10.0 128.2601
-137.5 -6.0 234.15764
-137.5 -2.0 132.53882
-137.5 2.0 76.57086
-137.5 6.0 161.46907
-137.5 10.0 111.55328
-137.5 14.0 24.303558
-137.5 18.0 225.21477
-137.5 22.0 85.778915
-137.5 26.0 48.03471
-137.5 30.0 3.448431
-137.5 34.0 5.2513227
-137.5 38.0 31.25044
-137.5 42.0 9.86064
-137.5 46.0 21.166077
-137.5 50.0 23.655155
-137.5 54.0 17.525667
-137.5 58.0 22.450922
-137.5 62.0 22.785204
-137.5 66.0 17.140436
-137.5 70.0 16.732265
-137.5 74.0 17.540796
-137.5 78.0 17.851513
-137.5 82.0 22.79704
-137.5 86.0 54.146816
-137.5 89.0 4.6203985
-132.5 -89.0 59.166626
-132.5 -86.0 158.38077
-132.5 -82.0 121.6699
-132.5 -78.0 83.40237
-132.5 -74.0 68.883934
-132.5 -70.0 54.149857
-132.5 -66.0 86.056854
-132.5 -62.0 90.576706
-132.5 -58.0 94.95258
-132.5 -54.0 78.89016
-132.5 -50.0 158.53226
-132.5 -46.0 67.75814
-132.5 -42.0 73.60614
-132.5 -38.0 45.22562
-132.5 -34.0 65.57429
-132.5 -30.0 60.96598
-132.5 -26.0 65.52924
-132.5 -22.0 109.50546
-132.5 -18.0 176.13841
-132.5 -14.0 168.61684
-132.5 -10.0 218.89223
-132.5 -6.0 348.6359
-132.5 -2.0 193.68988
-132.5 2.0 162.70125
-132.5 6.0 167.92607
-132.5 10.0 164.31073
-132.5 14.0 161.83405
-132.5 18.0 307.3368
-132.5 22.0 118.07468
-132.5 26.0 23.544188
-132.5 30.0 2.7058601
-132.5 34.0 6.0507436
-132.5 38.0 33.314137
-132.5 42.0 11.349231
-132.5 46.0 20.16334
-132.5 50.0 25.005228
-132.5 54.0 16.105352
-132.5 58.0 23.180975
-132.5 62.0 22.70284
-132.5 66.0 17.697052
-132.5 70.0 15.775527
-132.5 74.0 16.854477
-132.5 78.0 15.189148
-132.5 82.0 23.576296
-132.5 86.0 52.544827
-132.5 89.0 4.6203985
-127.5 -89.0 59.166626
-127.5 -86.0 182.09413
-127.5 -82.0 106.32056
-127.5 -78.0 52.26944
-127.5 -74.0 37.21391
-127.5 -70.0 38.562344
-127.5 -66.0 74.289055
-127.5 -62.0 50.712948
-127.5 -58.0 71.87178
-127.5 -54.0 42.43931
-127.5 -50.0 71.94841
-127.5 -46.0 58.367928
-127.5 -42.0 75.52178
-127.5 -38.0 64.10737
-127.5 -34.0 70.02374
-127.5 -30.0 64.21074
-127.5 -26.0 74.56029
-127.5 -22.0 148.21133
-127.5 -18.0 231.43507
-127.5 -14.0 171.45555
-127.5 -10.0 112.47826
-127.5 -6.0 201.97214
-127.5 -2.0 311.15402
-127.5 2.0 246.5632
-127.5 6.0 133.77634
-127.5 10.0 81.13392
-127.5 14.0 101.5401
-127.5 18.0 79.65448
-127.5 22.0 47.308834
-127.5 26.0 72.879074
-127.5 30.0 18.873854
-127.5 34.0 9.91328
-127.5 38.0 27.685122
-127.5 42.0 18.92837
-127.5 46.0 21.099161
-127.5 50.0 21.997192
-127.5 54.0 20.504763
-127.5 58.0 21.500435
-127.5 62.0 21.79874
-127.5 66.0 18.762285
-127.5 70.0 17.242798
-127.5 74.0 18.530855
-127.5 78.0 16.8727
-127.5 82.0 23.188784
-127.5 86.0 50.36555
-127.5 89.0 4.6203985
-122.5 -89.0 59.166626
-122.5 -86.0 189.73674
-122.5 -82.0 110.78959
-122.5 -78.0 38.590218
-122.5 -74.0 42.70289
-122.5 -70.0 45.663353
-122.5 -66.0 52.293716
-122.5 -62.0 109.74899
-122.5 -58.0 79.98122
-122.5 -54.0 59.943336
-122.5 -50.0 53.05228
-122.5 -46.0 55.753716
-122.5 -42.0 69.08676
-122.5 -38.0 62.28162
-122.5 -34.0 86.28396
-122.5 -30.0 83.17706
-122.5 -26.0 92.7721
-122.5 -22.0 193.65128
-122.5 -18.0 289.83936
-122.5 -14.0 430.425
-122.5 -10.0 93.80775
-122.5 -6.0 299.67642
-122.5 -2.0 267.4199
-122.5 2.0 437.27573
-122.5 6.0 265.5843
-122.5 10.0 93.46519
-122.5 14.0 54.421032
-122.5 18.0 57.822933
-122.5 22.0 100.87144
-122.5 26.0 103.086044
-122.5 30.0 50.511173
-122.5 34.0 28.474257
-122.5 38.0 40.66087
-122.5 42.0 45.955036
-122.5 46.0 24.677286
-122.5 50.0 17.784937
-122.5 54.0 22.848515
-122.5 58.0 22.14211
-122.5 62.0 20.435799
-122.5 66.0 18.87855
-122.5 70.0 18.201344
-122.5 74.0 16.040413
-122.5 78.0 17.644068
-122.5 82.0 23.604204
-122.5 86.0 46.651073
-122.5 89.0 4.6203985
-117.5 -89.0 59.166626
-117.5 -86.0 100.40309
-117.5 -82.0 102.597176
-117.5 -78.0 47.342262
-117.5 -74.0 34.74162
-117.5 -70.0 64.3235
-117.5 -66.0 107.28988
-117.5 -62.0 61.16388
-117.5 -58.0 63.64541
-117.5 -54.0 52.175556
-117.5 -50.0 62.65386
-117.5 -46.0 59.35858
-117.5 -42.0 70.02935
-117.5 -38.0 99.41461
-117.5 -34.0 105.20151
-117.5 -30.0 106.24791
-117.5 -26.0 115.47358
-117.5 -22.0 193.99557
-117.5 -18.0 263.90314
-117.5 -14.0 259.54233
-117.5 -10.0 259.5994
-117.5 -6.0 184.69977
-117.5 -2.0 100.03577
-117.5 2.0 68.02201
-117.5 6.0 133.3535
-117.5 10.0 185.23502
-117.5 14.0 96.087265
-117.5 18.0 27.540167
-117.5 22.0 21.448576
-117.5 26.0 37.604534
-117.5 30.0 39.20856
-117.5 34.0 64.89281
-117.5 38.0 213.93059
-117.5 42.0 243.97717
-117.5 46.0 33.636528
-117.5 50.0 17.187794
-117.5 54.0 23.0124
-117.5 58.0 25.606632
-117.5 62.0 20.351242
-117.5 66.0 19.710434
-117.5 70.0 16.331554
-117.5 74.0 16.261135
-117.5 78.0 16.254019
-117.5 82.0 23.146976
-117.5 86.0 59.673737
-117.5 89.0 4.6203985
-112.5 -89.0 59.166626
-112.5 -86.0 115.580185
-112.5 -82.0 92.35113
-112.5 -78.0 49.025715
-112.5 -74.0 63.23104
-112.5 -70.0 69.70381
-112.5 -66.0 72.873955
-112.5 -62.0 51.476326
-112.5 -58.0 42.295143
-112.5 -54.0 47.338863
-112.5 -50.0 104.339386
-112.5 -46.0 80.0503
-112.5 -42.0 60.361584
-112.5 -38.0 62.44723
-112.5 -34.0 94.2804
-112.5 -30.0 118.30682
-112.5 -26.0 122.37795
-112.5 -22.0 182.6224
-112.5 -18.0 171.7913
-112.5 -14.0 155.43642
-112.5 -10.0 241.81453
-112.5 -6.0 211.89554
-112.5 -2.0 303.19394
-112.5 2.0 304.77475
-112.5 6.0 29.376951
-112.5 10.0 193.2699
-112.5 14.0 238.27715
-112.5 18.0 89.951805
-112.5 22.0 60.6479
-112.5 26.0 67.91041
-112.5 30.0 67.75101
-112.5 34.0 112.98218
-112.5 38.0 462.01266
-112.5 42.0 328.57022
-112.5 46.0 55.19298
-112.5 50.0 19.375872
-112.5 54.0 21.478111
-112.5 58.0 26.544935
-112.5 62.0 21.53089
-112.5 66.0 19.390305
-112.5 70.0 18.315878
-112.5 74.0 16.877201
-112.5 78.0 15.823399
-112.5 82.0 22.957233
-112.5 86.0 52.0655
-112.5 89.0 4.6203985
-107.5 -89.0 59.166626
-107.5 -86.0 139.57849
-107.5 -82.0 84.585
-107.5 -78.0 42.587395
-107.5 -74.0 52.205395
-107.5 -70.0 64.03301
-107.5 -66.0 66.94071
-107.5 -62.0 84.20224
-107.5 -58.0 45.911602
-107.5 -54.0 51.290604
-107.5 -50.0 87.53159
-107.5 -46.0 75.62481
-107.5 -42.0 46.659195
-107.5 -38.0 45.86355
-107.5 -34.0 115.81043
-107.5 -30.0 131.16373
-107.5 -26.0 98.14919
-107.5 -22.0 157.34154
-107.5 -18.0 282.48587
-107.5 -14.0 109.52854
-107.5 -10.0 192.48384
-107.5 -6.0 268.43985
-107.5 -2.0 211.51662
-107.5 2.0 171.13716
-107.5 6.0 169.63664
-107.5 10.0 355.8665
-107.5 14.0 148.83292
-107.5 18.0 87.33898
-107.5 22.0 38.127106
-107.5 26.0 99.569275
-107.5 30.0 77.019066
-107.5 34.0 97.49421
-107.5 38.0 268.7957
-107.5 42.0 256.87387
-107.5 46.0 81.24819
-107.5 50.0 23.234144
-107.5 54.0 24.649431
-107.5 58.0 23.116417
-107.5 62.0 21.313868
-107.5 66.0 21.629099
-107.5 70.0 18.847929
-107.5 74.0 16.698153
-107.5 78.0 15.647449
-107.5 82.0 24.616451
-107.5 86.0 55.597584
-107.5 89.0 4.6203985
-102.5 -89.0 59.166626
-102.5 -86.0 145.4901
-102.5 -82.0 87.98806
-102.5 -78.0 47.880497
-102.5 -74.0 51.337254
-102.5 -70.0 55.909477
-102.5 -66.0 50.158085
-102.5 -62.0 71.46471
-102.5 -58.0 114.365585
-102.5 -54.0 110.73005
-102.5 -50.0 114.80371
-102.5 -46.0 54.48641
-102.5 -42.0 43.34162
-102.5 -38.0 117.31791
-102.5 -34.0 303.4159
-102.5 -30.0 460.58914
-102.5 -26.0 277.6029
-102.5 -22.0 235.86327
-102.5 -18.0 245.26874
-102.5 -14.0 214.63005
-102.5 -10.0 219.40218
-102.5 -6.0 266.2275
-102.5 -2.0 303.02316
-102.5 2.0 467.49966
-102.5 6.0 154.08296
-102.5 10.0 419.92776
-102.5 14.0 501.94293
-102.5 18.0 76.325134
-102.5 22.0 39.33827
-102.5 26.0 44.45516
-102.5 30.0 50.96258
-102.5 34.0 44.087025
-102.5 38.0 149.24883
-102.5 42.0 94.65579
-102.5 46.0 25.68156
-102.5 50.0 40.086975
-102.5 54.0 36.471912
-102.5 58.0 24.335367
-102.5 62.0 21.691164
-102.5 66.0 21.722105
-102.5 70.0 18.103594
-102.5 74.0 16.830168
-102.5 78.0 15.104236
-102.5 82.0 27.522839
-102.5 86.0 50.992317
-102.5 89.0 4.6203985
-97.5 -89.0 59.166626
-97.5 -86.0 127.40406
-97.5 -82.0 75.165375
-97.5 -78.0 36.91839
-97.5 -74.0 55.11031
-97.5 -70.0 53.561954
-97.5 -66.0 49.42439
-97.5 -62.0 72.731346
-97.5 -58.0 65.90379
-97.5 -54.0 109.44799
-97.5 -50.0 181.04086
-97.5 -46.0 77.07238
-97.5 -42.0 145.99873
-97.5 -38.0 180.60698
-97.5 -34.0 116.612335
-97.5 -30.0 102.49613
-97.5 -26.0 120.61169
-97.5 -22.0 168.83362
-97.5 -18.0 282.89285
-97.5 -14.0 338.14032
-97.5 -10.0 297.7162
-97.5 -6.0 259.50293
-97.5 -2.0 277.87085
-97.5 2.0 363.1071
-97.5 6.0 464.9567
-97.5 10.0 130.68025
-97.5 14.0 57.716843
-97.5 18.0 97.14226
-97.5 22.0 120.75431
-97.5 26.0 83.204506
-97.5 30.0 46.746525
-97.5 34.0 47.45007
-97.5 38.0 35.919395
-97.5 42.0 25.087708
-97.5 46.0 24.53485
-97.5 50.0 33.34822
-97.5 54.0 42.38841
-97.5 58.0 29.250542
-97.5 62.0 23.396677
-97.5 66.0 21.39736
-97.5 70.0 17.153294
-97.5 74.0 16.869696
-97.5 78.0 15.450248
-97.5 82.0 26.058048
-97.5 86.0 54.556572
-97.5 89.0 4.6203985
-92.5 -89.0 59.166626
-92.5 -86.0 129.4433
-92.5 -82.0 100.42694
-92.5 -78.0 53.973427
-92.5 -74.0 55.697815
-92.5 -70.0 58.089428
-92.5 -66.0 49.27454
-92.5 -62.0 59.175255
-92.5 -58.0 35.632336
-92.5 -54.0 76.7596
-92.5 -50.0 54.27073
-92.5 -46.0 46.342148
-92.5 -42.0 280.85294
-92.5 -38.0 171.02194
-92.5 -34.0 89.580894
-92.5 -30.0 95.86975
-92.5 -26.0 112.796974
-92.5 -22.0 182.30698
-92.5 -18.0 241.00482
-92.5 -14.0 311.77087
-92.5 -10.0 269.24408
-92.5 -6.0 205.46666
-92.5 -2.0 326.8136
-92.5 2.0 200.6008
-92.5 6.0 192.46898
-92.5 10.0 132.33525
-92.5 14.0 128.70706
-92.5 18.0 105.84063
-92.5 22.0 133.61034
-92.5 26.0 130.48691
-92.5 30.0 46.368954
-92.5 34.0 50.375614
-92.5 38.0 39.24739
-92.5 42.0 36.069324
-92.5 46.0 25.158693
-92.5 50.0 39.953083
-92.5 54.0 35.21481
-92.5 58.0 30.567724
-92.5 62.0 24.272966
-92.5 66.0 20.341919
-92.5 70.0 16.09768
-92.5 74.0 15.256676
-92.5 78.0 15.121349
-92.5 82.0 24.53104
-92.5 86.0 51.950703
-92.5 89.0 4.6203985
-87.5 -89.0 59.166626
-87.5 -86.0 135.16417
-87.5 -82.0 144.55637
-87.5 -78.0 63.284195
-87.5 -74.0 68.67153
-87.5 -70.0 34.765903
-87.5 -66.0 51.704727
-87.5 -62.0 89.705154
-87.5 -58.0 74.77485
-87.5 -54.0 83.20405
-87.5 -50.0 42.54529
-87.5 -46.0 44.154285
-87.5 -42.0 45.88221
-87.5 -38.0 172.4446
-87.5 -34.0 149.90923
-87.5 -30.0 95.59778
-87.5 -26.0 93.12129
-87.5 -22.0 137.94339
-87.5 -18.0 195.00322
-87.5 -14.0 241.20259
-87.5 -10.0 393.3255
-87.5 -6.0 217.10028
-87.5 -2.0 364.20853
-87.5 2.0 187.43175
-87.5 6.0 88.60297
-87.5 10.0 62.637676
-87.5 14.0 54.50144
-87.5 18.0 66.459045
-87.5 22.0 81.33223
-87.5 26.0 66.76889
-87.5 30.0 35.985962
-87.5 34.0 46.234753
-87.5 38.0 75.16949
-87.5 42.0 71.86527
-87.5 46.0 20.806675
-87.5 50.0 40.584625
-87.5 54.0 26.013872
-87.5 58.0 24.833576
-87.5 62.0 23.793598
-87.5 66.0 18.11063
-87.5 70.0 15.479313
-87.5 74.0 15.33337
-87.5 78.0 15.1094055
-87.5 82.0 23.362207
-87.5 86.0 55.269318
-87.5 89.0 4.6203985
-82.5 -89.0 59.166626
-82.5 -86.0 128.65112
-82.5 -82.0 95.19727
-82.5 -78.0 155.35645
-82.5 -74.0 62.36712
-82.5 -70.0 67.58337
-82.5 -66.0 46.777737
-82.5 -62.0 54.565754
-82.5 -58.0 42.88782
-82.5 -54.0 34.42713
-82.5 -50.0 35.141346
-82.5 -46.0 72.354355
-82.5 -42.0 73.44055
-82.5 -38.0 193.69177
-82.5 -34.0 118.99915
-82.5 -30.0 106.91383
-82.5 -26.0 108.24947
-82.5 -22.0 118.84569
-82.5 -18.0 166.0899
-82.5 -14.0 204.3516
-82.5 -10.0 175.55449
-82.5 -6.0 125.30102
-82.5 -2.0 342.1158
-82.5 2.0 161.54861
-82.5 6.0 98.52096
-82.5 10.0 64.66188
-82.5 14.0 70.018456
-82.5 18.0 69.57324
-82.5 22.0 82.98034
-82.5 26.0 89.98912
-82.5 30.0 59.863907
-82.5 34.0 55.357388
-82.5 38.0 47.303577
-82.5 42.0 79.48186
-82.5 46.0 74.47815
-82.5 50.0 24.58758
-82.5 54.0 20.809639
-82.5 58.0 23.438684
-82.5 62.0 22.702278
-82.5 66.0 16.687334
-82.5 70.0 14.53185
-82.5 74.0 15.977777
-82.5 78.0 15.670719
-82.5 82.0 20.585163
-82.5 86.0 51.54667
-82.5 89.0 4.6203985
-77.5 -89.0 59.166626
-77.5 -86.0 154.99649
-77.5 -82.0 135.97406
-77.5 -78.0 68.386406
-77.5 -74.0 31.188536
-77.5 -70.0 23.080221
-77.5 -66.0 54.341927
-77.5 -62.0 60.622047
-77.5 -58.0 35.78349
-77.5 -54.0 52.697647
-77.5 -50.0 94.612976
-77.5 -46.0 91.39949
-77.5 -42.0 83.19968
-77.5 -38.0 99.910965
-77.5 -34.0 260.2099
-77.5 -30.0 191.83252
-77.5 -26.0 93.02614
-77.5 -22.0 128.55057
-77.5 -18.0 155.32315
-77.5 -14.0 199.57234
-77.5 -10.0 88.67897
-77.5 -6.0 255.40703
-77.5 -2.0 282.62253
-77.5 2.0 296.87057
-77.5 6.0 95.34458
-77.5 10.0 39.588554
-77.5 14.0 32.110596
-77.5 18.0 37.997147
-77.5 22.0 60.884224
-77.5 26.0 94.88217
-77.5 30.0 54.814793
-77.5 34.0 37.96817
-77.5 38.0 82.16178
-77.5 42.0 92.972626
-77.5 46.0 82.16682
-77.5 50.0 15.32014
-77.5 54.0 19.792706
-77.5 58.0 22.178135
-77.5 62.0 20.58265
-77.5 66.0 14.824468
-77.5 70.0 15.890617
-77.5 74.0 15.695634
-77.5 78.0 15.99651
-77.5 82.0 23.250391
-77.5 86.0 51.26943
-77.5 89.0 4.6203985
-72.5 -89.0 59.166626
-72.5 -86.0 163.88951
-72.5 -82.0 73.74344
-72.5 -78.0 60.70576
-72.5 -74.0 84.84162
-72.5 -70.0 51.266922
-72.5 -66.0 52.779327
-72.5 -62.0 78.29306
-72.5 -58.0 38.725708
-72.5 -54.0 57.17903
-72.5 -50.0 126.56219
-72.5 -46.0 152.66533
-72.5 -42.0 117.44897
-72.5 -38.0 70.17852
-72.5 -34.0 86.37083
-72.5 -30.0 185.00363
-72.5 -26.0 155.13739
-72.5 -22.0 204.68556
-72.5 -18.0 142.14523
-72.5 -14.0 71.26493
-72.5 -10.0 59.204536
-72.5 -6.0 179.74995
-72.5 -2.0 354.0587
-72.5 2.0 279.6243
-72.5 6.0 115.22622
-72.5 10.0 73.951355
-72.5 14.0 45.1821
-72.5 18.0 46.263714
-72.5 22.0 36.81694
-72.5 26.0 41.77248
-72.5 30.0 32.706482
-72.5 34.0 48.160774
-72.5 38.0 129.34706
-72.5 42.0 93.42925
-72.5 46.0 83.439026
-72.5 50.0 20.907738
-72.5 54.0 18.50337
-72.5 58.0 18.953838
-72.5 62.0 17.71804
-72.5 66.0 16.202377
-72.5 70.0 16.248081
-72.5 74.0 16.43558
-72.5 78.0 15.785375
-72.5 82.0 20.174017
-72.5 86.0 50.762684
-72.5 89.0 4.6203985
-67.5 -89.0 59.166626
-67.5 -86.0 181.7987
-67.5 -82.0 101.15596
-67.5 -78.0 56.645615
-67.5 -74.0 55.58928
-67.5 -70.0 41.602753
-67.5 -66.0 43.7465
-67.5 -62.0 50.948097
-67.5 -58.0 59.366432
-67.5 -54.0 97.69811
-67.5 -50.0 16.76548
-67.5 -46.0 82.20504
-67.5 -42.0 95.62551
-67.5 -38.0 93.94019
-67.5 -34.0 67.45837
-67.5 -30.0 179.15852
-67.5 -26.0 111.918816
-67.5 -22.0 196.64507
-67.5 -18.0 231.6817
-67.5 -14.0 39.3433
-67.5 -10.0 109.14916
-67.5 -6.0 245.37453
-67.5 -2.0 266.1289
-67.5 2.0 138.49043
-67.5 6.0 84.86874
-67.5 10.0 68.28786
-67.5 14.0 52.900127
-67.5 18.0 46.930702
-67.5 22.0 52.772434
-67.5 26.0 50.917313
-67.5 30.0 33.74877
-67.5 34.0 29.151907
-67.5 38.0 45.045162
-67.5 42.0 76.77409
-67.5 46.0 52.490417
-67.5 50.0 39.94748
-67.5 54.0 18.77238
-67.5 58.0 16.972397
-67.5 62.0 16.70913
-67.5 66.0 15.826011
-67.5 70.0 16.43903
-67.5 74.0 18.375254
-67.5 78.0 16.014261
-67.5 82.0 25.943752
-67.5 86.0 45.09107
-67.5 89.0 4.6203985
-62.5 -89.0 59.166626
-62.5 -86.0 180.30406
-62.5 -82.0 49.371647
-62.5 -78.0 56.183918
-62.5 -74.0 41.46043
-62.5 -70.0 39.72639
-62.5 -66.0 58.14988
-62.5 -62.0 43.074924
-62.5 -58.0 75.822014
-62.5 -54.0 106.01738
-62.5 -50.0 90.36272
-62.5 -46.0 86.83135
-62.5 -42.0 61.05717
-62.5 -38.0 100.30984
-62.5 -34.0 109.19577
-62.5 -30.0 75.6278
-62.5 -26.0 137.96419
-62.5 -22.0 168.79942
-62.5 -18.0 253.93378
-62.5 -14.0 61.503376
-62.5 -10.0 309.4081
-62.5 -6.0 92.74625
-62.5 -2.0 86.540825
-62.5 2.0 99.71772
-62.5 6.0 59.88886
-62.5 10.0 38.748108
-62.5 14.0 38.60249
-62.5 18.0 45.380486
-62.5 22.0 37.820164
-62.5 26.0 17.759268
-62.5 30.0 18.433111
-62.5 34.0 37.712296
-62.5 38.0 41.40406
-62.5 42.0 51.725655
-62.5 46.0 49.89867
-62.5 50.0 35.782475
-62.5 54.0 19.0214
-62.5 58.0 15.073061
-62.5 62.0 17.611246
-62.5 66.0 16.020206
-62.5 70.0 17.669655
-62.5 74.0 19.241957
-62.5 78.0 14.575343
-62.5 82.0 27.963001
-62.5 86.0 45.337063
-62.5 89.0 4.6203985
-57.5 -89.0 59.166626
-57.5 -86.0 161.24863
-57.5 -82.0 73.00297
-57.5 -78.0 51.159378
-57.5 -74.0 39.24329
-57.5 -70.0 51.07105
-57.5 -66.0 47.581512
-57.5 -62.0 61.666187
-57.5 -58.0 85.33503
-57.5 -54.0 44.86569
-57.5 -50.0 52.0348
-57.5 -46.0 57.457275
-57.5 -42.0 123.81453
-57.5 -38.0 115.29539
-57.5 -34.0 108.34323
-57.5 -30.0 44.406216
-57.5 -26.0 109.47505
-57.5 -22.0 126.80623
-57.5 -18.0 161.15852
-57.5 -14.0 63.390717
-57.5 -10.0 228.58492
-57.5 -6.0 132.96544
-57.5 -2.0 116.57235
-57.5 2.0 84.68888
-57.5 6.0 59.575104
-57.5 10.0 38.824963
-57.5 14.0 39.15213
-57.5 18.0 42.394505
-57.5 22.0 50.606705
-57.5 26.0 35.04274
-57.5 30.0 22.549881
-57.5 34.0 51.228367
-57.5 38.0 36.605846
-57.5 42.0 44.06673
-57.5 46.0 35.31986
-57.5 50.0 25.547321
-57.5 54.0 14.282857
-57.5 58.0 16.71107
-57.5 62.0 18.224174
-57.5 66.0 17.2004
-57.5 70.0 18.243649
-57.5 74.0 17.349232
-57.5 78.0 16.487741
-57.5 82.0 21.53762
-57.5 86.0 44.83838
-57.5 89.0 4.6203985
-52.5 -89.0 59.166626
-52.5 -86.0 320.5145
-52.5 -82.0 68.952896
-52.5 -78.0 69.77785
-52.5 -74.0 41.63528
-52.5 -70.0 47.27684
-52.5 -66.0 62.507423
-52.5 -62.0 53.281933
-52.5 -58.0 117.80033
-52.5 -54.0 62.959778
-52.5 -50.0 23.232372
-52.5 -46.0 58.243336
-52.5 -42.0 61.84331
-52.5 -38.0 105.72315
-52.5 -34.0 82.24749
-52.5 -30.0 51.82258
-52.5 -26.0 47.65638
-52.5 -22.0 54.733063
-52.5 -18.0 74.56573
-52.5 -14.0 27.093737
-52.5 -10.0 125.321236
-52.5 -6.0 95.05914
-52.5 -2.0 101.57168
-52.5 2.0 66.98738
-52.5 6.0 57.24123
-52.5 10.0 39.51484
-52.5 14.0 34.023045
-52.5 18.0 25.896996
-52.5 22.0 25.748892
-52.5 26.0 16.700779
-52.5 30.0 19.80709
-52.5 34.0 19.763742
-52.5 38.0 19.650846
-52.5 42.0 27.134323
-52.5 46.0 21.623137
-52.5 50.0 16.265715
-52.5 54.0 15.518041
-52.5 58.0 18.018822
-52.5 62.0 17.909569
-52.5 66.0 17.532413
-52.5 70.0 18.691313
-52.5 74.0 17.033934
-52.5 78.0 15.605962
-52.5 82.0 18.972141
-52.5 86.0 46.638504
-52.5 89.0 4.6203985
-47.5 -89.0 59.166626
-47.5 -86.0 271.90707
-47.5 -82.0 65.96854
-47.5 -78.0 39.834846
-47.5 -74.0 43.40767
-47.5 -70.0 61.715237
-47.5 -66.0 26.774061
-47.5 -62.0 61.11584
-47.5 -58.0 67.61081
-47.5 -54.0 24.001059
-47.5 -50.0 21.543558
-47.5 -46.0 14.104551
-47.5 -42.0 35.82314
-47.5 -38.0 68.64276
-47.5 -34.0 83.29447
-47.5 -30.0 66.59436
-47.5 -26.0 56.087788
-47.5 -22.0 70.18414
-47.5 -18.0 30.275963
-47.5 -14.0 14.185926
-47.5 -10.0 71.889595
-47.5 -6.0 58.070755
-47.5 -2.0 83.45269
-47.5 2.0 68.81405
-47.5 6.0 40.085495
-47.5 10.0 22.99114
-47.5 14.0 18.9636
-47.5 18.0 17.421001
-47.5 22.0 19.595556
-47.5 26.0 22.09378
-47.5 30.0 21.258644
-47.5 34.0 17.923754
-47.5 38.0 16.30985
-47.5 42.0 15.459058
-47.5 46.0 15.988689
-47.5 50.0 16.245079
-47.5 54.0 17.036861
-47.5 58.0 17.07045
-47.5 62.0 17.246214
-47.5 66.0 16.63893
-47.5 70.0 17.95928
-47.5 74.0 17.345587
-47.5 78.0 15.010035
-47.5 82.0 15.245081
-47.5 86.0 45.64026
-47.5 89.0 4.6203985
-42.5 -89.0 59.166626
-42.5 -86.0 172.38847
-42.5 -82.0 78.866554
-42.5 -78.0 41.50315
-42.5 -74.0 32.127052
-42.5 -70.0 66.89632
-42.5 -66.0 49.85813
-42.5 -62.0 55.667892
-42.5 -58.0 79.2845
-42.5 -54.0 15.93533
-42.5 -50.0 23.01149
-42.5 -46.0 10.87352
-42.5 -42.0 15.757637
-42.5 -38.0 27.896715
-42.5 -34.0 79.519035
-42.5 -30.0 54.417755
-42.5 -26.0 65.320366
-42.5 -22.0 76.96505
-42.5 -18.0 54.959465
-42.5 -14.0 16.923395
-42.5 -10.0 59.388317
-42.5 -6.0 111.498886
-42.5 -2.0 77.06205
-42.5 2.0 53.8086
-42.5 6.0 34.895046
-42.5 10.0 21.058353
-42.5 14.0 15.191802
-42.5 18.0 14.861185
-42.5 22.0 15.79427
-42.5 26.0 17.253445
-42.5 30.0 17.624397
-42.5 34.0 16.376905
-42.5 38.0 15.823697
-42.5 42.0 15.454023
-42.5 46.0 15.56084
-42.5 50.0 15.47726
-42.5 54.0 18.818146
-42.5 58.0 17.094378
-42.5 62.0 17.583145
-42.5 66.0 17.259619
-42.5 70.0 18.6295
-42.5 74.0 17.950869
-42.5 78.0 17.120628
-42.5 82.0 17.979717
-42.5 86.0 36.977222
-42.5 89.0 4.6203985
-37.5 -89.0 59.166626
-37.5 -86.0 306.69315
-37.5 -82.0 63.288013
-37.5 -78.0 40.2186
-37.5 -74.0 42.872955
-37.5 -70.0 74.741516
-37.5 -66.0 83.20982
-37.5 -62.0 71.985596
-37.5 -58.0 51.511673
-37.5 -54.0 17.507248
-37.5 -50.0 20.146027
-37.5 -46.0 9.85074
-37.5 -42.0 21.56753
-37.5 -38.0 22.862015
-37.5 -34.0 41.369465
-37.5 -30.0 36.98066
-37.5 -26.0 57.22643
-37.5 -22.0 74.984276
-37.5 -18.0 62.462837
-37.5 -14.0 40.054768
-37.5 -10.0 19.576397
-37.5 -6.0 48.56197
-37.5 -2.0 73.40713
-37.5 2.0 39.879185
-37.5 6.0 32.770844
-37.5 10.0 18.470158
-37.5 14.0 14.378557
-37.5 18.0 15.33127
-37.5 22.0 17.550945
-37.5 26.0 16.73333
-37.5 30.0 15.556442
-37.5 34.0 15.255159
-37.5 38.0 14.1875
-37.5 42.0 13.48926
-37.5 46.0 14.92536
-37.5 50.0 16.647747
-37.5 54.0 17.319862
-37.5 58.0 16.69768
-37.5 62.0 17.099571
-37.5 66.0 17.986065
-37.5 70.0 17.401459
-37.5 74.0 18.077343
-37.5 78.0 17.011984
-37.5 82.0 20.267797
-37.5 86.0 33.017094
-37.5 89.0 4.6203985
-32.5 -89.0 59.166626
-32.5 -86.0 288.20087
-32.5 -82.0 56.947872
-32.5 -78.0 37.457024
-32.5 -74.0 52.214928
-32.5 -70.0 48.92609
-32.5 -66.0 41.78874
-32.5 -62.0 32.229965
-32.5 -58.0 72.876625
-32.5 -54.0 66.09597
-32.5 -50.0 26.162073
-32.5 -46.0 30.845804
-32.5 -42.0 31.080439
-32.5 -38.0 31.042963
-32.5 -34.0 44.729767
-32.5 -30.0 41.14714
-32.5 -26.0 17.015821
-32.5 -22.0 50.411533
-32.5 -18.0 27.766071
-32.5 -14.0 40.76841
-32.5 -10.0 29.865192
-32.5 -6.0 61.771446
-32.5 -2.0 46.579857
-32.5 2.0 41.412045
-32.5 6.0 38.70546
-32.5 10.0 29.35115
-32.5 14.0 20.532274
-32.5 18.0 15.134775
-32.5 22.0 17.150713
-32.5 26.0 15.882864
-32.5 30.0 14.519049
-32.5 34.0 13.452632
-32.5 38.0 12.315504
-32.5 42.0 12.984384
-32.5 46.0 14.375364
-32.5 50.0 15.967195
-32.5 54.0 15.982547
-32.5 58.0 16.421972
-32.5 62.0 16.466755
-32.5 66.0 16.937582
-32.5 70.0 16.732433
-32.5 74.0 18.12763
-32.5 78.0 17.23265
-32.5 82.0 22.071098
-32.5 86.0 28.93723
-32.5 89.0 4.6203985
-27.5 -89.0 59.166626
-27.5 -86.0 383.3882
-27.5 -82.0 57.849487
-27.5 -78.0 35.29273
-27.5 -74.0 68.66048
-27.5 -70.0 40.404922
-27.5 -66.0 55.229473
-27.5 -62.0 51.279533
-27.5 -58.0 44.898735
-27.5 -54.0 77.22862
-27.5 -50.0 43.958935
-27.5 -46.0 41.750786
-27.5 -42.0 37.105965
-27.5 -38.0 29.02893
-27.5 -34.0 33.801315
-27.5 -30.0 37.782623
-27.5 -26.0 36.391743
-27.5 -22.0 29.861673
-27.5 -18.0 20.424152
-27.5 -14.0 43.43083
-27.5 -10.0 64.045525
-27.5 -6.0 42.78965
-27.5 -2.0 54.140053
-27.5 2.0 60.552776
-27.5 6.0 61.000923
-27.5 10.0 40.045822
-27.5 14.0 23.893295
-27.5 18.0 17.342875
-27.5 22.0 14.785599
-27.5 26.0 14.324072
-27.5 30.0 12.34688
-27.5 34.0 12.546177
-27.5 38.0 12.501504
-27.5 42.0 13.20563
-27.5 46.0 14.275373
-27.5 50.0 15.03259
-27.5 54.0 15.549091
-27.5 58.0 15.6988125
-27.5 62.0 17.145426
-27.5 66.0 18.111975
-27.5 70.0 18.089874
-27.5 74.0 17.984886
-27.5 78.0 16.583202
-27.5 82.0 24.836735
-27.5 86.0 25.311354
-27.5 89.0 4.6203985
-22.5 -89.0 59.166626
-22.5 -86.0 283.91913
-22.5 -82.0 57.25231
-22.5 -78.0 43.92516
-22.5 -74.0 47.854668
-22.5 -70.0 102.97266
-22.5 -66.0 90.29614
-22.5 -62.0 53.392353
-22.5 -58.0 63.542763
-22.5 -54.0 35.43192
-22.5 -50.0 51.59841
-22.5 -46.0 54.808052
-22.5 -42.0 33.48127
-22.5 -38.0 41.51674
-22.5 -34.0 32.677025
-22.5 -30.0 36.460617
-22.5 -26.0 35.907555
-22.5 -22.0 37.80894
-22.5 -18.0 38.712418
-22.5 -14.0 44.419445
-22.5 -10.0 61.888916
-22.5 -6.0 98.48881
-22.5 -2.0 72.53205
-22.5 2.0 68.440125
-22.5 6.0 63.353756
-22.5 10.0 46.957977
-22.5 14.0 30.91169
-22.5 18.0 20.471811
-22.5 22.0 15.130408
-22.5 26.0 12.7082405
-22.5 30.0 12.352913
-22.5 34.0 11.955992
-22.5 38.0 11.944731
-22.5 42.0 13.215527
-22.5 46.0 13.746804
-22.5 50.0 14.199232
-22.5 54.0 14.232609
-22.5 58.0 14.926965
-22.5 62.0 16.495577
-22.5 66.0 17.695068
-22.5 70.0 16.571121
-22.5 74.0 18.125591
-22.5 78.0 15.573575
-22.5 82.0 27.936108
-22.5 86.0 21.290808
-22.5 89.0 4.6203985
-17.5 -89.0 59.166626
-17.5 -86.0 300.21103
-17.5 -82.0 55.999138
-17.5 -78.0 43.900856
-17.5 -74.0 56.879494
-17.5 -70.0 51.374035
-17.5 -66.0 93.049995
-17.5 -62.0 109.71978
-17.5 -58.0 54.214485
-17.5 -54.0 44.298767
-17.5 -50.0 29.686054
-17.5 -46.0 50.069157
-17.5 -42.0 30.828482
-17.5 -38.0 42.298195
-17.5 -34.0 46.480774
-17.5 -30.0 38.425713
-17.5 -26.0 39.12911
-17.5 -22.0 47.8504
-17.5 -18.0 42.608215
-17.5 -14.0 54.788776
-17.5 -10.0 87.21589
-17.5 -6.0 85.071594
-17.5 -2.0 61.387257
-17.5 2.0 70.40592
-17.5 6.0 68.657845
-17.5 10.0 49.567554
-17.5 14.0 36.451588
-17.5 18.0 30.296078
-17.5 22.0 25.863264
-17.5 26.0 20.72843
-17.5 30.0 13.012766
-17.5 34.0 10.569497
-17.5 38.0 11.1636095
-17.5 42.0 14.074318
-17.5 46.0 14.122474
-17.5 50.0 15.191079
-17.5 54.0 15.257691
-17.5 58.0 14.710549
-17.5 62.0 16.343214
-17.5 66.0 17.315922
-17.5 70.0 16.920424
-17.5 74.0 17.595932
-17.5 78.0 16.107061
-17.5 82.0 30.514677
-17.5 86.0 21.525795
-17.5 89.0 4.6203985
-12.5 -89.0 59.166626
-12.5 -86.0 335.91522
-12.5 -82.0 67.66938
-12.5 -78.0 55.26337
-12.5 -74.0 53.082623
-12.5 -70.0 38.016865
-12.5 -66.0 43.873394
-12.5 -62.0 44.367035
-12.5 -58.0 82.51439
-12.5 -54.0 47.965218
-12.5 -50.0 65.50684
-12.5 -46.0 64.25768
-12.5 -42.0 62.45335
-12.5 -38.0 42.103085
-12.5 -34.0 51.422855
-12.5 -30.0 54.435223
-12.5 -26.0 54.044167
-12.5 -22.0 43.358246
-12.5 -18.0 47.349304
-12.5 -14.0 66.342255
-12.5 -10.0 91.21641
-12.5 -6.0 102.44469
-12.5 -2.0 82.24719
-12.5 2.0 79.62984
-12.5 6.0 76.66126
-12.5 10.0 52.984306
-12.5 14.0 32.52876
-12.5 18.0 26.846115
-12.5 22.0 33.05132
-12.5 26.0 23.425392
-12.5 30.0 15.63325
-12.5 34.0 13.376855
-12.5 38.0 11.693194
-12.5 42.0 13.374174
-12.5 46.0 14.758803
-12.5 50.0 14.631191
-12.5 54.0 15.26975
-12.5 58.0 15.790051
-12.5 62.0 16.112486
-12.5 66.0 16.38492
-12.5 70.0 15.253128
-12.5 74.0 16.404491
-12.5 78.0 15.638953
-12.5 82.0 34.309975
-12.5 86.0 31.636694
-12.5 89.0 4.6203985
-7.5 -89.0 59.166626
-7.5 -86.0 311.90005
-7.5 -82.0 67.413025
-7.5 -78.0 45.460022
-7.5 -74.0 38.32413
-7.5 -70.0 63.209408
-7.5 -66.0 43.86651
-7.5 -62.0 65.874855
-7.5 -58.0 44.769527
-7.5 -54.0 44.120106
-7.5 -50.0 57.66507
-7.5 -46.0 74.32769
-7.5 -42.0 51.560593
-7.5 -38.0 50.16226
-7.5 -34.0 69.356606
-7.5 -30.0 88.27257
-7.5 -26.0 79.854645
-7.5 -22.0 69.10512
-7.5 -18.0 52.27328
-7.5 -14.0 68.89628
-7.5 -10.0 91.91759
-7.5 -6.0 134.9596
-7.5 -2.0 103.76433
-7.5 2.0 96.11714
-7.5 6.0 89.63691
-7.5 10.0 54.44522
-7.5 14.0 34.105053
-7.5 18.0 34.74339
-7.5 22.0 31.3764
-7.5 26.0 25.860012
-7.5 30.0 22.021608
-7.5 34.0 19.773073
-7.5 38.0 11.388904
-7.5 42.0 12.700548
-7.5 46.0 15.119102
-7.5 50.0 15.664789
-7.5 54.0 15.309818
-7.5 58.0 14.894024
-7.5 62.0 17.17816
-7.5 66.0 14.45809
-7.5 70.0 15.750112
-7.5 74.0 15.744751
-7.5 78.0 16.452461
-7.5 82.0 33.712646
-7.5 86.0 26.460268
-7.5 89.0 4.6203985
-2.5 -89.0 59.166626
-2.5 -86.0 378.36258
-2.5 -82.0 62.717876
-2.5 -78.0 54.33679
-2.5 -74.0 45.06138
-2.5 -70.0 64.80879
-2.5 -66.0 42.59725
-2.5 -62.0 45.98181
-2.5 -58.0 93.92205
-2.5 -54.0 68.47482
-2.5 -50.0 36.388428
-2.5 -46.0 40.884243
-2.5 -42.0 44.17055
-2.5 -38.0 40.886158
-2.5 -34.0 56.64929
-2.5 -30.0 100.97397
-2.5 -26.0 101.622734
-2.5 -22.0 87.12497
-2.5 -18.0 68.17105
-2.5 -14.0 82.75675
-2.5 -10.0 106.5912
-2.5 -6.0 147.06615
-2.5 -2.0 126.70205
-2.5 2.0 124.87045
-2.5 6.0 109.12467
-2.5 10.0 63.86153
-2.5 14.0 37.77871
-2.5 18.0 30.86006
-2.5 22.0 32.94515
-2.5 26.0 29.001759
-2.5 30.0 20.299877
-2.5 34.0 18.228025
-2.5 38.0 12.529507
-2.5 42.0 13.527716
-2.5 46.0 14.2317095
-2.5 50.0 15.257526
-2.5 54.0 15.195826
-2.5 58.0 15.670243
-2.5 62.0 16.010715
-2.5 66.0 16.356392
-2.5 70.0 15.304164
-2.5 74.0 15.142704
-2.5 78.0 17.115408
-2.5 82.0 36.52227
-2.5 86.0 22.909626
-2.5 89.0 4.6203985
2.5 -89.0 59.166626
2.5 -86.0 362.83325
2.5 -82.0 63.271317
2.5 -78.0 48.640232
2.5 -74.0 69.0275
2.5 -70.0 40.526913
2.5 -66.0 45.661324
2.5 -62.0 52.319
2.5 -58.0 45.312687
2.5 -54.0 70.83807
2.5 -50.0 48.05671
2.5 -46.0 54.30185
2.5 -42.0 56.45154
2.5 -38.0 36.462574
2.5 -34.0 62.3757
2.5 -30.0 85.12455
2.5 -26.0 99.16981
2.5 -22.0 108.23195
2.5 -18.0 84.309616
2.5 -14.0 93.71349
2.5 -10.0 107.3454
2.5 -6.0 142.62582
2.5 -2.0 137.97247
2.5 2.0 132.9682
2.5 6.0 119.31328
2.5 10.0 72.73952
2.5 14.0 40.616802
2.5 18.0 35.68171
2.5 22.0 37.358856
2.5 26.0 25.89523
2.5 30.0 21.604824
2.5 34.0 24.16373
2.5 38.0 20.179605
2.5 42.0 11.945613
2.5 46.0 13.172757
2.5 50.0 15.849443
2.5 54.0 16.139145
2.5 58.0 15.302913
2.5 62.0 16.757977
2.5 66.0 16.602745
2.5 70.0 15.662403
2.5 74.0 15.142333
2.5 78.0 15.501087
2.5 82.0 34.39833
2.5 86.0 18.888697
2.5 89.0 4.6203985
7.5 -89.0 59.166626
7.5 -86.0 415.9598
7.5 -82.0 51.71547
7.5 -78.0 63.946518
7.5 -74.0 76.25924
7.5 -70.0 47.735054
7.5 -66.0 42.51698
7.5 -62.0 44.805305
7.5 -58.0 63.855083
7.5 -54.0 66.226685
7.5 -50.0 49.047546
7.5 -46.0 58.29305
7.5 -42.0 56.571606
7.5 -38.0 61.229027
7.5 -34.0 68.47033
7.5 -30.0 76.15949
7.5 -26.0 111.872
7.5 -22.0 81.998146
7.5 -18.0 92.893456
7.5 -14.0 114.12179
7.5 -10.0 139.20392
7.5 -6.0 183.61183
7.5 -2.0 163.63223
7.5 2.0 146.93256
7.5 6.0 135.30217
7.5 10.0 73.251
7.5 14.0 47.954884
7.5 18.0 41.850014
7.5 22.0 34.336887
7.5 26.0 28.02722
7.5 30.0 22.128641
7.5 34.0 23.585257
7.5 38.0 22.173096
7.5 42.0 14.7623625
7.5 46.0 13.459968
7.5 50.0 15.504475
7.5 54.0 14.993117
7.5 58.0 15.909538
7.5 62.0 16.084597
7.5 66.0 17.963682
7.5 70.0 16.277811
7.5 74.0 16.001524
7.5 78.0 15.284556
7.5 82.0 36.970707
7.5 86.0 36.745304
7.5 89.0 4.6203985
12.5 -89.0 59.166626
12.5 -86.0 484.7816
12.5 -82.0 122.1692
12.5 -78.0 196.07666
12.5 -74.0 50.189117
12.5 -70.0 38.74585
12.5 -66.0 35.620224
12.5 -62.0 48.865826
12.5 -58.0 84.744446
12.5 -54.0 43.83626
12.5 -50.0 113.49614
12.5 -46.0 104.59019
12.5 -42.0 72.24723
12.5 -38.0 66.83887
12.5 -34.0 64.03995
12.5 -30.0 79.349495
12.5 -26.0 95.63752
12.5 -22.0 109.56552
12.5 -18.0 112.65407
12.5 -14.0 129.94215
12.5 -10.0 164.9316
12.5 -6.0 152.46353
12.5 -2.0 210.43843
12.5 2.0 195.24771
12.5 6.0 140.4543
12.5 10.0 75.04062
12.5 14.0 45.87273
12.5 18.0 32.72471
12.5 22.0 30.985933
12.5 26.0 26.348137
12.5 30.0 25.324097
12.5 34.0 30.102814
12.5 38.0 24.821346
12.5 42.0 22.56296
12.5 46.0 16.154604
12.5 50.0 15.127897
12.5 54.0 16.173134
12.5 58.0 15.928726
12.5 62.0 16.277695
12.5 66.0 17.120207
12.5 70.0 16.035105
12.5 74.0 15.560922
12.5 78.0 14.5029
12.5 82.0 31.925041
12.5 86.0 26.562983
12.5 89.0 4.6203985
17.5 -89.0 59.166626
17.5 -86.0 357.59116
17.5 -82.0 197.14375
17.5 -78.0 128.52295
17.5 -74.0 45.56083
17.5 -70.0 34.379845
17.5 -66.0 38.705265
17.5 -62.0 43.912235
17.5 -58.0 59.87149
17.5 -54.0 66.934975
17.5 -50.0 75.933624
17.5 -46.0 48.002262
17.5 -42.0 55.37984
17.5 -38.0 54.56435
17.5 -34.0 76.19107
17.5 -30.0 103.554565
17.5 -26.0 116.23302
17.5 -22.0 101.7086
17.5 -18.0 107.9295
17.5 -14.0 127.31101
17.5 -10.0 247.95831
17.5 -6.0 235.99742
17.5 -2.0 183.58334
17.5 2.0 232.75581
17.5 6.0 162.7555
17.5 10.0 97.038666
17.5 14.0 41.480415
17.5 18.0 32.534977
17.5 22.0 32.822758
17.5 26.0 35.091587
17.5 30.0 33.02661
17.5 34.0 28.461792
17.5 38.0 24.450594
17.5 42.0 19.17377
17.5 46.0 15.311849
17.5 50.0 16.060345
17.5 54.0 15.983293
17.5 58.0 15.029483
17.5 62.0 16.122665
17.5 66.0 16.42633
17.5 70.0 15.792786
17.5 74.0 15.764391
17.5 78.0 14.439401
17.5 82.0 35.823486
17.5 86.0 25.388529
17.5 89.0 4.6203985
22.5 -89.0 59.166626
22.5 -86.0 388.89124
22.5 -82.0 128.27255
22.5 -78.0 22.608644
22.5 -74.0 45.663895
22.5 -70.0 29.32891
22.5 -66.0 56.077106
22.5 -62.0 35.988804
22.5 -58.0 74.9223
22.5 -54.0 49.263393
22.5 -50.0 86.57217
22.5 -46.0 116.02231
22.5 -42.0 100.06335
22.5 -38.0 98.87438
22.5 -34.0 141.98572
22.5 -30.0 80.323494
22.5 -26.0 74.15428
22.5 -22.0 100.22481
22.5 -18.0 99.374054
22.5 -14.0 126.90204
22.5 -10.0 151.77722
22.5 -6.0 333.50043
22.5 -2.0 302.42627
22.5 2.0 237.22766
22.5 6.0 175.20995
22.5 10.0 97.99656
22.5 14.0 51.236202
22.5 18.0 30.92602
22.5 22.0 43.46394
22.5 26.0 37.60869
22.5 30.0 30.9473
22.5 34.0 32.14176
22.5 38.0 19.637741
22.5 42.0 14.759375
22.5 46.0 18.702229
22.5 50.0 16.970297
22.5 54.0 17.759022
22.5 58.0 15.788689
22.5 62.0 16.721758
22.5 66.0 16.843534
22.5 70.0 16.670677
22.5 74.0 15.863832
22.5 78.0 14.993044
22.5 82.0 33.419334
22.5 86.0 27.039558
22.5 89.0 4.6203985
27.5 -89.0 59.166626
27.5 -86.0 362.79892
27.5 -82.0 154.09042
27.5 -78.0 57.832176
27.5 -74.0 39.70047
27.5 -70.0 25.40329
27.5 -66.0 81.9535
27.5 -62.0 39.698994
27.5 -58.0 72.47041
27.5 -54.0 126.27049
27.5 -50.0 39.12331
27.5 -46.0 30.66792
27.5 -42.0 81.14652
27.5 -38.0 81.228325
27.5 -34.0 134.66092
27.5 -30.0 102.28968
27.5 -26.0 74.194115
27.5 -22.0 92.822136
27.5 -18.0 110.68139
27.5 -14.0 128.20827
27.5 -10.0 146.77963
27.5 -6.0 234.58914
27.5 -2.0 281.0043
27.5 2.0 210.40735
27.5 6.0 155.99277
27.5 10.0 126.03977
27.5 14.0 68.50848
27.5 18.0 39.11955
27.5 22.0 39.612648
27.5 26.0 38.883224
27.5 30.0 30.538687
27.5 34.0 28.189634
27.5 38.0 28.27057
27.5 42.0 20.447855
27.5 46.0 21.887117
27.5 50.0 11.373621
27.5 54.0 22.440372
27.5 58.0 16.254234
27.5 62.0 16.962017
27.5 66.0 15.740018
27.5 70.0 16.395952
27.5 74.0 15.976478
27.5 78.0 12.821935
27.5 82.0 31.342388
27.5 86.0 26.497494
27.5 89.0 4.6203985
32.5 -89.0 59.166626
32.5 -86.0 323.86166
32.5 -82.0 90.61811
32.5 -78.0 41.944622
32.5 -74.0 41.249905
32.5 -70.0 85.01087
32.5 -66.0 46.14632
32.5 -62.0 64.02496
32.5 -58.0 55.35691
32.5 -54.0 74.6388
32.5 -50.0 68.42255
32.5 -46.0 40.858627
32.5 -42.0 31.532764
32.5 -38.0 43.485737
32.5 -34.0 105.208984
32.5 -30.0 70.458626
32.5 -26.0 74.6897
32.5 -22.0 110.56327
32.5 -18.0 104.3767
32.5 -14.0 111.641335
32.5 -10.0 134.65652
32.5 -6.0 187.3485
32.5 -2.0 238.32008
32.5 2.0 215.8636
32.5 6.0 151.61559
32.5 10.0 99.05708
32.5 14.0 55.609993
32.5 18.0 43.124874
32.5 22.0 42.37991
32.5 26.0 35.148937
32.5 30.0 51.835247
32.5 34.0 49.35758
32.5 38.0 28.43247
32.5 42.0 23.122416
32.5 46.0 16.186207
32.5 50.0 23.844515
32.5 54.0 21.396652
32.5 58.0 18.880434
32.5 62.0 16.96563
32.5 66.0 16.464167
32.5 70.0 16.696613
32.5 74.0 16.210817
32.5 78.0 13.487277
32.5 82.0 30.868078
32.5 86.0 25.991354
32.5 89.0 4.6203985
37.5 -89.0 59.166626
37.5 -86.0 287.46252
37.5 -82.0 74.89653
37.5 -78.0 35.60511
37.5 -74.0 44.903927
37.5 -70.0 46.3373
37.5 -66.0 19.819715
37.5 -62.0 84.81617
37.5 -58.0 71.71311
37.5 -54.0 75.1584
37.5 -50.0 61.64383
37.5 -46.0 31.1015
37.5 -42.0 25.683525
37.5 -38.0 32.090733
37.5 -34.0 57.670048
37.5 -30.0 76.28652
37.5 -26.0 114.66039
37.5 -22.0 119.10082
37.5 -18.0 87.68478
37.5 -14.0 95.8508
37.5 -10.0 72.83929
37.5 -6.0 158.20491
37.5 -2.0 181.47006
37.5 2.0 191.15193
37.5 6.0 162.42795
37.5 10.0 127.50145
37.5 14.0 49.886753
37.5 18.0 60.061535
37.5 22.0 57.20841
37.5 26.0 37.273815
37.5 30.0 46.97167
37.5 34.0 44.944565
37.5 38.0 39.20995
37.5 42.0 29.186964
37.5 46.0 24.598635
37.5 50.0 19.326715
37.5 54.0 19.727217
37.5 58.0 19.832508
37.5 62.0 16.556362
37.5 66.0 17.340216
37.5 70.0 16.376482
37.5 74.0 15.900954
37.5 78.0 13.677756
37.5 82.0 26.309137
37.5 86.0 27.228098
37.5 89.0 4.6203985
42.5 -89.0 59.166626
42.5 -86.0 306.87766
42.5 -82.0 107.89245
42.5 -78.0 47.070705
42.5 -74.0 121.24956
42.5 -70.0 59.77697
42.5 -66.0 53.029045
42.5 -62.0 78.808136
42.5 -58.0 74.02143
42.5 -54.0 77.78781
42.5 -50.0 68.1915
42.5 -46.0 62.077576
42.5 -42.0 29.192083
42.5 -38.0 30.867464
42.5 -34.0 95.17263
42.5 -30.0 74.292465
42.5 -26.0 78.241974
42.5 -22.0 72.32573
42.5 -18.0 79.17457
42.5 -14.0 89.038956
42.5 -10.0 94.45372
42.5 -6.0 108.524704
42.5 -2.0 160.85048
42.5 2.0 241.76193
42.5 6.0 230.37881
42.5 10.0 134.62816
42.5 14.0 73.84448
42.5 18.0 66.40531
42.5 22.0 74.18355
42.5 26.0 38.61837
42.5 30.0 48.914932
42.5 34.0 63.165535
42.5 38.0 59.59784
42.5 42.0 21.618357
42.5 46.0 23.933926
42.5 50.0 25.021107
42.5 54.0 20.93568
42.5 58.0 19.016611
42.5 62.0 16.749508
42.5 66.0 17.239765
42.5 70.0 17.739943
42.5 74.0 15.879229
42.5 78.0 13.160694
42.5 82.0 25.92408
42.5 86.0 28.599424
42.5 89.0 4.6203985
47.5 -89.0 59.166626
47.5 -86.0 254.57344
47.5 -82.0 76.926
47.5 -78.0 32.071934
47.5 -74.0 64.48749
47.5 -70.0 56.842804
47.5 -66.0 61.592754
47.5 -62.0 41.77367
47.5 -58.0 108.50583
47.5 -54.0 81.56823
47.5 -50.0 38.209904
47.5 -46.0 20.673399
47.5 -42.0 5.980784
47.5 -38.0 4.6511765
47.5 -34.0 73.05435
47.5 -30.0 109.88693
47.5 -26.0 85.17881
47.5 -22.0 81.30116
47.5 -18.0 83.27228
47.5 -14.0 94.11841
47.5 -10.0 69.306526
47.5 -6.0 100.845184
47.5 -2.0 179.68602
47.5 2.0 258.6171
47.5 6.0 251.59862
47.5 10.0 134.51465
47.5 14.0 93.26489
47.5 18.0 74.61647
47.5 22.0 75.44305
47.5 26.0 40.181942
47.5 30.0 23.370382
47.5 34.0 52.547
47.5 38.0 74.76684
47.5 42.0 28.815016
47.5 46.0 23.83503
47.5 50.0 23.584713
47.5 54.0 21.264503
47.5 58.0 17.845581
47.5 62.0 17.74143
47.5 66.0 17.447575
47.5 70.0 16.522678
47.5 74.0 16.64466
47.5 78.0 13.998746
47.5 82.0 20.059252
47.5 86.0 29.402102
47.5 89.0 4.6203985
52.5 -89.0 59.166626
52.5 -86.0 306.29865
52.5 -82.0 54.3587
52.5 -78.0 42.440384
52.5 -74.0 85.179085
52.5 -70.0 71.63559
52.5 -66.0 30.386992
52.5 -62.0 36.75884
52.5 -58.0 168.33075
52.5 -54.0 66.96885
52.5 -50.0 23.191269
52.5 -46.0 5.57673
52.5 -42.0 3.2123485
52.5 -38.0 2.8122053
52.5 -34.0 10.2938795
52.5 -30.0 84.882996
52.5 -26.0 89.91352
52.5 -22.0 84.551834
52.5 -18.0 70.07481
52.5 -14.0 66.36178
52.5 -10.0 61.743706
52.5 -6.0 97.56832
52.5 -2.0 185.21877
52.5 2.0 195.9666
52.5 6.0 239.09502
52.5 10.0 204.70605
52.5 14.0 107.39649
52.5 18.0 77.02039
52.5 22.0 64.674835
52.5 26.0 51.709816
52.5 30.0 38.782925
52.5 34.0 65.84575
52.5 38.0 76.93646
52.5 42.0 23.858067
52.5 46.0 30.608892
52.5 50.0 24.302427
52.5 54.0 20.327818
52.5 58.0 16.9863
52.5 62.0 18.28961
52.5 66.0 18.134932
52.5 70.0 16.662117
52.5 74.0 16.594875
52.5 78.0 14.674426
52.5 82.0 21.15606
52.5 86.0 28.393814
52.5 89.0 4.6203985
57.5 -89.0 59.166626
57.5 -86.0 330.14517
57.5 -82.0 59.432495
57.5 -78.0 44.312035
57.5 -74.0 91.380516
57.5 -70.0 50.44622
57.5 -66.0 36.143806
57.5 -62.0 58.63153
57.5 -58.0 151.27982
57.5 -54.0 43.1786
57.5 -50.0 11.469185
57.5 -46.0 3.6012661
57.5 -42.0 5.4105554
57.5 -38.0 10.443855
57.5 -34.0 7.2881846
57.5 -30.0 25.919939
57.5 -26.0 48.57838
57.5 -22.0 64.00402
57.5 -18.0 82.16671
57.5 -14.0 35.659744
57.5 -10.0 52.877045
57.5 -6.0 104.65242
57.5 -2.0 137.22047
57.5 2.0 181.04185
57.5 6.0 199.96875
57.5 10.0 175.97377
57.5 14.0 93.910515
57.5 18.0 81.654236
57.5 22.0 88.15628
57.5 26.0 73.91453
57.5 30.0 60.599163
57.5 34.0 44.809963
57.5 38.0 26.028107
57.5 42.0 27.797462
57.5 46.0 26.918465
57.5 50.0 23.021488
57.5 54.0 19.162283
57.5 58.0 19.42113
57.5 62.0 19.35531
57.5 66.0 16.848776
57.5 70.0 17.04941
57.5 74.0 17.330929
57.5 78.0 14.079117
57.5 82.0 21.331415
57.5 86.0 29.193176
57.5 89.0 4.6203985
62.5 -89.0 59.166626
62.5 -86.0 334.58035
62.5 -82.0 66.38706
62.5 -78.0 56.38466
62.5 -74.0 104.307884
62.5 -70.0 41.157143
62.5 -66.0 44.8792
62.5 -62.0 32.19945
62.5 -58.0 105.03677
62.5 -54.0 18.46106
62.5 -50.0 6.742199
62.5 -46.0 10.374919
62.5 -42.0 13.117608
62.5 -38.0 14.306626
62.5 -34.0 9.88438
62.5 -30.0 12.476355
62.5 -26.0 30.537237
62.5 -22.0 39.66309
62.5 -18.0 48.321644
62.5 -14.0 32.14279
62.5 -10.0 51.126896
62.5 -6.0 145.37509
62.5 -2.0 175.21326
62.5 2.0 185.47243
62.5 6.0 194.21472
62.5 10.0 197.6223
62.5 14.0 121.38689
62.5 18.0 72.94826
62.5 22.0 58.402954
62.5 26.0 74.79119
62.5 30.0 58.00892
62.5 34.0 24.297432
62.5 38.0 31.62025
62.5 42.0 24.016495
62.5 46.0 26.300337
62.5 50.0 24.274487
62.5 54.0 23.875599
62.5 58.0 22.2409
62.5 62.0 19.502453
62.5 66.0 18.157232
62.5 70.0 17.93615
62.5 74.0 16.823668
62.5 78.0 14.845057
62.5 82.0 21.848246
62.5 86.0 28.063097
62.5 89.0 4.6203985
67.5 -89.0 59.166626
67.5 -86.0 271.89478
67.5 -82.0 73.90817
67.5 -78.0 41.559715
67.5 -74.0 123.764786
67.5 -70.0 34.212494
67.5 -66.0 35.90061
67.5 -62.0 41.009174
67.5 -58.0 33.221706
67.5 -54.0 5.592167
67.5 -50.0 6.5611777
67.5 -46.0 19.685322
67.5 -42.0 18.052439
67.5 -38.0 11.143413
67.5 -34.0 11.453208
67.5 -30.0 12.6540575
67.5 -26.0 48.563824
67.5 -22.0 30.420492
67.5 -18.0 36.81634
67.5 -14.0 33.94652
67.5 -10.0 58.28276
67.5 -6.0 148.66914
67.5 -2.0 169.8686
67.5 2.0 179.71443
67.5 6.0 169.93599
67.5 10.0 180.13316
67.5 14.0 107.86753
67.5 18.0 74.74128
67.5 22.0 61.71683
67.5 26.0 83.08021
67.5 30.0 80.90497
67.5 34.0 36.704334
67.5 38.0 28.862778
67.5 42.0 24.508352
67.5 46.0 22.064816
67.5 50.0 23.512377
67.5 54.0 23.667433
67.5 58.0 22.916739
67.5 62.0 20.826025
67.5 66.0 19.252813
67.5 70.0 18.679161
67.5 74.0 16.997105
67.5 78.0 14.046054
67.5 82.0 20.854532
67.5 86.0 28.874338
67.5 89.0 4.6203985
72.5 -89.0 59.166626
72.5 -86.0 263.71927
72.5 -82.0 88.91656
72.5 -78.0 27.980312
72.5 -74.0 74.236
72.5 -70.0 60.81729
72.5 -66.0 26.663757
72.5 -62.0 36.515568
72.5 -58.0 32.508747
72.5 -54.0 5.599955
72.5 -50.0 7.4173956
72.5 -46.0 22.855898
72.5 -42.0 18.926054
72.5 -38.0 9.773728
72.5 -34.0 8.720082
72.5 -30.0 6.8399596
72.5 -26.0 20.088009
72.5 -22.0 21.1079
72.5 -18.0 31.236788
72.5 -14.0 24.27418
72.5 -10.0 63.776295
72.5 -6.0 141.05496
72.5 -2.0 177.7535
72.5 2.0 163.04294
72.5 6.0 150.2485
72.5 10.0 106.41049
72.5 14.0 56.387623
72.5 18.0 43.59779
72.5 22.0 75.93788
72.5 26.0 105.92583
72.5 30.0 50.859867
72.5 34.0 34.768524
72.5 38.0 28.095377
72.5 42.0 28.403975
72.5 46.0 23.741585
72.5 50.0 24.008032
72.5 54.0 22.160019
72.5 58.0 23.112581
72.5 62.0 21.851755
72.5 66.0 20.621372
72.5 70.0 18.77969
72.5 74.0 17.963205
72.5 78.0 13.328412
72.5 82.0 21.257023
72.5 86.0 29.280947
72.5 89.0 4.6203985
77.5 -89.0 59.166626
77.5 -86.0 241.7914
77.5 -82.0 110.41738
77.5 -78.0 38.11755
77.5 -74.0 96.31611
77.5 -70.0 54.494473
77.5 -66.0 24.06553
77.5 -62.0 50.835915
77.5 -58.0 30.17008
77.5 -54.0 6.6001477
77.5 -50.0 10.174575
77.5 -46.0 25.361294
77.5 -42.0 15.924865
77.5 -38.0 9.86928
77.5 -34.0 8.8250065
77.5 -30.0 24.769505
77.5 -26.0 20.630459
77.5 -22.0 24.229847
77.5 -18.0 20.234953
77.5 -14.0 30.98861
77.5 -10.0 65.70027
77.5 -6.0 127.69616
77.5 -2.0 150.3863
77.5 2.0 132.84924
77.5 6.0 85.573326
77.5 10.0 31.434204
77.5 14.0 16.619743
77.5 18.0 24.937927
77.5 22.0 72.443695
77.5 26.0 92.30627
77.5 30.0 30.354519
77.5 34.0 26.236254
77.5 38.0 25.462269
77.5 42.0 24.25394
77.5 46.0 22.244125
77.5 50.0 22.552723
77.5 54.0 20.886883
77.5 58.0 20.952007
77.5 62.0 22.58721
77.5 66.0 22.130209
77.5 70.0 19.661516
77.5 74.0 18.206665
77.5 78.0 14.825843
77.5 82.0 23.29891
77.5 86.0 29.104637
77.5 89.0 4.6203985
82.5 -89.0 59.166626
82.5 -86.0 255.67683
82.5 -82.0 93.98472
82.5 -78.0 24.956015
82.5 -74.0 61.224205
82.5 -70.0 41.249588
82.5 -66.0 79.36826
82.5 -62.0 60.356075
82.5 -58.0 33.81577
82.5 -54.0 17.72652
82.5 -50.0 7.354178
82.5 -46.0 18.77795
82.5 -42.0 12.109485
82.5 -38.0 12.235239
82.5 -34.0 23.867136
82.5 -30.0 37.013065
82.5 -26.0 40.80194
82.5 -22.0 25.651976
82.5 -18.0 27.85425
82.5 -14.0 73.206184
82.5 -10.0 109.679634
82.5 -6.0 137.20949
82.5 -2.0 180.05345
82.5 2.0 87.18539
82.5 6.0 35.964043
82.5 10.0 20.778605
82.5 14.0 12.719676
82.5 18.0 17.21915
82.5 22.0 43.635056
82.5 26.0 55.699196
82.5 30.0 25.753485
82.5 34.0 22.449577
82.5 38.0 22.139912
82.5 42.0 23.16415
82.5 46.0 22.230436
82.5 50.0 19.605244
82.5 54.0 18.929344
82.5 58.0 19.098063
82.5 62.0 19.993967
82.5 66.0 21.142199
82.5 70.0 19.649897
82.5 74.0 17.8475
82.5 78.0 15.265005
82.5 82.0 24.4869
82.5 86.0 29.134842
82.5 89.0 4.6203985
87.5 -89.0 59.166626
87.5 -86.0 446.4701
87.5 -82.0 73.897964
87.5 -78.0 29.500113
87.5 -74.0 39.098694
87.5 -70.0 40.631756
87.5 -66.0 44.856213
87.5 -62.0 65.521126
87.5 -58.0 33.321705
87.5 -54.0 20.304224
87.5 -50.0 8.958872
87.5 -46.0 7.232687
87.5 -42.0 10.038852
87.5 -38.0 11.059943
87.5 -34.0 28.244888
87.5 -30.0 24.186308
87.5 -26.0 14.994685
87.5 -22.0 18.823578
87.5 -18.0 37.5935
87.5 -14.0 109.82902
87.5 -10.0 137.88286
87.5 -6.0 170.02208
87.5 -2.0 129.75677
87.5 2.0 69.19903
87.5 6.0 32.164074
87.5 10.0 23.269001
87.5 14.0 15.990106
87.5 18.0 16.901123
87.5 22.0 27.095556
87.5 26.0 29.291481
87.5 30.0 19.272034
87.5 34.0 20.852066
87.5 38.0 21.443886
87.5 42.0 21.799114
87.5 46.0 19.392548
87.5 50.0 17.857342
87.5 54.0 19.440899
87.5 58.0 17.969091
87.5 62.0 19.356625
87.5 66.0 21.209272
87.5 70.0 21.905336
87.5 74.0 18.742474
87.5 78.0 16.546694
87.5 82.0 22.548328
87.5 86.0 32.408627
87.5 89.0 4.6203985
92.5 -89.0 59.166626
92.5 -86.0 286.4657
92.5 -82.0 34.46299
92.5 -78.0 27.0512
92.5 -74.0 43.107025
92.5 -70.0 62.47018
92.5 -66.0 77.128105
92.5 -62.0 93.21577
92.5 -58.0 59.288174
92.5 -54.0 16.480434
92.5 -50.0 26.332438
92.5 -46.0 4.110707
92.5 -42.0 4.4533615
92.5 -38.0 4.99009
92.5 -34.0 6.9724407
92.5 -30.0 16.283949
92.5 -26.0 18.13643
92.5 -22.0 62.79551
92.5 -18.0 61.547596
92.5 -14.0 125.414635
92.5 -10.0 143.11472
92.5 -6.0 151.35889
92.5 -2.0 129.7134
92.5 2.0 93.11401
92.5 6.0 31.919603
92.5 10.0 21.756647
92.5 14.0 17.036892
92.5 18.0 16.832708
92.5 22.0 20.96107
92.5 26.0 19.71268
92.5 30.0 20.388851
92.5 34.0 18.334885
92.5 38.0 18.076738
92.5 42.0 18.962246
92.5 46.0 18.194681
92.5 50.0 18.014786
92.5 54.0 17.451614
92.5 58.0 17.233803
92.5 62.0 17.82353
92.5 66.0 19.424412
92.5 70.0 21.424486
92.5 74.0 19.052893
92.5 78.0 15.005385
92.5 82.0 22.634085
92.5 86.0 33.74757
92.5 89.0 4.6203985
97.5 -89.0 59.166626
97.5 -86.0 56.96718
97.5 -82.0 49.10275
97.5 -78.0 29.074272
97.5 -74.0 49.359314
97.5 -70.0 60.937008
97.5 -66.0 99.97211
97.5 -62.0 69.386566
97.5 -58.0 139.96815
97.5 -54.0 39.732246
97.5 -50.0 27.617838
97.5 -46.0 16.273142
97.5 -42.0 6.9240913
97.5 -38.0 6.196338
97.5 -34.0 4.192182
97.5 -30.0 6.3588905
97.5 -26.0 18.149626
97.5 -22.0 55.286694
97.5 -18.0 83.992355
97.5 -14.0 97.509384
97.5 -10.0 131.17366
97.5 -6.0 163.82373
97.5 -2.0 159.91258
97.5 2.0 116.86329
97.5 6.0 58.029346
97.5 10.0 21.68731
97.5 14.0 15.585973
97.5 18.0 16.587261
97.5 22.0 18.836962
97.5 26.0 17.968801
97.5 30.0 16.757101
97.5 34.0 16.462416
97.5 38.0 16.260284
97.5 42.0 16.811775
97.5 46.0 17.445961
97.5 50.0 17.066416
97.5 54.0 17.783495
97.5 58.0 17.66389
97.5 62.0 18.189072
97.5 66.0 19.674623
97.5 70.0 20.055475
97.5 74.0 19.756407
97.5 78.0 15.5890875
97.5 82.0 22.968615
97.5 86.0 34.3302
97.5 89.0 4.6203985
102.5 -89.0 59.166626
102.5 -86.0 170.91116
102.5 -82.0 121.0574
102.5 -78.0 41.037045
102.5 -74.0 140.46643
102.5 -70.0 50.542107
102.5 -66.0 97.81323
102.5 -62.0 74.60679
102.5 -58.0 16.26055
102.5 -54.0 59.355965
102.5 -50.0 44.500004
102.5 -46.0 18.701807
102.5 -42.0 10.293521
102.5 -38.0 20.218266
102.5 -34.0 12.131745
102.5 -30.0 13.254297
102.5 -26.0 34.81622
102.5 -22.0 66.82994
102.5 -18.0 62.412582
102.5 -14.0 83.23723
102.5 -10.0 120.81378
102.5 -6.0 149.61536
102.5 -2.0 126.81446
102.5 2.0 74.994865
102.5 6.0 46.362156
102.5 10.0 31.950651
102.5 14.0 21.695229
102.5 18.0 19.224466
102.5 22.0 18.57208
102.5 26.0 16.220612
102.5 30.0 13.664586
102.5 34.0 15.60886
102.5 38.0 15.547568
102.5 42.0 15.036751
102.5 46.0 14.838509
102.5 50.0 16.295753
102.5 54.0 16.640903
102.5 58.0 16.995136
102.5 62.0 16.968946
102.5 66.0 16.816284
102.5 70.0 21.004742
102.5 74.0 19.609987
102.5 78.0 16.416533
102.5 82.0 21.984758
102.5 86.0 35.693264
102.5 89.0 4.6203985
107.5 -89.0 59.166626
107.5 -86.0 173.30362
107.5 -82.0 129.30725
107.5 -78.0 30.54036
107.5 -74.0 40.01111
107.5 -70.0 59.39376
107.5 -66.0 42.49649
107.5 -62.0 49.052307
107.5 -58.0 91.39957
107.5 -54.0 57.48069
107.5 -50.0 52.864002
107.5 -46.0 42.510963
107.5 -42.0 22.021036
107.5 -38.0 32.153706
107.5 -34.0 36.196877
107.5 -30.0 35.848118
107.5 -26.0 48.13506
107.5 -22.0 84.08759
107.5 -18.0 58.41749
107.5 -14.0 86.51862
107.5 -10.0 132.15826
107.5 -6.0 121.61897
107.5 -2.0 89.510994
107.5 2.0 65.38449
107.5 6.0 62.016987
107.5 10.0 47.151367
107.5 14.0 22.393814
107.5 18.0 19.857407
107.5 22.0 20.033562
107.5 26.0 15.58648
107.5 30.0 13.3176365
107.5 34.0 12.905174
107.5 38.0 13.51125
107.5 42.0 14.251599
107.5 46.0 14.757073
107.5 50.0 15.747734
107.5 54.0 15.981671
107.5 58.0 16.654661
107.5 62.0 16.884222
107.5 66.0 16.526258
107.5 70.0 19.902308
107.5 74.0 19.619083
107.5 78.0 16.964882
107.5 82.0 19.57733
107.5 86.0 41.44126
107.5 89.0 4.6203985
112.5 -89.0 59.166626
112.5 -86.0 260.8237
112.5 -82.0 114.66463
112.5 -78.0 41.04609
112.5 -74.0 86.78595
112.5 -70.0 33.94571
112.5 -66.0 79.99232
112.5 -62.0 79.1631
112.5 -58.0 64.17768
112.5 -54.0 43.14251
112.5 -50.0 62.969585
112.5 -46.0 34.85591
112.5 -42.0 35.556282
112.5 -38.0 26.4178
112.5 -34.0 49.23987
112.5 -30.0 62.044643
112.5 -26.0 62.212402
112.5 -22.0 71.294945
112.5 -18.0 69.692566
112.5 -14.0 96.23805
112.5 -10.0 146.58429
112.5 -6.0 130.14421
112.5 -2.0 93.07993
112.5 2.0 87.64612
112.5 6.0 69.84567
112.5 10.0 32.743748
112.5 14.0 21.022793
112.5 18.0 17.87838
112.5 22.0 17.705378
112.5 26.0 16.016163
112.5 30.0 13.365965
112.5 34.0 14.042961
112.5 38.0 12.762682
112.5 42.0 12.732885
112.5 46.0 14.304288
112.5 50.0 15.538633
112.5 54.0 16.271397
112.5 58.0 17.810701
112.5 62.0 15.991569
112.5 66.0 17.734413
112.5 70.0 18.89033
112.5 74.0 17.993437
112.5 78.0 18.670424
112.5 82.0 17.915733
112.5 86.0 36.683685
112.5 89.0 4.6203985
117.5 -89.0 59.166626
117.5 -86.0 252.1587
117.5 -82.0 96.0163
117.5 -78.0 54.115135
117.5 -74.0 22.392645
117.5 -70.0 32.188118
117.5 -66.0 54.175972
117.5 -62.0 91.826035
117.5 -58.0 81.367256
117.5 -54.0 41.85248
117.5 -50.0 35.842377
117.5 -46.0 43.624474
117.5 -42.0 41.45849
117.5 -38.0 36.01335
117.5 -34.0 37.061104
117.5 -30.0 60.354168
117.5 -26.0 58.205452
117.5 -22.0 68.64223
117.5 -18.0 75.73793
117.5 -14.0 114.52111
117.5 -10.0 161.13963
117.5 -6.0 151.98537
117.5 -2.0 149.87416
117.5 2.0 100.69377
117.5 6.0 63.73451
117.5 10.0 24.275387
117.5 14.0 17.329254
117.5 18.0 16.452408
117.5 22.0 17.396837
117.5 26.0 14.502423
117.5 30.0 13.644803
117.5 34.0 13.123952
117.5 38.0 12.522015
117.5 42.0 13.167715
117.5 46.0 13.910949
117.5 50.0 13.25412
117.5 54.0 16.936853
117.5 58.0 15.991503
117.5 62.0 16.858337
117.5 66.0 17.503279
117.5 70.0 18.390879
117.5 74.0 18.243622
117.5 78.0 18.804848
117.5 82.0 17.96333
117.5 86.0 38.025608
117.5 89.0 4.6203985
122.5 -89.0 59.166626
122.5 -86.0 297.76163
122.5 -82.0 76.053566
122.5 -78.0 69.03114
122.5 -74.0 82.28614
122.5 -70.0 34.816727
122.5 -66.0 40.06288
122.5 -62.0 55.573383
122.5 -58.0 59.87763
122.5 -54.0 30.042309
122.5 -50.0 28.364231
122.5 -46.0 55.443405
122.5 -42.0 35.44638
122.5 -38.0 34.10035
122.5 -34.0 48.645397
122.5 -30.0 48.830997
122.5 -26.0 56.967724
122.5 -22.0 73.182724
122.5 -18.0 84.4265
122.5 -14.0 106.00126
122.5 -10.0 189.13443
122.5 -6.0 225.31946
122.5 -2.0 147.70569
122.5 2.0 58.68646
122.5 6.0 34.16345
122.5 10.0 20.68439
122.5 14.0 15.008301
122.5 18.0 16.358871
122.5 22.0 16.546932
122.5 26.0 13.777514
122.5 30.0 13.941237
122.5 34.0 12.291065
122.5 38.0 12.945421
122.5 42.0 12.740104
122.5 46.0 12.646151
122.5 50.0 13.324125
122.5 54.0 15.640708
122.5 58.0 15.832306
122.5 62.0 16.054058
122.5 66.0 16.567934
122.5 70.0 18.062946
122.5 74.0 18.724367
122.5 78.0 19.029247
122.5 82.0 17.453178
122.5 86.0 44.98177
122.5 89.0 4.6203985
127.5 -89.0 59.166626
127.5 -86.0 239.11565
127.5 -82.0 103.49273
127.5 -78.0 31.428246
127.5 -74.0 29.242361
127.5 -70.0 63.468304
127.5 -66.0 34.18803
127.5 -62.0 88.00692
127.5 -58.0 48.319386
127.5 -54.0 19.709234
127.5 -50.0 46.55209
127.5 -46.0 53.532436
127.5 -42.0 55.47885
127.5 -38.0 40.32142
127.5 -34.0 62.174046
127.5 -30.0 47.018307
127.5 -26.0 88.29429
127.5 -22.0 64.26741
127.5 -18.0 88.63833
127.5 -14.0 103.18048
127.5 -10.0 152.60286
127.5 -6.0 134.02422
127.5 -2.0 85.98102
127.5 2.0 36.14556
127.5 6.0 27.499395
127.5 10.0 17.92473
127.5 14.0 13.313963
127.5 18.0 12.262375
127.5 22.0 13.657605
127.5 26.0 13.42146
127.5 30.0 15.851379
127.5 34.0 13.439148
127.5 38.0 12.701661
127.5 42.0 12.978792
127.5 46.0 13.593036
127.5 50.0 14.576954
127.5 54.0 16.58432
127.5 58.0 16.245346
127.5 62.0 16.069208
127.5 66.0 17.080887
127.5 70.0 18.775751
127.5 74.0 18.882858
127.5 78.0 18.104027
127.5 82.0 17.85941
127.5 86.0 41.625595
127.5 89.0 4.6203985
132.5 -89.0 59.166626
132.5 -86.0 253.87753
132.5 -82.0 66.08437
132.5 -78.0 59.792496
132.5 -74.0 73.61817
132.5 -70.0 21.575308
132.5 -66.0 61.347416
132.5 -62.0 27.250868
132.5 -58.0 33.898724
132.5 -54.0 51.404716
132.5 -50.0 29.733862
132.5 -46.0 50.85271
132.5 -42.0 65.185585
132.5 -38.0 31.87167
132.5 -34.0 45.37819
132.5 -30.0 68.06911
132.5 -26.0 73.51491
132.5 -22.0 76.90645
132.5 -18.0 73.65213
132.5 -14.0 94.939865
132.5 -10.0 122.12504
132.5 -6.0 72.44498
132.5 -2.0 36.19503
132.5 2.0 28.78261
132.5 6.0 28.905792
132.5 10.0 21.969503
132.5 14.0 14.819595
132.5 18.0 11.699806
132.5 22.0 7.800612
132.5 26.0 10.58993
132.5 30.0 12.403314
132.5 34.0 10.846121
132.5 38.0 12.748049
132.5 42.0 13.62062
132.5 46.0 14.370445
132.5 50.0 14.777925
132.5 54.0 14.762524
132.5 58.0 15.354152
132.5 62.0 16.491354
132.5 66.0 17.499609
132.5 70.0 18.291918
132.5 74.0 19.008287
132.5 78.0 17.512821
132.5 82.0 18.633497
132.5 86.0 40.90562
132.5 89.0 4.6203985
137.5 -89.0 59.166626
137.5 -86.0 207.77373
137.5 -82.0 48.926003
137.5 -78.0 85.20245
137.5 -74.0 149.93314
137.5 -70.0 30.622677
137.5 -66.0 61.06687
137.5 -62.0 29.35126
137.5 -58.0 61.06471
137.5 -54.0 46.57932
137.5 -50.0 42.66511
137.5 -46.0 118.16544
137.5 -42.0 54.280045
137.5 -38.0 35.724823
137.5 -34.0 44.0492
137.5 -30.0 68.31425
137.5 -26.0 87.97954
137.5 -22.0 97.69253
137.5 -18.0 73.03619
137.5 -14.0 97.997505
137.5 -10.0 110.72694
137.5 -6.0 43.279625
137.5 -2.0 27.75432
137.5 2.0 26.539043
137.5 6.0 26.794497
137.5 10.0 26.533506
137.5 14.0 25.285488
137.5 18.0 24.434566
137.5 22.0 26.053093
137.5 26.0 11.821422
137.5 30.0 9.207798
137.5 34.0 9.352855
137.5 38.0 12.504127
137.5 42.0 15.479147
137.5 46.0 14.225414
137.5 50.0 15.020772
137.5 54.0 14.036034
137.5 58.0 15.240661
137.5 62.0 17.572758
137.5 66.0 16.857492
137.5 70.0 16.891953
137.5 74.0 18.514454
137.5 78.0 18.702156
137.5 82.0 19.969671
137.5 86.0 36.73656
137.5 89.0 4.6203985
142.5 -89.0 59.166626
142.5 -86.0 234.16988
142.5 -82.0 50.086704
142.5 -78.0 76.92583
142.5 -74.0 234.55403
142.5 -70.0 25.978079
142.5 -66.0 45.502583
142.5 -62.0 54.744926
142.5 -58.0 30.873474
142.5 -54.0 37.652763
142.5 -50.0 70.08272
142.5 -46.0 37.652767
142.5 -42.0 65.78368
142.5 -38.0 53.148064
142.5 -34.0 38.984005
142.5 -30.0 35.78555
142.5 -26.0 78.41582
142.5 -22.0 94.28852
142.5 -18.0 77.05861
142.5 -14.0 102.79785
142.5 -10.0 74.64787
142.5 -6.0 44.01907
142.5 -2.0 27.164137
142.5 2.0 28.020836
142.5 6.0 26.94798
142.5 10.0 25.764599
142.5 14.0 34.19387
142.5 18.0 80.66174
142.5 22.0 92.614044
142.5 26.0 36.203957
142.5 30.0 13.709186
142.5 34.0 9.830304
142.5 38.0 14.460915
142.5 42.0 16.277575
142.5 46.0 16.991398
142.5 50.0 14.85445
142.5 54.0 14.779205
142.5 58.0 16.005095
142.5 62.0 15.900813
142.5 66.0 17.241322
142.5 70.0 18.47746
142.5 74.0 19.282494
142.5 78.0 17.571686
142.5 82.0 20.463507
142.5 86.0 40.04883
142.5 89.0 4.6203985
147.5 -89.0 59.166626
147.5 -86.0 231.1242
147.5 -82.0 79.923386
147.5 -78.0 86.33565
147.5 -74.0 106.97602
147.5 -70.0 34.853775
147.5 -66.0 44.692654
147.5 -62.0 69.7158
147.5 -58.0 55.83057
147.5 -54.0 65.35751
147.5 -50.0 45.126495
147.5 -46.0 39.814743
147.5 -42.0 18.365631
147.5 -38.0 49.340706
147.5 -34.0 52.998234
147.5 -30.0 46.579468
147.5 -26.0 53.472347
147.5 -22.0 74.24402
147.5 -18.0 81.46827
147.5 -14.0 126.395134
147.5 -10.0 80.56202
147.5 -6.0 39.93975
147.5 -2.0 29.700285
147.5 2.0 25.976505
147.5 6.0 29.185076
147.5 10.0 23.572187
147.5 14.0 33.99608
147.5 18.0 126.053795
147.5 22.0 221.99628
147.5 26.0 346.57144
147.5 30.0 19.275028
147.5 34.0 15.867136
147.5 38.0 14.802706
147.5 42.0 17.535013
147.5 46.0 17.81106
147.5 50.0 15.232526
147.5 54.0 16.236067
147.5 58.0 16.656693
147.5 62.0 16.923038
147.5 66.0 16.41181
147.5 70.0 17.561512
147.5 74.0 17.956459
147.5 78.0 17.099691
147.5 82.0 20.661177
147.5 86.0 39.5683
147.5 89.0 4.6203985
152.5 -89.0 59.166626
152.5 -86.0 134.86115
152.5 -82.0 89.754
152.5 -78.0 115.63721
152.5 -74.0 136.35127
152.5 -70.0 28.767
152.5 -66.0 32.826763
152.5 -62.0 126.60819
152.5 -58.0 113.51687
152.5 -54.0 92.96155
152.5 -50.0 53.46353
152.5 -46.0 42.250977
152.5 -42.0 25.942404
152.5 -38.0 33.771072
152.5 -34.0 53.546406
152.5 -30.0 49.19232
152.5 -26.0 60.614983
152.5 -22.0 63.29478
152.5 -18.0 94.8178
152.5 -14.0 81.07904
152.5 -10.0 66.720245
152.5 -6.0 31.780296
152.5 -2.0 29.715012
152.5 2.0 24.599674
152.5 6.0 23.547195
152.5 10.0 20.293432
152.5 14.0 19.36307
152.5 18.0 59.34548
152.5 22.0 109.7435
152.5 26.0 39.288662
152.5 30.0 27.859018
152.5 34.0 23.308159
152.5 38.0 17.617188
152.5 42.0 15.924669
152.5 46.0 15.608951
152.5 50.0 15.147569
152.5 54.0 15.836074
152.5 58.0 17.216026
152.5 62.0 17.369064
152.5 66.0 16.949873
152.5 70.0 16.68724
152.5 74.0 18.619246
152.5 78.0 17.762024
152.5 82.0 21.242512
152.5 86.0 34.87504
152.5 89.0 4.6203985
157.5 -89.0 59.166626
157.5 -86.0 157.50076
157.5 -82.0 140.1336
157.5 -78.0 115.872246
157.5 -74.0 129.46251
157.5 -70.0 74.7644
157.5 -66.0 35.135025
157.5 -62.0 72.139305
157.5 -58.0 79.80802
157.5 -54.0 67.45883
157.5 -50.0 51.221264
157.5 -46.0 38.906788
157.5 -42.0 54.11573
157.5 -38.0 46.82269
157.5 -34.0 55.178455
157.5 -30.0 41.252373
157.5 -26.0 55.076004
157.5 -22.0 62.03777
157.5 -18.0 60.92517
157.5 -14.0 56.765068
157.5 -10.0 47.253464
157.5 -6.0 33.81372
157.5 -2.0 24.156021
157.5 2.0 19.677557
157.5 6.0 22.737804
157.5 10.0 21.56482
157.5 14.0 17.397717
157.5 18.0 23.480915
157.5 22.0 37.761005
157.5 26.0 36.411522
157.5 30.0 29.804983
157.5 34.0 25.847351
157.5 38.0 19.772116
157.5 42.0 17.567913
157.5 46.0 15.753453
157.5 50.0 15.464605
157.5 54.0 16.96271
157.5 58.0 17.76676
157.5 62.0 18.157574
157.5 66.0 16.880735
157.5 70.0 17.023394
157.5 74.0 16.734423
157.5 78.0 18.827526
157.5 82.0 22.629782
157.5 86.0 36.951523
157.5 89.0 4.6203985
162.5 -89.0 59.166626
162.5 -86.0 168.91414
162.5 -82.0 120.06242
162.5 -78.0 101.50292
162.5 -74.0 74.39568
162.5 -70.0 31.49136
162.5 -66.0 50.243183
162.5 -62.0 36.194466
162.5 -58.0 133.9448
162.5 -54.0 94.65203
162.5 -50.0 59.55096
162.5 -46.0 42.35512
162.5 -42.0 73.096725
162.5 -38.0 43.151035
162.5 -34.0 44.63429
162.5 -30.0 50.542984
162.5 -26.0 65.3173
162.5 -22.0 59.464684
162.5 -18.0 35.0168
162.5 -14.0 33.72075
162.5 -10.0 41.747646
162.5 -6.0 34.240086
162.5 -2.0 22.653408
162.5 2.0 20.968485
162.5 6.0 21.188745
162.5 10.0 20.316357
162.5 14.0 19.569235
162.5 18.0 18.226336
162.5 22.0 20.586601
162.5 26.0 18.450592
162.5 30.0 21.354538
162.5 34.0 23.03154
162.5 38.0 25.424137
162.5 42.0 27.334919
162.5 46.0 19.783785
162.5 50.0 15.9779005
162.5 54.0 16.89241
162.5 58.0 16.665274
162.5 62.0 16.064152
162.5 66.0 16.70708
162.5 70.0 17.578783
162.5 74.0 19.019833
162.5 78.0 18.579515
162.5 82.0 23.687151
162.5 86.0 40.96775
162.5 89.0 4.6203985
167.5 -89.0 59.166626
167.5 -86.0 203.7286
167.5 -82.0 117.505005
167.5 -78.0 127.18617
167.5 -74.0 81.52979
167.5 -70.0 29.131891
167.5 -66.0 68.217026
167.5 -62.0 48.509583
167.5 -58.0 60.442406
167.5 -54.0 89.664856
167.5 -50.0 102.68806
167.5 -46.0 78.53287
167.5 -42.0 64.09664
167.5 -38.0 47.81477
167.5 -34.0 54.915695
167.5 -30.0 48.161327
167.5 -26.0 75.37718
167.5 -22.0 62.518044
167.5 -18.0 24.602413
167.5 -14.0 37.095154
167.5 -10.0 39.612595
167.5 -6.0 36.758335
167.5 -2.0 24.566051
167.5 2.0 19.961395
167.5 6.0 19.726324
167.5 10.0 17.999157
167.5 14.0 17.241882
167.5 18.0 23.68494
167.5 22.0 26.639814
167.5 26.0 27.033848
167.5 30.0 22.628408
167.5 34.0 16.699402
167.5 38.0 16.654821
167.5 42.0 18.289928
167.5 46.0 15.843245
167.5 50.0 15.738958
167.5 54.0 15.997174
167.5 58.0 15.444604
167.5 62.0 16.917572
167.5 66.0 17.487404
167.5 70.0 17.766865
167.5 74.0 20.71307
167.5 78.0 18.05612
167.5 82.0 23.528738
167.5 86.0 36.744045
167.5 89.0 4.6203985
172.5 -89.0 59.166626
172.5 -86.0 183.62668
172.5 -82.0 165.3077
172.5 -78.0 135.78804
172.5 -74.0 71.72108
172.5 -70.0 47.318512
172.5 -66.0 62.500652
172.5 -62.0 82.880516
172.5 -58.0 81.16015
172.5 -54.0 52.460308
172.5 -50.0 73.36177
172.5 -46.0 100.49193
172.5 -42.0 60.610588
172.5 -38.0 47.423862
172.5 -34.0 28.260511
172.5 -30.0 43.95546
172.5 -26.0 65.75782
172.5 -22.0 66.84875
172.5 -18.0 36.083485
172.5 -14.0 29.90308
172.5 -10.0 59.59794
172.5 -6.0 42.754547
172.5 -2.0 24.941853
172.5 2.0 20.496286
172.5 6.0 18.327736
172.5 10.0 14.1528
172.5 14.0 16.378504
172.5 18.0 19.032167
172.5 22.0 24.189392
172.5 26.0 18.87902
172.5 30.0 18.310223
172.5 34.0 17.451694
172.5 38.0 15.799594
172.5 42.0 14.4369335
172.5 46.0 13.931591
172.5 50.0 14.314669
172.5 54.0 13.49195
172.5 58.0 14.930257
172.5 62.0 16.198496
172.5 66.0 16.060219
172.5 70.0 17.11258
172.5 74.0 17.84598
172.5 78.0 18.197424
172.5 82.0 25.306347
172.5 86.0 36.47689
172.5 89.0 4.6203985
177.5 -89.0 59.166626
177.5 -86.0 128.63892
177.5 -82.0 183.12183
177.5 -78.0 102.62274
177.5 -74.0 90.21533
177.5 -70.0 54.160954
177.5 -66.0 84.87501
177.5 -62.0 49.85735
177.5 -58.0 50.095116
177.5 -54.0 36.846382
177.5 -50.0 37.57572
177.5 -46.0 63.28293
177.5 -42.0 45.48391
177.5 -38.0 24.681309
177.5 -34.0 42.54912
177.5 -30.0 36.611942
177.5 -26.0 42.081688
177.5 -22.0 53.101017
177.5 -18.0 57.17911
177.5 -14.0 38.369682
177.5 -10.0 72.487854
177.5 -6.0 55.870358
177.5 -2.0 29.889683
177.5 2.0 22.248854
177.5 6.0 17.768385
177.5 10.0 13.307389
177.5 14.0 12.157471
177.5 18.0 12.892621
177.5 22.0 14.892259
177.5 26.0 15.8243685
177.5 30.0 14.608884
177.5 34.0 14.628032
177.5 38.0 13.066693
177.5 42.0 14.015535
177.5 46.0 13.168921
177.5 50.0 13.332159
177.5 54.0 13.797257
177.5 58.0 15.463357
177.5 62.0 15.734702
177.5 66.0 15.9261875
177.5 70.0 16.796186
177.5 74.0 19.75433
177.5 78.0 18.647017
177.5 82.0 27.413086
177.5 86.0 32.429882
177.5 89.0 4.6203985
