-177.5 -89.0 40.70215
-177.5 -86.0 153.74297
-177.5 -82.0 123.61902
-177.5 -78.0 65.44306
-177.5 -74.0 52.88021
-177.5 -70.0 45.34094
-177.5 -66.0 57.202312
-177.5 -62.0 57.523376
-177.5 -58.0 44.698357
-177.5 -54.0 39.301815
-177.5 -50.0 47.721348
-177.5 -46.0 64.18421
-177.5 -42.0 41.931324
-177.5 -38.0 27.141626
-177.5 -34.0 20.046375
-177.5 -30.0 35.664497
-177.5 -26.0 46.30478
-177.5 -22.0 51.271843
-177.5 -18.0 83.510544
-177.5 -14.0 76.81919
-177.5 -10.0 72.424225
-177.5 -6.0 65.074135
-177.5 -2.0 33.055458
-177.5 2.0 20.502207
-177.5 6.0 16.16063
-177.5 10.0 10.898151
-177.5 14.0 8.139484
-177.5 18.0 8.058822
-177.5 22.0 10.03206
-177.5 26.0 9.868035
-177.5 30.0 10.972509
-177.5 34.0 10.363225
-177.5 38.0 9.700526
-177.5 42.0 10.84806
-177.5 46.0 10.874134
-177.5 50.0 10.997789
-177.5 54.0 11.002108
-177.5 58.0 12.819614
-177.5 62.0 13.13855
-177.5 66.0 14.682526
-177.5 70.0 15.563301
-177.5 74.0 15.49734
-177.5 78.0 16.77589
-177.5 82.0 23.70287
-177.5 86.0 28.678253
-177.5 89.0 4.7519383
-172.5 -89.0 40.70215
-172.5 -86.0 131.29787
-172.5 -82.0 126.85305
-172.5 -78.0 102.267845
-172.5 -74.0 69.869064
-172.5 -70.0 44.802494
-172.5 -66.0 72.33919
-172.5 -62.0 84.24332
-172.5 -58.0 43.62609
-172.5 -54.0 33.870377
-172.5 -50.0 40.322197
-172.5 -46.0 64.47463
-172.5 -42.0 31.188066
-172.5 -38.0 27.17148
-172.5 -34.0 32.41072
-172.5 -30.0 42.59188
-172.5 -26.0 61.807785
-172.5 -22.0 73.13184
-172.5 -18.0 75.74376
-172.5 -14.0 87.15867
-172.5 -10.0 53.82492
-172.5 -6.0 50.07539
-172.5 -2.0 27.233625
-172.5 2.0 17.518524
-172.5 6.0 13.224265
-172.5 10.0 9.557609
-172.5 14.0 7.698311
-172.5 18.0 9.167756
-172.5 22.0 8.380135
-172.5 26.0 7.91849
-172.5 30.0 8.2357645
-172.5 34.0 8.785696
-172.5 38.0 9.561934
-172.5 42.0 8.413121
-172.5 46.0 10.84643
-172.5 50.0 11.169483
-172.5 54.0 11.437252
-172.5 58.0 12.881245
-172.5 62.0 14.537805
-172.5 66.0 13.9649935
-172.5 70.0 15.220075
-172.5 74.0 15.3795805
-172.5 78.0 17.507637
-172.5 82.0 24.094448
-172.5 86.0 31.457151
-172.5 89.0 4.7519383
-167.5 -89.0 40.70215
-167.5 -86.0 135.74983
-167.5 -82.0 136.81721
-167.5 -78.0 90.52775
-167.5 -74.0 65.38287
-167.5 -70.0 24.38533
-167.5 -66.0 42.20057
-167.5 -62.0 40.33331
-167.5 -58.0 85.31786
-167.5 -54.0 65.697464
-167.5 -50.0 27.480064
-167.5 -46.0 45.690018
-167.5 -42.0 49.555515
-167.5 -38.0 23.488947
-167.5 -34.0 46.199684
-167.5 -30.0 65.57497
-167.5 -26.0 70.97764
-167.5 -22.0 74.16813
-167.5 -18.0 44.833973
-167.5 -14.0 40.64264
-167.5 -10.0 67.87816
-167.5 -6.0 40.75598
-167.5 -2.0 26.150652
-167.5 2.0 22.039043
-167.5 6.0 16.267292
-167.5 10.0 8.932042
-167.5 14.0 5.161731
-167.5 18.0 4.824997
-167.5 22.0 4.491945
-167.5 26.0 5.7505026
-167.5 30.0 6.2492447
-167.5 34.0 6.827317
-167.5 38.0 6.920248
-167.5 42.0 8.382414
-167.5 46.0 10.406411
-167.5 50.0 10.929869
-167.5 54.0 12.815031
-167.5 58.0 13.916705
-167.5 62.0 13.459207
-167.5 66.0 13.449407
-167.5 70.0 15.518259
-167.5 74.0 15.147447
-167.5 78.0 17.020103
-167.5 82.0 24.297235
-167.5 86.0 27.461895
-167.5 89.0 4.7519383
-162.5 -89.0 40.70215
-162.5 -86.0 145.61264
-162.5 -82.0 129.21318
-162.5 -78.0 79.11907
-162.5 -74.0 56.907524
-162.5 -70.0 25.376966
-162.5 -66.0 27.404442
-162.5 -62.0 46.29478
-162.5 -58.0 106.815
-162.5 -54.0 55.88377
-162.5 -50.0 61.20997
-162.5 -46.0 56.903336
-162.5 -42.0 34.088272
-162.5 -38.0 58.359146
-162.5 -34.0 68.5251
-162.5 -30.0 73.111694
-162.5 -26.0 86.06087
-162.5 -22.0 59.071136
-162.5 -18.0 37.579144
-162.5 -14.0 50.247704
-162.5 -10.0 79.174095
-162.5 -6.0 50.78983
-162.5 -2.0 34.566486
-162.5 2.0 26.945906
-162.5 6.0 17.823092
-162.5 10.0 8.480406
-162.5 14.0 3.693361
-162.5 18.0 2.1642594
-162.5 22.0 2.908317
-162.5 26.0 3.212769
-162.5 30.0 4.855807
-162.5 34.0 5.729213
-162.5 38.0 6.7072535
-162.5 42.0 8.293397
-162.5 46.0 9.126013
-162.5 50.0 9.815143
-162.5 54.0 12.037857
-162.5 58.0 12.974285
-162.5 62.0 14.15903
-162.5 66.0 13.100699
-162.5 70.0 14.545505
-162.5 74.0 14.947119
-162.5 78.0 17.75984
-162.5 82.0 22.140774
-162.5 86.0 30.398146
-162.5 89.0 4.7519383
-157.5 -89.0 40.70215
-157.5 -86.0 140.81148
-157.5 -82.0 128.18213
-157.5 -78.0 73.806496
-157.5 -74.0 21.738115
-157.5 -70.0 29.069534
-157.5 -66.0 26.958601
-157.5 -62.0 36.375206
-157.5 -58.0 71.859474
-157.5 -54.0 52.855
-157.5 -50.0 80.68963
-157.5 -46.0 113.28944
-157.5 -42.0 20.8447
-157.5 -38.0 29.381527
-157.5 -34.0 60.927513
-157.5 -30.0 74.79518
-157.5 -26.0 81.0615
-157.5 -22.0 58.43995
-157.5 -18.0 58.691486
-157.5 -14.0 73.843
-157.5 -10.0 86.355095
-157.5 -6.0 89.52924
-157.5 -2.0 69.63811
-157.5 2.0 35.411617
-157.5 6.0 19.250267
-157.5 10.0 9.40822
-157.5 14.0 4.465147
-157.5 18.0 3.8348556
-157.5 22.0 2.5899403
-157.5 26.0 2.1532876
-157.5 30.0 2.8665826
-157.5 34.0 4.624614
-157.5 38.0 5.3057594
-157.5 42.0 6.8272586
-157.5 46.0 9.582691
-157.5 50.0 11.218154
-157.5 54.0 13.12946
-157.5 58.0 13.570146
-157.5 62.0 13.970789
-157.5 66.0 13.226592
-157.5 70.0 14.703945
-157.5 74.0 15.319051
-157.5 78.0 15.554052
-157.5 82.0 21.727467
-157.5 86.0 32.720066
-157.5 89.0 4.7519383
-152.5 -89.0 40.70215
-152.5 -86.0 149.91342
-152.5 -82.0 90.43243
-152.5 -78.0 69.11698
-152.5 -74.0 50.56348
-152.5 -70.0 68.86707
-152.5 -66.0 29.920486
-152.5 -62.0 28.255627
-152.5 -58.0 109.26942
-152.5 -54.0 64.49044
-152.5 -50.0 57.80092
-152.5 -46.0 85.54152
-152.5 -42.0 80.35436
-152.5 -38.0 41.596344
-152.5 -34.0 26.787666
-152.5 -30.0 47.68251
-152.5 -26.0 71.524574
-152.5 -22.0 60.038868
-152.5 -18.0 68.55275
-152.5 -14.0 72.130394
-152.5 -10.0 89.56055
-152.5 -6.0 88.16151
-152.5 -2.0 39.764297
-152.5 2.0 23.207771
-152.5 6.0 17.01139
-152.5 10.0 8.983555
-152.5 14.0 2.249719
-152.5 18.0 1.0667566
-152.5 22.0 2.3072824
-152.5 26.0 5.2603927
-152.5 30.0 5.1003137
-152.5 34.0 3.8167353
-152.5 38.0 4.972535
-152.5 42.0 6.7100434
-152.5 46.0 8.886021
-152.5 50.0 12.739108
-152.5 54.0 14.850403
-152.5 58.0 14.675627
-152.5 62.0 15.21657
-152.5 66.0 14.205132
-152.5 70.0 13.653608
-152.5 74.0 14.719783
-152.5 78.0 16.169584
-152.5 82.0 21.217392
-152.5 86.0 29.58932
-152.5 89.0 4.7519383
-147.5 -89.0 40.70215
-147.5 -86.0 154.33527
-147.5 -82.0 122.74415
-147.5 -78.0 55.57392
-147.5 -74.0 32.050938
-147.5 -70.0 118.40804
-147.5 -66.0 44.756813
-147.5 -62.0 38.080357
-147.5 -58.0 50.170116
-147.5 -54.0 45.423885
-147.5 -50.0 59.595467
-147.5 -46.0 87.28878
-147.5 -42.0 66.50167
-147.5 -38.0 34.426266
-147.5 -34.0 39.93162
-147.5 -30.0 38.48749
-147.5 -26.0 56.209347
-147.5 -22.0 63.14255
-147.5 -18.0 65.420845
-147.5 -14.0 81.10942
-147.5 -10.0 132.62366
-147.5 -6.0 79.32664
-147.5 -2.0 61.028507
-147.5 2.0 45.153877
-147.5 6.0 42.627167
-147.5 10.0 9.801878
-147.5 14.0 1.140235
-147.5 18.0 4.056035
-147.5 22.0 58.315796
-147.5 26.0 69.223434
-147.5 30.0 9.796672
-147.5 34.0 2.5218117
-147.5 38.0 5.3841267
-147.5 42.0 8.146836
-147.5 46.0 9.180902
-147.5 50.0 14.145929
-147.5 54.0 14.371413
-147.5 58.0 14.84772
-147.5 62.0 16.01767
-147.5 66.0 15.251772
-147.5 70.0 13.707192
-147.5 74.0 14.758977
-147.5 78.0 15.732789
-147.5 82.0 20.14656
-147.5 86.0 34.3462
-147.5 89.0 4.7519383
-142.5 -89.0 40.70215
-142.5 -86.0 153.31601
-142.5 -82.0 108.53889
-142.5 -78.0 48.254295
-142.5 -74.0 34.905804
-142.5 -70.0 46.33155
-142.5 -66.0 65.45018
-142.5 -62.0 31.02248
-142.5 -58.0 60.610317
-142.5 -54.0 36.372753
-142.5 -50.0 70.96247
-142.5 -46.0 73.33387
-142.5 -42.0 73.706924
-142.5 -38.0 43.652348
-142.5 -34.0 42.7219
-142.5 -30.0 47.26827
-142.5 -26.0 59.550194
-142.5 -22.0 73.11068
-142.5 -18.0 66.95466
-142.5 -14.0 67.321205
-142.5 -10.0 139.9056
-142.5 -6.0 155.48866
-142.5 -2.0 71.14159
-142.5 2.0 94.721954
-142.5 6.0 63.170284
-142.5 10.0 26.580006
-142.5 14.0 4.6478477
-142.5 18.0 6.2108574
-142.5 22.0 341.6632
-142.5 26.0 215.12027
-142.5 30.0 8.442622
-142.5 34.0 4.3399563
-142.5 38.0 8.315298
-142.5 42.0 8.700218
-142.5 46.0 13.140688
-142.5 50.0 19.327738
-142.5 54.0 18.004322
-142.5 58.0 18.443325
-142.5 62.0 15.985553
-142.5 66.0 14.062195
-142.5 70.0 13.274385
-142.5 74.0 14.820423
-142.5 78.0 15.1524935
-142.5 82.0 19.674994
-142.5 86.0 37.334614
-142.5 89.0 4.7519383
-137.5 -89.0 40.70215
-137.5 -86.0 152.58125
-137.5 -82.0 102.52025
-137.5 -78.0 67.49536
-137.5 -74.0 55.031734
-137.5 -70.0 49.910313
-137.5 -66.0 92.85465
-137.5 -62.0 58.67859
-137.5 -58.0 31.833199
-137.5 -54.0 82.00323
-137.5 -50.0 62.642582
-137.5 -46.0 65.11026
-137.5 -42.0 69.027756
-137.5 -38.0 46.50538
-137.5 -34.0 50.161755
-137.5 -30.0 51.115437
-137.5 -26.0 63.316055
-137.5 -22.0 90.49251
-137.5 -18.0 96.17494
-137.5 -14.0 80.56461
-137.5 -10.0 127.71954
-137.5 -6.0 227.14693
-137.5 -2.0 123.33937
-137.5 2.0 70.963234
-137.5 6.0 140.4238
-137.5 10.0 101.826775
-137.5 14.0 20.745272
-137.5 18.0 167.86618
-137.5 22.0 73.14399
-137.5 26.0 48.497673
-137.5 30.0 3.212197
-137.5 34.0 4.468647
-137.5 38.0 24.154543
-137.5 42.0 7.221955
-137.5 46.0 16.081318
-137.5 50.0 17.058746
-137.5 54.0 14.474441
-137.5 58.0 18.882095
-137.5 62.0 17.01774
-137.5 66.0 13.783441
-137.5 70.0 14.369403
-137.5 74.0 15.484695
-137.5 78.0 15.52867
-137.5 82.0 18.588646
-137.5 86.0 40.28663
-137.5 89.0 4.7519383
-132.5 -89.0 40.70215
-132.5 -86.0 126.10824
-132.5 -82.0 98.764366
-132.5 -78.0 68.53372
-132.5 -74.0 59.87185
-132.5 -70.0 48.766994
-132.5 -66.0 77.82421
-132.5 -62.0 83.938644
-132.5 -58.0 87.56066
-132.5 -54.0 73.57951
-132.5 -50.0 134.92345
-132.5 -46.0 59.86452
-132.5 -42.0 65.49336
-132.5 -38.0 42.172592
-132.5 -34.0 59.179615
-132.5 -30.0 56.070496
-132.5 -26.0 67.63314
-132.5 -22.0 110.82388
-132.5 -18.0 161.2541
-132.5 -14.0 169.16147
-132.5 -10.0 232.94926
-132.5 -6.0 336.251
-132.5 -2.0 175.95927
-132.5 2.0 152.45369
-132.5 6.0 166.06174
-132.5 10.0 167.78328
-132.5 14.0 131.04942
-132.5 18.0 236.27986
-132.5 22.0 84.604
-132.5 26.0 21.344135
-132.5 30.0 2.8061676
-132.5 34.0 5.0148296
-132.5 38.0 25.87466
-132.5 42.0 8.903849
-132.5 46.0 14.9101925
-132.5 50.0 18.84069
-132.5 54.0 11.879019
-132.5 58.0 19.409721
-132.5 62.0 18.950392
-132.5 66.0 13.465132
-132.5 70.0 14.264723
-132.5 74.0 14.383272
-132.5 78.0 13.774197
-132.5 82.0 18.255966
-132.5 86.0 38.448063
-132.5 89.0 4.7519383
-127.5 -89.0 40.70215
-127.5 -86.0 144.2964
-127.5 -82.0 85.63684
-127.5 -78.0 46.104683
-127.5 -74.0 33.51916
-127.5 -70.0 32.46656
-127.5 -66.0 62.508488
-127.5 -62.0 44.871284
-127.5 -58.0 67.31272
-127.5 -54.0 37.579
-127.5 -50.0 71.32086
-127.5 -46.0 53.92527
-127.5 -42.0 67.51026
-127.5 -38.0 59.14095
-127.5 -34.0 59.613056
-127.5 -30.0 56.081284
-127.5 -26.0 75.90513
-127.5 -22.0 147.94708
-127.5 -18.0 219.59273
-127.5 -14.0 170.92632
-127.5 -10.0 120.26868
-127.5 -6.0 204.01558
-127.5 -2.0 302.6502
-127.5 2.0 249.2248
-127.5 6.0 134.74373
-127.5 10.0 87.548164
-127.5 14.0 88.53161
-127.5 18.0 80.61335
-127.5 22.0 46.39698
-127.5 26.0 66.49331
-127.5 30.0 16.15626
-127.5 34.0 9.267278
-127.5 38.0 20.662094
-127.5 42.0 13.695088
-127.5 46.0 15.124695
-127.5 50.0 17.078075
-127.5 54.0 14.573039
-127.5 58.0 16.985668
-127.5 62.0 18.017965
-127.5 66.0 14.913723
-127.5 70.0 13.710474
-127.5 74.0 15.590175
-127.5 78.0 14.767812
-127.5 82.0 18.650677
-127.5 86.0 36.930157
-127.5 89.0 4.7519383
-122.5 -89.0 40.70215
-122.5 -86.0 158.7554
-122.5 -82.0 89.9951
-122.5 -78.0 33.733063
-122.5 -74.0 36.64577
-122.5 -70.0 38.52792
-122.5 -66.0 45.87599
-122.5 -62.0 96.77147
-122.5 -58.0 72.13068
-122.5 -54.0 55.581352
-122.5 -50.0 51.79847
-122.5 -46.0 55.61807
-122.5 -42.0 60.96785
-122.5 -38.0 60.032906
-122.5 -34.0 84.42511
-122.5 -30.0 73.80822
-122.5 -26.0 87.59137
-122.5 -22.0 193.11635
-122.5 -18.0 284.69965
-122.5 -14.0 413.156
-122.5 -10.0 98.920654
-122.5 -6.0 304.13306
-122.5 -2.0 252.27762
-122.5 2.0 420.92584
-122.5 6.0 279.41547
-122.5 10.0 98.47119
-122.5 14.0 49.448345
-122.5 18.0 53.3813
-122.5 22.0 86.479805
-122.5 26.0 93.395836
-122.5 30.0 42.978302
-122.5 34.0 22.497377
-122.5 38.0 31.016737
-122.5 42.0 32.8685
-122.5 46.0 19.030039
-122.5 50.0 17.140896
-122.5 54.0 18.2857
-122.5 58.0 17.643248
-122.5 62.0 18.31514
-122.5 66.0 15.003997
-122.5 70.0 15.061135
-122.5 74.0 14.156253
-122.5 78.0 15.940776
-122.5 82.0 19.358078
-122.5 86.0 34.286682
-122.5 89.0 4.7519383
-117.5 -89.0 40.70215
-117.5 -86.0 89.8461
-117.5 -82.0 83.05253
-117.5 -78.0 41.93194
-117.5 -74.0 31.282465
-117.5 -70.0 51.949467
-117.5 -66.0 90.59101
-117.5 -62.0 52.4457
-117.5 -58.0 57.136745
-117.5 -54.0 46.49209
-117.5 -50.0 60.093163
-117.5 -46.0 54.13297
-117.5 -42.0 63.66585
-117.5 -38.0 90.01812
-117.5 -34.0 96.94916
-117.5 -30.0 96.11841
-117.5 -26.0 113.89162
-117.5 -22.0 196.91086
-117.5 -18.0 255.57555
-117.5 -14.0 256.5861
-117.5 -10.0 255.92873
-117.5 -6.0 188.33946
-117.5 -2.0 105.58789
-117.5 2.0 66.17029
-117.5 6.0 130.44606
-117.5 10.0 190.11337
-117.5 14.0 84.7344
-117.5 18.0 27.907436
-117.5 22.0 21.35478
-117.5 26.0 32.573692
-117.5 30.0 33.986458
-117.5 34.0 52.60808
-117.5 38.0 166.4477
-117.5 42.0 169.58435
-117.5 46.0 24.229383
-117.5 50.0 16.437895
-117.5 54.0 17.850845
-117.5 58.0 20.110554
-117.5 62.0 17.634157
-117.5 66.0 15.8932085
-117.5 70.0 13.089793
-117.5 74.0 14.092768
-117.5 78.0 13.894683
-117.5 82.0 19.090332
-117.5 86.0 44.94103
-117.5 89.0 4.7519383
-112.5 -89.0 40.70215
-112.5 -86.0 100.72791
-112.5 -82.0 74.32682
-112.5 -78.0 39.897045
-112.5 -74.0 54.158257
-112.5 -70.0 56.35798
-112.5 -66.0 64.54097
-112.5 -62.0 47.57918
-112.5 -58.0 37.22132
-112.5 -54.0 42.48352
-112.5 -50.0 92.0065
-112.5 -46.0 70.16384
-112.5 -42.0 54.171104
-112.5 -38.0 55.310593
-112.5 -34.0 83.08821
-112.5 -30.0 111.283806
-112.5 -26.0 115.03896
-112.5 -22.0 170.20645
-112.5 -18.0 171.54887
-112.5 -14.0 155.96155
-112.5 -10.0 237.76764
-112.5 -6.0 202.07716
-112.5 -2.0 315.06464
-112.5 2.0 297.21014
-112.5 6.0 29.4234
-112.5 10.0 207.88094
-112.5 14.0 227.04004
-112.5 18.0 80.746185
-112.5 22.0 57.434902
-112.5 26.0 53.66928
-112.5 30.0 54.322292
-112.5 34.0 90.04237
-112.5 38.0 374.59283
-112.5 42.0 270.4909
-112.5 46.0 38.666332
-112.5 50.0 16.336052
-112.5 54.0 18.29434
-112.5 58.0 18.720724
-112.5 62.0 17.851616
-112.5 66.0 16.312098
-112.5 70.0 15.294135
-112.5 74.0 14.181851
-112.5 78.0 13.42281
-112.5 82.0 18.80885
-112.5 86.0 40.654507
-112.5 89.0 4.7519383
-107.5 -89.0 40.70215
-107.5 -86.0 120.79706
-107.5 -82.0 70.75529
-107.5 -78.0 37.15685
-107.5 -74.0 44.6803
-107.5 -70.0 50.342266
-107.5 -66.0 58.620853
-107.5 -62.0 73.492
-107.5 -58.0 41.248016
-107.5 -54.0 49.144493
-107.5 -50.0 77.16562
-107.5 -46.0 66.946724
-107.5 -42.0 42.37166
-107.5 -38.0 40.576336
-107.5 -34.0 111.64433
-107.5 -30.0 121.02026
-107.5 -26.0 93.69763
-107.5 -22.0 146.62186
-107.5 -18.0 278.20755
-107.5 -14.0 110.34157
-107.5 -10.0 188.50977
-107.5 -6.0 255.72205
-107.5 -2.0 216.19214
-107.5 2.0 171.99364
-107.5 6.0 181.41125
-107.5 10.0 387.3576
-107.5 14.0 134.01367
-107.5 18.0 76.17574
-107.5 22.0 37.721634
-107.5 26.0 78.179054
-107.5 30.0 60.66524
-107.5 34.0 80.92144
-107.5 38.0 219.01944
-107.5 42.0 210.82448
-107.5 46.0 64.71739
-107.5 50.0 18.268953
-107.5 54.0 18.800112
-107.5 58.0 17.39073
-107.5 62.0 18.988762
-107.5 66.0 17.397224
-107.5 70.0 15.02747
-107.5 74.0 14.507363
-107.5 78.0 12.65734
-107.5 82.0 21.160927
-107.5 86.0 43.221592
-107.5 89.0 4.7519383
-102.5 -89.0 40.70215
-102.5 -86.0 124.13726
-102.5 -82.0 72.33523
-102.5 -78.0 41.943207
-102.5 -74.0 44.77861
-102.5 -70.0 47.248116
-102.5 -66.0 42.366566
-102.5 -62.0 58.700924
-102.5 -58.0 102.31109
-102.5 -54.0 99.41139
-102.5 -50.0 100.470566
-102.5 -46.0 48.844875
-102.5 -42.0 37.94389
-102.5 -38.0 98.559204
-102.5 -34.0 263.1522
-102.5 -30.0 415.43658
-102.5 -26.0 257.28867
-102.5 -22.0 226.4978
-102.5 -18.0 238.83832
-102.5 -14.0 205.88629
-102.5 -10.0 201.5547
-102.5 -6.0 250.55568
-102.5 -2.0 308.03867
-102.5 2.0 478.7527
-102.5 6.0 159.75945
-102.5 10.0 411.88495
-102.5 14.0 440.22592
-102.5 18.0 63.367653
-102.5 22.0 35.824745
-102.5 26.0 39.538113
-102.5 30.0 44.48484
-102.5 34.0 40.08045
-102.5 38.0 129.99219
-102.5 42.0 77.81329
-102.5 46.0 24.942972
-102.5 50.0 31.965748
-102.5 54.0 30.691076
-102.5 58.0 18.347052
-102.5 62.0 19.306414
-102.5 66.0 19.188082
-102.5 70.0 14.224126
-102.5 74.0 14.53011
-102.5 78.0 12.67134
-102.5 82.0 22.458601
-102.5 86.0 40.926323
-102.5 89.0 4.7519383
-97.5 -89.0 40.70215
-97.5 -86.0 105.09572
-97.5 -82.0 62.46997
-97.5 -78.0 33.634274
-97.5 -74.0 48.109352
-97.5 -70.0 44.153316
-97.5 -66.0 40.964165
-97.5 -62.0 63.099567
-97.5 -58.0 61.27592
-97.5 -54.0 96.019966
-97.5 -50.0 158.3745
-97.5 -46.0 65.85371
-97.5 -42.0 124.363495
-97.5 -38.0 158.54443
-97.5 -34.0 106.50055
-97.5 -30.0 87.79324
-97.5 -26.0 100.99107
-97.5 -22.0 157.11172
-97.5 -18.0 265.15662
-97.5 -14.0 296.86218
-97.5 -10.0 239.73506
-97.5 -6.0 245.83308
-97.5 -2.0 306.54004
-97.5 2.0 371.8459
-97.5 6.0 412.90674
-97.5 10.0 102.728226
-97.5 14.0 54.90792
-97.5 18.0 87.37471
-97.5 22.0 98.69438
-97.5 26.0 69.79626
-97.5 30.0 41.340523
-97.5 34.0 40.013664
-97.5 38.0 34.856743
-97.5 42.0 22.754326
-97.5 46.0 23.22588
-97.5 50.0 28.625845
-97.5 54.0 34.420776
-97.5 58.0 21.267551
-97.5 62.0 20.148424
-97.5 66.0 17.801893
-97.5 70.0 14.378115
-97.5 74.0 13.737862
-97.5 78.0 12.128202
-97.5 82.0 20.330544
-97.5 86.0 44.453564
-97.5 89.0 4.7519383
-92.5 -89.0 40.70215
-92.5 -86.0 105.33975
-92.5 -82.0 85.88903
-92.5 -78.0 47.07146
-92.5 -74.0 50.371468
-92.5 -70.0 50.77155
-92.5 -66.0 42.495583
-92.5 -62.0 51.130672
-92.5 -58.0 34.529057
-92.5 -54.0 68.47006
-92.5 -50.0 46.88448
-92.5 -46.0 42.61969
-92.5 -42.0 241.99542
-92.5 -38.0 165.72633
-92.5 -34.0 82.528885
-92.5 -30.0 80.804184
-92.5 -26.0 103.291115
-92.5 -22.0 163.79381
-92.5 -18.0 213.42642
-92.5 -14.0 280.15546
-92.5 -10.0 230.10909
-92.5 -6.0 186.79375
-92.5 -2.0 347.26263
-92.5 2.0 192.02946
-92.5 6.0 166.12854
-92.5 10.0 113.574936
-92.5 14.0 107.14986
-92.5 18.0 86.140594
-92.5 22.0 106.54517
-92.5 26.0 115.18315
-92.5 30.0 43.73824
-92.5 34.0 43.34247
-92.5 38.0 34.83139
-92.5 42.0 29.029669
-92.5 46.0 23.816874
-92.5 50.0 33.22294
-92.5 54.0 27.70965
-92.5 58.0 22.325075
-92.5 62.0 19.632622
-92.5 66.0 16.734447
-92.5 70.0 13.608444
-92.5 74.0 13.541012
-92.5 78.0 12.393485
-92.5 82.0 18.29653
-92.5 86.0 41.054096
-92.5 89.0 4.7519383
-87.5 -89.0 40.70215
-87.5 -86.0 111.2018
-87.5 -82.0 117.848076
-87.5 -78.0 55.915623
-87.5 -74.0 60.59544
-87.5 -70.0 29.833647
-87.5 -66.0 43.570618
-87.5 -62.0 77.6691
-87.5 -58.0 68.214424
-87.5 -54.0 71.38564
-87.5 -50.0 37.53954
-87.5 -46.0 40.969933
-87.5 -42.0 42.767223
-87.5 -38.0 160.6233
-87.5 -34.0 129.98318
-87.5 -30.0 79.66261
-87.5 -26.0 84.79718
-87.5 -22.0 126.73978
-87.5 -18.0 171.2701
-87.5 -14.0 212.8423
-87.5 -10.0 323.68292
-87.5 -6.0 180.81506
-87.5 -2.0 354.09985
-87.5 2.0 159.30884
-87.5 6.0 71.96469
-87.5 10.0 48.627007
-87.5 14.0 44.43984
-87.5 18.0 58.685947
-87.5 22.0 71.432945
-87.5 26.0 57.279846
-87.5 30.0 32.959114
-87.5 34.0 38.926647
-87.5 38.0 67.07384
-87.5 42.0 63.025696
-87.5 46.0 16.587967
-87.5 50.0 35.030293
-87.5 54.0 21.121222
-87.5 58.0 20.068796
-87.5 62.0 19.562006
-87.5 66.0 16.720022
-87.5 70.0 13.647228
-87.5 74.0 14.02967
-87.5 78.0 12.42819
-87.5 82.0 19.542812
-87.5 86.0 44.06476
-87.5 89.0 4.7519383
-82.5 -89.0 40.70215
-82.5 -86.0 105.61329
-82.5 -82.0 79.27667
-82.5 -78.0 121.878784
-82.5 -74.0 52.841854
-82.5 -70.0 55.58327
-82.5 -66.0 40.1229
-82.5 -62.0 49.545937
-82.5 -58.0 41.155396
-82.5 -54.0 32.090694
-82.5 -50.0 33.10363
-82.5 -46.0 65.83807
-82.5 -42.0 68.2112
-82.5 -38.0 172.49094
-82.5 -34.0 100.70489
-82.5 -30.0 94.4026
-82.5 -26.0 94.02296
-82.5 -22.0 95.04207
-82.5 -18.0 140.65985
-82.5 -14.0 157.05779
-82.5 -10.0 141.90686
-82.5 -6.0 94.76518
-82.5 -2.0 270.09445
-82.5 2.0 124.710976
-82.5 6.0 74.07876
-82.5 10.0 49.01931
-82.5 14.0 56.010334
-82.5 18.0 59.43726
-82.5 22.0 66.26028
-82.5 26.0 74.43706
-82.5 30.0 50.87313
-82.5 34.0 46.159893
-82.5 38.0 43.06147
-82.5 42.0 67.71968
-82.5 46.0 56.761234
-82.5 50.0 20.937616
-82.5 54.0 17.995605
-82.5 58.0 21.05842
-82.5 62.0 17.073078
-82.5 66.0 13.531855
-82.5 70.0 13.8281555
-82.5 74.0 13.872616
-82.5 78.0 12.905138
-82.5 82.0 15.577082
-82.5 86.0 38.578983
-82.5 89.0 4.7519383
-77.5 -89.0 40.70215
-77.5 -86.0 123.02409
-77.5 -82.0 110.105644
-77.5 -78.0 60.324673
-77.5 -74.0 30.10631
-77.5 -70.0 23.536926
-77.5 -66.0 48.512466
-77.5 -62.0 51.494553
-77.5 -58.0 36.59877
-77.5 -54.0 51.745674
-77.5 -50.0 84.46611
-77.5 -46.0 82.62523
-77.5 -42.0 73.43212
-77.5 -38.0 88.87504
-77.5 -34.0 233.72136
-77.5 -30.0 162.50531
-77.5 -26.0 74.06784
-77.5 -22.0 111.03096
-77.5 -18.0 129.10655
-77.5 -14.0 143.57875
-77.5 -10.0 65.174545
-77.5 -6.0 191.15053
-77.5 -2.0 204.42474
-77.5 2.0 205.33238
-77.5 6.0 67.213745
-77.5 10.0 31.173944
-77.5 14.0 26.55654
-77.5 18.0 32.452583
-77.5 22.0 46.83758
-77.5 26.0 73.27401
-77.5 30.0 44.114414
-77.5 34.0 33.70832
-77.5 38.0 71.26787
-77.5 42.0 79.79161
-77.5 46.0 62.47977
-77.5 50.0 13.549785
-77.5 54.0 17.698008
-77.5 58.0 19.733578
-77.5 62.0 17.011696
-77.5 66.0 13.290772
-77.5 70.0 13.758443
-77.5 74.0 12.539688
-77.5 78.0 12.243408
-77.5 82.0 17.440552
-77.5 86.0 37.002857
-77.5 89.0 4.7519383
-72.5 -89.0 40.70215
-72.5 -86.0 130.65149
-72.5 -82.0 62.606915
-72.5 -78.0 56.576946
-72.5 -74.0 75.952095
-72.5 -70.0 46.46841
-72.5 -66.0 47.88526
-72.5 -62.0 68.980736
-72.5 -58.0 38.515156
-72.5 -54.0 50.297424
-72.5 -50.0 108.95622
-72.5 -46.0 130.19019
-72.5 -42.0 103.6425
-72.5 -38.0 63.083782
-72.5 -34.0 82.67237
-72.5 -30.0 160.68532
-72.5 -26.0 137.55357
-72.5 -22.0 179.73753
-72.5 -18.0 122.86046
-72.5 -14.0 57.743835
-72.5 -10.0 49.31964
-72.5 -6.0 147.92172
-72.5 -2.0 259.86026
-72.5 2.0 197.97726
-72.5 6.0 85.593094
-72.5 10.0 61.899384
-72.5 14.0 39.599926
-72.5 18.0 39.372585
-72.5 22.0 31.852463
-72.5 26.0 33.281086
-72.5 30.0 26.238138
-72.5 34.0 37.951942
-72.5 38.0 101.225876
-72.5 42.0 77.24909
-72.5 46.0 69.87928
-72.5 50.0 17.844467
-72.5 54.0 16.591066
-72.5 58.0 17.376328
-72.5 62.0 15.866356
-72.5 66.0 13.559978
-72.5 70.0 13.465149
-72.5 74.0 13.359142
-72.5 78.0 12.826398
-72.5 82.0 15.73836
-72.5 86.0 37.51405
-72.5 89.0 4.7519383
-67.5 -89.0 40.70215
-67.5 -86.0 143.3108
-67.5 -82.0 81.57651
-67.5 -78.0 51.681973
-67.5 -74.0 51.32974
-67.5 -70.0 36.13992
-67.5 -66.0 40.0267
-67.5 -62.0 48.784325
-67.5 -58.0 55.835125
-67.5 -54.0 81.37141
-67.5 -50.0 14.421988
-67.5 -46.0 74.30845
-67.5 -42.0 83.48435
-67.5 -38.0 80.70348
-67.5 -34.0 59.998413
-67.5 -30.0 151.11496
-67.5 -26.0 97.26133
-67.5 -22.0 166.01013
-67.5 -18.0 181.88786
-67.5 -14.0 35.532066
-67.5 -10.0 83.767784
-67.5 -6.0 176.67218
-67.5 -2.0 196.73636
-67.5 2.0 103.31898
-67.5 6.0 53.036274
-67.5 10.0 50.12208
-67.5 14.0 42.25605
-67.5 18.0 42.085857
-67.5 22.0 42.711372
-67.5 26.0 42.609062
-67.5 30.0 24.594418
-67.5 34.0 26.38816
-67.5 38.0 40.85166
-67.5 42.0 65.05297
-67.5 46.0 43.128407
-67.5 50.0 34.691933
-67.5 54.0 15.985111
-67.5 58.0 14.13063
-67.5 62.0 15.410483
-67.5 66.0 13.910531
-67.5 70.0 13.617671
-67.5 74.0 14.24762
-67.5 78.0 12.570968
-67.5 82.0 19.281424
-67.5 86.0 35.291874
-67.5 89.0 4.7519383
-62.5 -89.0 40.70215
-62.5 -86.0 142.07057
-62.5 -82.0 40.00869
-62.5 -78.0 46.08811
-62.5 -74.0 38.744823
-62.5 -70.0 35.503613
-62.5 -66.0 50.43879
-62.5 -62.0 41.552578
-62.5 -58.0 66.44259
-62.5 -54.0 80.33667
-62.5 -50.0 75.68672
-62.5 -46.0 71.20469
-62.5 -42.0 56.295868
-62.5 -38.0 78.211235
-62.5 -34.0 91.72782
-62.5 -30.0 67.275925
-62.5 -26.0 116.652275
-62.5 -22.0 139.67978
-62.5 -18.0 212.1871
-62.5 -14.0 55.75126
-62.5 -10.0 239.75627
-62.5 -6.0 67.959564
-62.5 -2.0 62.551907
-62.5 2.0 68.09929
-62.5 6.0 42.46992
-62.5 10.0 29.473757
-62.5 14.0 31.535433
-62.5 18.0 38.331326
-62.5 22.0 34.052265
-62.5 26.0 16.561625
-62.5 30.0 14.7215185
-62.5 34.0 32.948288
-62.5 38.0 38.961678
-62.5 42.0 45.36355
-62.5 46.0 43.862526
-62.5 50.0 28.541004
-62.5 54.0 14.948076
-62.5 58.0 12.22855
-62.5 62.0 16.173756
-62.5 66.0 13.904705
-62.5 70.0 13.642254
-62.5 74.0 14.009656
-62.5 78.0 12.77879
-62.5 82.0 20.968456
-62.5 86.0 34.87435
-62.5 89.0 4.7519383
-57.5 -89.0 40.70215
-57.5 -86.0 134.82253
-57.5 -82.0 61.584312
-57.5 -78.0 42.324917
-57.5 -74.0 36.791492
-57.5 -70.0 44.88793
-57.5 -66.0 43.186985
-57.5 -62.0 56.664433
-57.5 -58.0 73.854065
-57.5 -54.0 35.24124
-57.5 -50.0 43.029854
-57.5 -46.0 50.37067
-57.5 -42.0 102.27476
-57.5 -38.0 91.389786
-57.5 -34.0 90.02078
-57.5 -30.0 41.901485
-57.5 -26.0 98.79619
-57.5 -22.0 110.024254
-57.5 -18.0 141.30923
-57.5 -14.0 57.31657
-57.5 -10.0 197.89871
-57.5 -6.0 111.73647
-57.5 -2.0 80.04703
-57.5 2.0 57.77356
-57.5 6.0 45.988796
-57.5 10.0 30.079102
-57.5 14.0 28.826591
-57.5 18.0 37.190594
-57.5 22.0 44.745342
-57.5 26.0 26.103628
-57.5 30.0 20.84917
-57.5 34.0 42.962254
-57.5 38.0 28.319124
-57.5 42.0 37.078266
-57.5 46.0 27.893316
-57.5 50.0 20.85926
-57.5 54.0 10.914876
-57.5 58.0 13.276592
-57.5 62.0 13.312007
-57.5 66.0 14.522291
-57.5 70.0 14.343225
-57.5 74.0 14.563812
-57.5 78.0 14.3650255
-57.5 82.0 16.162466
-57.5 86.0 34.18928
-57.5 89.0 4.7519383
-52.5 -89.0 40.70215
-52.5 -86.0 270.8211
-52.5 -82.0 59.41227
-52.5 -78.0 57.535767
-52.5 -74.0 37.82203
-52.5 -70.0 41.437046
-52.5 -66.0 54.572414
-52.5 -62.0 52.057865
-52.5 -58.0 108.48324
-52.5 -54.0 49.007526
-52.5 -50.0 22.433762
-52.5 -46.0 43.902294
-52.5 -42.0 53.559036
-52.5 -38.0 85.880516
-52.5 -34.0 70.67904
-52.5 -30.0 44.201366
-52.5 -26.0 43.802505
-52.5 -22.0 50.357597
-52.5 -18.0 65.26354
-52.5 -14.0 24.79952
-52.5 -10.0 105.93745
-52.5 -6.0 78.24043
-52.5 -2.0 67.63017
-52.5 2.0 50.18555
-52.5 6.0 49.217762
-52.5 10.0 31.805199
-52.5 14.0 26.989128
-52.5 18.0 25.186302
-52.5 22.0 23.741137
-52.5 26.0 14.267259
-52.5 30.0 17.97118
-52.5 34.0 16.653133
-52.5 38.0 16.33152
-52.5 42.0 22.820004
-52.5 46.0 19.373293
-52.5 50.0 13.284175
-52.5 54.0 12.81521
-52.5 58.0 14.324095
-52.5 62.0 13.336766
-52.5 66.0 13.584794
-52.5 70.0 16.294113
-52.5 74.0 14.327802
-52.5 78.0 14.505128
-52.5 82.0 14.890324
-52.5 86.0 34.520016
-52.5 89.0 4.7519383
-47.5 -89.0 40.70215
-47.5 -86.0 235.13922
-47.5 -82.0 57.170372
-47.5 -78.0 35.01071
-47.5 -74.0 38.86518
-47.5 -70.0 54.84347
-47.5 -66.0 23.496828
-47.5 -62.0 58.838573
-47.5 -58.0 62.374035
-47.5 -54.0 21.80918
-47.5 -50.0 20.013052
-47.5 -46.0 11.459058
-47.5 -42.0 30.352604
-47.5 -38.0 57.84008
-47.5 -34.0 67.701584
-47.5 -30.0 52.732418
-47.5 -26.0 49.789486
-47.5 -22.0 61.30359
-47.5 -18.0 28.661737
-47.5 -14.0 14.594395
-47.5 -10.0 61.4876
-47.5 -6.0 50.41095
-47.5 -2.0 61.999447
-47.5 2.0 51.599857
-47.5 6.0 28.75971
-47.5 10.0 20.683928
-47.5 14.0 13.514395
-47.5 18.0 15.480166
-47.5 22.0 18.699333
-47.5 26.0 18.527308
-47.5 30.0 16.3009
-47.5 34.0 14.95789
-47.5 38.0 12.603112
-47.5 42.0 12.133362
-47.5 46.0 12.00336
-47.5 50.0 13.924764
-47.5 54.0 14.160591
-47.5 58.0 15.873345
-47.5 62.0 13.838151
-47.5 66.0 15.284987
-47.5 70.0 15.668138
-47.5 74.0 15.132745
-47.5 78.0 12.863431
-47.5 82.0 11.966581
-47.5 86.0 33.761173
-47.5 89.0 4.7519383
-42.5 -89.0 40.70215
-42.5 -86.0 158.39551
-42.5 -82.0 67.24849
-42.5 -78.0 37.684486
-42.5 -74.0 29.34091
-42.5 -70.0 57.28666
-42.5 -66.0 43.47013
-42.5 -62.0 50.65711
-42.5 -58.0 65.255264
-42.5 -54.0 15.328978
-42.5 -50.0 21.235672
-42.5 -46.0 8.472873
-42.5 -42.0 15.831684
-42.5 -38.0 28.67223
-42.5 -34.0 69.25296
-42.5 -30.0 51.15785
-42.5 -26.0 60.63758
-42.5 -22.0 64.36419
-42.5 -18.0 46.655285
-42.5 -14.0 14.922991
-42.5 -10.0 51.60458
-42.5 -6.0 97.10113
-42.5 -2.0 68.21119
-42.5 2.0 47.379887
-42.5 6.0 28.180801
-42.5 10.0 16.200203
-42.5 14.0 12.158325
-42.5 18.0 12.578291
-42.5 22.0 15.805813
-42.5 26.0 14.917069
-42.5 30.0 14.57025
-42.5 34.0 14.452875
-42.5 38.0 13.581713
-42.5 42.0 12.037072
-42.5 46.0 11.803212
-42.5 50.0 13.1986475
-42.5 54.0 15.05518
-42.5 58.0 14.524499
-42.5 62.0 15.303603
-42.5 66.0 15.701916
-42.5 70.0 15.572076
-42.5 74.0 15.0377865
-42.5 78.0 13.160897
-42.5 82.0 14.963207
-42.5 86.0 27.12735
-42.5 89.0 4.7519383
-37.5 -89.0 40.70215
-37.5 -86.0 265.56357
-37.5 -82.0 55.84613
-37.5 -78.0 35.00856
-37.5 -74.0 39.630913
-37.5 -70.0 66.642746
-37.5 -66.0 73.318054
-37.5 -62.0 66.35853
-37.5 -58.0 45.643982
-37.5 -54.0 17.099298
-37.5 -50.0 16.130877
-37.5 -46.0 10.695732
-37.5 -42.0 20.05161
-37.5 -38.0 22.068743
-37.5 -34.0 36.012806
-37.5 -30.0 34.575153
-37.5 -26.0 57.50408
-37.5 -22.0 61.982574
-37.5 -18.0 54.690216
-37.5 -14.0 38.077095
-37.5 -10.0 18.708513
-37.5 -6.0 43.89459
-37.5 -2.0 63.44146
-37.5 2.0 37.884342
-37.5 6.0 29.254108
-37.5 10.0 16.789537
-37.5 14.0 13.610611
-37.5 18.0 12.544255
-37.5 22.0 14.891142
-37.5 26.0 15.348386
-37.5 30.0 15.415162
-37.5 34.0 12.835518
-37.5 38.0 12.154129
-37.5 42.0 10.949215
-37.5 46.0 12.240713
-37.5 50.0 13.332323
-37.5 54.0 11.727509
-37.5 58.0 12.700989
-37.5 62.0 14.591469
-37.5 66.0 14.375872
-37.5 70.0 15.035544
-37.5 74.0 15.256778
-37.5 78.0 14.208892
-37.5 82.0 16.731842
-37.5 86.0 24.592846
-37.5 89.0 4.7519383
-32.5 -89.0 40.70215
-32.5 -86.0 242.17358
-32.5 -82.0 51.117313
-32.5 -78.0 33.592926
-32.5 -74.0 48.204643
-32.5 -70.0 43.85673
-32.5 -66.0 36.38554
-32.5 -62.0 31.377579
-32.5 -58.0 68.24404
-32.5 -54.0 55.29809
-32.5 -50.0 25.035116
-32.5 -46.0 26.377802
-32.5 -42.0 27.82593
-32.5 -38.0 25.366352
-32.5 -34.0 41.584965
-32.5 -30.0 40.208458
-32.5 -26.0 17.053873
-32.5 -22.0 42.789684
-32.5 -18.0 23.147009
-32.5 -14.0 35.373123
-32.5 -10.0 28.591572
-32.5 -6.0 51.4447
-32.5 -2.0 38.25749
-32.5 2.0 34.466988
-32.5 6.0 32.499443
-32.5 10.0 22.599127
-32.5 14.0 18.294382
-32.5 18.0 13.12891
-32.5 22.0 13.781041
-32.5 26.0 14.181376
-32.5 30.0 12.917616
-32.5 34.0 11.198399
-32.5 38.0 11.370894
-32.5 42.0 10.529297
-32.5 46.0 12.019582
-32.5 50.0 12.360112
-32.5 54.0 11.644325
-32.5 58.0 12.437987
-32.5 62.0 12.967526
-32.5 66.0 13.600508
-32.5 70.0 14.244515
-32.5 74.0 15.7343235
-32.5 78.0 14.230824
-32.5 82.0 17.258736
-32.5 86.0 21.845953
-32.5 89.0 4.7519383
-27.5 -89.0 40.70215
-27.5 -86.0 315.40396
-27.5 -82.0 55.24097
-27.5 -78.0 30.656425
-27.5 -74.0 63.078102
-27.5 -70.0 39.2534
-27.5 -66.0 45.1002
-27.5 -62.0 47.3955
-27.5 -58.0 45.668995
-27.5 -54.0 64.748726
-27.5 -50.0 39.44385
-27.5 -46.0 36.307983
-27.5 -42.0 29.40695
-27.5 -38.0 24.56563
-27.5 -34.0 26.10275
-27.5 -30.0 32.007328
-27.5 -26.0 32.604122
-27.5 -22.0 23.388186
-27.5 -18.0 18.271593
-27.5 -14.0 39.51076
-27.5 -10.0 61.033558
-27.5 -6.0 41.87749
-27.5 -2.0 47.037045
-27.5 2.0 48.05927
-27.5 6.0 51.56973
-27.5 10.0 30.422888
-27.5 14.0 21.498217
-27.5 18.0 16.305027
-27.5 22.0 13.859392
-27.5 26.0 12.342629
-27.5 30.0 10.989206
-27.5 34.0 10.115255
-27.5 38.0 10.530695
-27.5 42.0 10.593527
-27.5 46.0 11.795015
-27.5 50.0 13.423142
-27.5 54.0 12.855931
-27.5 58.0 13.060352
-27.5 62.0 13.112127
-27.5 66.0 13.007322
-27.5 70.0 14.288923
-27.5 74.0 14.865024
-27.5 78.0 15.259827
-27.5 82.0 20.974764
-27.5 86.0 19.319704
-27.5 89.0 4.7519383
-22.5 -89.0 40.70215
-22.5 -86.0 232.75061
-22.5 -82.0 51.759132
-22.5 -78.0 36.892708
-22.5 -74.0 43.188503
-22.5 -70.0 92.4963
-22.5 -66.0 78.4356
-22.5 -62.0 49.424374
-22.5 -58.0 57.640186
-22.5 -54.0 34.390324
-22.5 -50.0 46.305115
-22.5 -46.0 47.743824
-22.5 -42.0 31.685318
-22.5 -38.0 32.812977
-22.5 -34.0 26.96702
-22.5 -30.0 31.785088
-22.5 -26.0 32.027817
-22.5 -22.0 29.493458
-22.5 -18.0 32.087578
-22.5 -14.0 39.726448
-22.5 -10.0 55.36215
-22.5 -6.0 92.204895
-22.5 -2.0 62.348625
-22.5 2.0 62.173836
-22.5 6.0 58.839645
-22.5 10.0 41.849274
-22.5 14.0 29.937126
-22.5 18.0 19.588951
-22.5 22.0 14.563727
-22.5 26.0 12.588151
-22.5 30.0 9.839398
-22.5 34.0 10.654742
-22.5 38.0 9.3785305
-22.5 42.0 11.074102
-22.5 46.0 11.318822
-22.5 50.0 12.906969
-22.5 54.0 12.0951805
-22.5 58.0 13.019766
-22.5 62.0 11.997369
-22.5 66.0 13.661557
-22.5 70.0 14.432936
-22.5 74.0 14.963696
-22.5 78.0 14.41882
-22.5 82.0 23.84629
-22.5 86.0 18.218508
-22.5 89.0 4.7519383
-17.5 -89.0 40.70215
-17.5 -86.0 248.86282
-17.5 -82.0 50.8122
-17.5 -78.0 39.437885
-17.5 -74.0 50.164276
-17.5 -70.0 43.659943
-17.5 -66.0 79.06904
-17.5 -62.0 92.06302
-17.5 -58.0 51.6291
-17.5 -54.0 40.77927
-17.5 -50.0 27.053728
-17.5 -46.0 45.08029
-17.5 -42.0 25.234417
-17.5 -38.0 35.496967
-17.5 -34.0 40.360065
-17.5 -30.0 34.726307
-17.5 -26.0 36.648094
-17.5 -22.0 43.832024
-17.5 -18.0 39.305004
-17.5 -14.0 47.196716
-17.5 -10.0 70.83681
-17.5 -6.0 72.83648
-17.5 -2.0 63.51158
-17.5 2.0 61.66206
-17.5 6.0 60.708157
-17.5 10.0 44.175762
-17.5 14.0 34.980106
-17.5 18.0 28.921646
-17.5 22.0 25.498583
-17.5 26.0 17.259338
-17.5 30.0 11.06949
-17.5 34.0 9.768274
-17.5 38.0 10.137962
-17.5 42.0 10.45595
-17.5 46.0 11.957706
-17.5 50.0 12.227518
-17.5 54.0 12.082056
-17.5 58.0 12.612856
-17.5 62.0 12.159024
-17.5 66.0 14.221188
-17.5 70.0 13.145889
-17.5 74.0 15.468943
-17.5 78.0 14.60901
-17.5 82.0 23.894037
-17.5 86.0 18.35137
-17.5 89.0 4.7519383
-12.5 -89.0 40.70215
-12.5 -86.0 273.93683
-12.5 -82.0 59.844223
-12.5 -78.0 48.827896
-12.5 -74.0 46.463005
-12.5 -70.0 33.741547
-12.5 -66.0 37.838192
-12.5 -62.0 38.85591
-12.5 -58.0 70.541336
-12.5 -54.0 41.85166
-12.5 -50.0 51.589596
-12.5 -46.0 52.299225
-12.5 -42.0 46.355503
-12.5 -38.0 38.665474
-12.5 -34.0 45.388374
-12.5 -30.0 45.3009
-12.5 -26.0 50.60299
-12.5 -22.0 37.756058
-12.5 -18.0 40.272507
-12.5 -14.0 59.27349
-12.5 -10.0 82.19577
-12.5 -6.0 85.66196
-12.5 -2.0 71.63951
-12.5 2.0 70.28727
-12.5 6.0 69.88418
-12.5 10.0 43.7301
-12.5 14.0 31.127586
-12.5 18.0 24.181555
-12.5 22.0 32.706482
-12.5 26.0 21.114376
-12.5 30.0 13.315635
-12.5 34.0 11.382369
-12.5 38.0 10.697623
-12.5 42.0 10.328241
-12.5 46.0 12.148817
-12.5 50.0 12.178005
-12.5 54.0 12.378385
-12.5 58.0 12.782233
-12.5 62.0 12.820309
-12.5 66.0 14.071497
-12.5 70.0 13.858846
-12.5 74.0 14.260236
-12.5 78.0 14.243166
-12.5 82.0 26.605465
-12.5 86.0 23.445253
-12.5 89.0 4.7519383
-7.5 -89.0 40.70215
-7.5 -86.0 250.3767
-7.5 -82.0 59.58325
-7.5 -78.0 38.461014
-7.5 -74.0 31.263964
-7.5 -70.0 55.691414
-7.5 -66.0 36.39211
-7.5 -62.0 56.19005
-7.5 -58.0 38.961376
-7.5 -54.0 38.173996
-7.5 -50.0 49.102913
-7.5 -46.0 64.700645
-7.5 -42.0 40.376904
-7.5 -38.0 42.653225
-7.5 -34.0 56.604843
-7.5 -30.0 72.07334
-7.5 -26.0 69.95286
-7.5 -22.0 62.300056
-7.5 -18.0 47.436447
-7.5 -14.0 64.25704
-7.5 -10.0 80.94104
-7.5 -6.0 107.67052
-7.5 -2.0 87.834435
-7.5 2.0 84.00549
-7.5 6.0 85.99498
-7.5 10.0 44.643017
-7.5 14.0 30.689068
-7.5 18.0 30.701439
-7.5 22.0 26.943768
-7.5 26.0 23.927708
-7.5 30.0 19.28422
-7.5 34.0 15.270327
-7.5 38.0 10.814201
-7.5 42.0 10.674468
-7.5 46.0 12.436441
-7.5 50.0 12.90976
-7.5 54.0 12.789466
-7.5 58.0 12.8993025
-7.5 62.0 13.38821
-7.5 66.0 12.335303
-7.5 70.0 13.960939
-7.5 74.0 13.781938
-7.5 78.0 14.351461
-7.5 82.0 26.012291
-7.5 86.0 18.65249
-7.5 89.0 4.7519383
-2.5 -89.0 40.70215
-2.5 -86.0 297.82065
-2.5 -82.0 55.703377
-2.5 -78.0 48.90656
-2.5 -74.0 39.2482
-2.5 -70.0 54.00966
-2.5 -66.0 36.396484
-2.5 -62.0 42.21358
-2.5 -58.0 76.101006
-2.5 -54.0 55.46654
-2.5 -50.0 38.714157
-2.5 -46.0 40.19653
-2.5 -42.0 36.24762
-2.5 -38.0 37.58672
-2.5 -34.0 50.581577
-2.5 -30.0 85.07982
-2.5 -26.0 82.52875
-2.5 -22.0 75.6298
-2.5 -18.0 62.03612
-2.5 -14.0 68.283295
-2.5 -10.0 94.568344
-2.5 -6.0 123.06787
-2.5 -2.0 118.85488
-2.5 2.0 119.82213
-2.5 6.0 99.18536
-2.5 10.0 52.25228
-2.5 14.0 30.335196
-2.5 18.0 26.078365
-2.5 22.0 29.224253
-2.5 26.0 24.838858
-2.5 30.0 19.974821
-2.5 34.0 16.039143
-2.5 38.0 11.71669
-2.5 42.0 11.285396
-2.5 46.0 11.034825
-2.5 50.0 13.6574135
-2.5 54.0 14.270749
-2.5 58.0 14.368723
-2.5 62.0 11.949019
-2.5 66.0 13.553506
-2.5 70.0 13.489373
-2.5 74.0 12.431021
-2.5 78.0 13.059769
-2.5 82.0 28.321165
-2.5 86.0 17.914087
-2.5 89.0 4.7519383
2.5 -89.0 40.70215
2.5 -86.0 289.54517
2.5 -82.0 59.001003
2.5 -78.0 44.08909
2.5 -74.0 56.337597
2.5 -70.0 36.714714
2.5 -66.0 40.32661
2.5 -62.0 48.56264
2.5 -58.0 40.565346
2.5 -54.0 56.904327
2.5 -50.0 46.17551
2.5 -46.0 46.68349
2.5 -42.0 43.35232
2.5 -38.0 30.278885
2.5 -34.0 54.752525
2.5 -30.0 73.29863
2.5 -26.0 86.80923
2.5 -22.0 92.8719
2.5 -18.0 75.32453
2.5 -14.0 73.44256
2.5 -10.0 103.75514
2.5 -6.0 132.00443
2.5 -2.0 134.185
2.5 2.0 126.84466
2.5 6.0 108.32316
2.5 10.0 56.94963
2.5 14.0 29.627504
2.5 18.0 27.22398
2.5 22.0 29.76462
2.5 26.0 23.167356
2.5 30.0 18.180206
2.5 34.0 21.020687
2.5 38.0 18.420925
2.5 42.0 10.316643
2.5 46.0 10.708262
2.5 50.0 12.519983
2.5 54.0 13.697992
2.5 58.0 13.524305
2.5 62.0 13.056425
2.5 66.0 12.845668
2.5 70.0 12.870912
2.5 74.0 13.252069
2.5 78.0 13.170318
2.5 82.0 27.106503
2.5 86.0 14.664259
2.5 89.0 4.7519383
7.5 -89.0 40.70215
7.5 -86.0 332.53027
7.5 -82.0 50.415924
7.5 -78.0 55.059032
7.5 -74.0 64.45097
7.5 -70.0 42.323746
7.5 -66.0 38.434116
7.5 -62.0 39.463852
7.5 -58.0 57.654766
7.5 -54.0 54.653336
7.5 -50.0 42.795986
7.5 -46.0 47.86993
7.5 -42.0 51.2235
7.5 -38.0 48.94439
7.5 -34.0 56.86274
7.5 -30.0 62.624878
7.5 -26.0 91.993126
7.5 -22.0 71.20825
7.5 -18.0 75.05252
7.5 -14.0 102.43459
7.5 -10.0 133.63704
7.5 -6.0 155.09125
7.5 -2.0 144.82556
7.5 2.0 133.52766
7.5 6.0 127.04945
7.5 10.0 65.14035
7.5 14.0 39.44512
7.5 18.0 35.15995
7.5 22.0 29.908579
7.5 26.0 22.150497
7.5 30.0 20.831396
7.5 34.0 19.516953
7.5 38.0 17.737808
7.5 42.0 11.491492
7.5 46.0 11.986449
7.5 50.0 11.3706455
7.5 54.0 13.794132
7.5 58.0 12.929591
7.5 62.0 13.716886
7.5 66.0 13.900306
7.5 70.0 13.466536
7.5 74.0 13.070355
7.5 78.0 12.899136
7.5 82.0 28.976479
7.5 86.0 29.488401
7.5 89.0 4.7519383
12.5 -89.0 40.70215
12.5 -86.0 384.15985
12.5 -82.0 110.18712
12.5 -78.0 161.39798
12.5 -74.0 45.56721
12.5 -70.0 35.183407
12.5 -66.0 32.190514
12.5 -62.0 40.56274
12.5 -58.0 71.838425
12.5 -54.0 38.298122
12.5 -50.0 96.51615
12.5 -46.0 89.18864
12.5 -42.0 55.771057
12.5 -38.0 51.405594
12.5 -34.0 56.31436
12.5 -30.0 71.45089
12.5 -26.0 81.21059
12.5 -22.0 90.9744
12.5 -18.0 91.77552
12.5 -14.0 109.630775
12.5 -10.0 159.2172
12.5 -6.0 143.02908
12.5 -2.0 181.1592
12.5 2.0 168.6658
12.5 6.0 123.88241
12.5 10.0 73.74304
12.5 14.0 40.915756
12.5 18.0 31.336567
12.5 22.0 28.723213
12.5 26.0 21.004045
12.5 30.0 23.100094
12.5 34.0 23.671753
12.5 38.0 19.768639
12.5 42.0 18.299412
12.5 46.0 13.990749
12.5 50.0 11.593484
12.5 54.0 13.575451
12.5 58.0 14.785286
12.5 62.0 14.176641
12.5 66.0 14.159363
12.5 70.0 13.284756
12.5 74.0 12.878157
12.5 78.0 12.87721
12.5 82.0 26.134945
12.5 86.0 21.717009
12.5 89.0 4.7519383
17.5 -89.0 40.70215
17.5 -86.0 287.74362
17.5 -82.0 170.08723
17.5 -78.0 110.40402
17.5 -74.0 40.37946
17.5 -70.0 30.667744
17.5 -66.0 35.729992
17.5 -62.0 37.079395
17.5 -58.0 51.785583
17.5 -54.0 57.127213
17.5 -50.0 68.674194
17.5 -46.0 41.14307
17.5 -42.0 44.632923
17.5 -38.0 44.44539
17.5 -34.0 63.72768
17.5 -30.0 79.58463
17.5 -26.0 101.84317
17.5 -22.0 87.044876
17.5 -18.0 98.49765
17.5 -14.0 103.44879
17.5 -10.0 221.704
17.5 -6.0 193.97073
17.5 -2.0 166.25983
17.5 2.0 199.52591
17.5 6.0 144.97937
17.5 10.0 78.70258
17.5 14.0 35.615078
17.5 18.0 29.696686
17.5 22.0 31.198044
17.5 26.0 29.912071
17.5 30.0 28.365988
17.5 34.0 22.747316
17.5 38.0 19.61195
17.5 42.0 16.243462
17.5 46.0 13.207435
17.5 50.0 13.212318
17.5 54.0 14.2494955
17.5 58.0 12.579053
17.5 62.0 13.766918
17.5 66.0 15.29017
17.5 70.0 13.403056
17.5 74.0 13.325459
17.5 78.0 13.19393
17.5 82.0 28.61233
17.5 86.0 22.087185
17.5 89.0 4.7519383
22.5 -89.0 40.70215
22.5 -86.0 307.12845
22.5 -82.0 107.84713
22.5 -78.0 22.641949
22.5 -74.0 40.74538
22.5 -70.0 27.536087
22.5 -66.0 50.203518
22.5 -62.0 34.468464
22.5 -58.0 66.20628
22.5 -54.0 46.622902
22.5 -50.0 77.74853
22.5 -46.0 97.38571
22.5 -42.0 83.054955
22.5 -38.0 88.73796
22.5 -34.0 117.61129
22.5 -30.0 70.46526
22.5 -26.0 66.73138
22.5 -22.0 85.06522
22.5 -18.0 82.8858
22.5 -14.0 104.8477
22.5 -10.0 133.68515
22.5 -6.0 296.3381
22.5 -2.0 255.83557
22.5 2.0 192.90485
22.5 6.0 155.49626
22.5 10.0 83.47342
22.5 14.0 50.562717
22.5 18.0 30.16643
22.5 22.0 37.84791
22.5 26.0 31.62721
22.5 30.0 25.850584
22.5 34.0 27.533546
22.5 38.0 16.183851
22.5 42.0 11.595752
22.5 46.0 15.744857
22.5 50.0 13.798849
22.5 54.0 14.076878
22.5 58.0 13.370496
22.5 62.0 12.030879
22.5 66.0 15.5520735
22.5 70.0 14.249375
22.5 74.0 12.751213
22.5 78.0 13.572917
22.5 82.0 24.733255
22.5 86.0 23.339594
22.5 89.0 4.7519383
27.5 -89.0 40.70215
27.5 -86.0 290.36545
27.5 -82.0 124.62369
27.5 -78.0 51.31357
27.5 -74.0 35.064674
27.5 -70.0 24.979925
27.5 -66.0 72.137596
27.5 -62.0 35.911934
27.5 -58.0 60.956413
27.5 -54.0 107.25048
27.5 -50.0 38.06338
27.5 -46.0 26.596773
27.5 -42.0 68.79406
27.5 -38.0 72.71268
27.5 -34.0 115.73544
27.5 -30.0 90.7651
27.5 -26.0 67.2257
27.5 -22.0 80.71103
27.5 -18.0 94.397415
27.5 -14.0 104.55033
27.5 -10.0 125.91394
27.5 -6.0 199.46873
27.5 -2.0 251.77528
27.5 2.0 181.83717
27.5 6.0 138.91856
27.5 10.0 103.90761
27.5 14.0 59.285667
27.5 18.0 38.436302
27.5 22.0 38.12643
27.5 26.0 32.84316
27.5 30.0 24.342356
27.5 34.0 25.037592
27.5 38.0 23.337929
27.5 42.0 16.507896
27.5 46.0 16.78292
27.5 50.0 8.999431
27.5 54.0 18.16304
27.5 58.0 16.078691
27.5 62.0 12.932627
27.5 66.0 14.59073
27.5 70.0 13.761944
27.5 74.0 14.377924
27.5 78.0 12.076332
27.5 82.0 24.023039
27.5 86.0 21.904316
27.5 89.0 4.7519383
32.5 -89.0 40.70215
32.5 -86.0 257.43692
32.5 -82.0 75.38386
32.5 -78.0 38.01058
32.5 -74.0 34.23802
32.5 -70.0 73.20758
32.5 -66.0 39.910973
32.5 -62.0 56.12752
32.5 -58.0 47.117832
32.5 -54.0 58.700844
32.5 -50.0 56.163006
32.5 -46.0 35.379295
32.5 -42.0 26.727396
32.5 -38.0 37.23375
32.5 -34.0 89.95462
32.5 -30.0 61.913513
32.5 -26.0 65.83955
32.5 -22.0 98.44086
32.5 -18.0 88.43579
32.5 -14.0 84.68434
32.5 -10.0 118.24355
32.5 -6.0 144.84811
32.5 -2.0 194.09753
32.5 2.0 180.33485
32.5 6.0 129.93297
32.5 10.0 84.05527
32.5 14.0 47.73738
32.5 18.0 38.172794
32.5 22.0 35.39307
32.5 26.0 31.613798
32.5 30.0 42.09856
32.5 34.0 36.541134
32.5 38.0 22.033413
32.5 42.0 18.195824
32.5 46.0 12.502999
32.5 50.0 19.151222
32.5 54.0 19.153536
32.5 58.0 16.500502
32.5 62.0 14.077417
32.5 66.0 15.260365
32.5 70.0 13.694913
32.5 74.0 13.671028
32.5 78.0 11.2576885
32.5 82.0 24.842964
32.5 86.0 22.238733
32.5 89.0 4.7519383
37.5 -89.0 40.70215
37.5 -86.0 239.53026
37.5 -82.0 64.13803
37.5 -78.0 33.4956
37.5 -74.0 38.24336
37.5 -70.0 40.290592
37.5 -66.0 18.701885
37.5 -62.0 71.43599
37.5 -58.0 61.890594
37.5 -54.0 57.090546
37.5 -50.0 52.666485
37.5 -46.0 31.072474
37.5 -42.0 24.241766
37.5 -38.0 27.933111
37.5 -34.0 47.423725
37.5 -30.0 66.087944
37.5 -26.0 96.77034
37.5 -22.0 103.76973
37.5 -18.0 74.18238
37.5 -14.0 81.51031
37.5 -10.0 58.57324
37.5 -6.0 106.185196
37.5 -2.0 147.16373
37.5 2.0 152.60445
37.5 6.0 145.35413
37.5 10.0 107.57621
37.5 14.0 44.46922
37.5 18.0 60.202835
37.5 22.0 44.610058
37.5 26.0 31.254435
37.5 30.0 39.050198
37.5 34.0 34.7493
37.5 38.0 33.59816
37.5 42.0 23.55651
37.5 46.0 21.16182
37.5 50.0 17.812635
37.5 54.0 16.64091
37.5 58.0 15.204701
37.5 62.0 13.083478
37.5 66.0 15.572654
37.5 70.0 13.708486
37.5 74.0 12.955532
37.5 78.0 11.7352085
37.5 82.0 21.402212
37.5 86.0 23.242447
37.5 89.0 4.7519383
42.5 -89.0 40.70215
42.5 -86.0 254.85818
42.5 -82.0 93.117325
42.5 -78.0 42.19402
42.5 -74.0 101.95001
42.5 -70.0 50.945644
42.5 -66.0 50.4508
42.5 -62.0 67.914
42.5 -58.0 62.08564
42.5 -54.0 61.06133
42.5 -50.0 51.52889
42.5 -46.0 51.109608
42.5 -42.0 21.183273
42.5 -38.0 28.596758
42.5 -34.0 77.87733
42.5 -30.0 66.38598
42.5 -26.0 72.04614
42.5 -22.0 61.59285
42.5 -18.0 70.016624
42.5 -14.0 76.01542
42.5 -10.0 63.285286
42.5 -6.0 79.42667
42.5 -2.0 105.66965
42.5 2.0 150.98915
42.5 6.0 171.4179
42.5 10.0 115.67612
42.5 14.0 65.58273
42.5 18.0 63.33214
42.5 22.0 65.15901
42.5 26.0 33.20525
42.5 30.0 43.630062
42.5 34.0 48.111214
42.5 38.0 48.724277
42.5 42.0 17.851694
42.5 46.0 17.673462
42.5 50.0 19.958244
42.5 54.0 18.16913
42.5 58.0 14.669596
42.5 62.0 13.804349
42.5 66.0 15.159816
42.5 70.0 14.276666
42.5 74.0 13.558961
42.5 78.0 11.445746
42.5 82.0 20.025152
42.5 86.0 23.505064
42.5 89.0 4.7519383
47.5 -89.0 40.70215
47.5 -86.0 217.20845
47.5 -82.0 66.69713
47.5 -78.0 31.68726
47.5 -74.0 57.786755
47.5 -70.0 50.88029
47.5 -66.0 53.05734
47.5 -62.0 36.39992
47.5 -58.0 89.8359
47.5 -54.0 68.47901
47.5 -50.0 30.812103
47.5 -46.0 20.683296
47.5 -42.0 6.3622637
47.5 -38.0 3.569388
47.5 -34.0 58.873604
47.5 -30.0 96.24841
47.5 -26.0 82.13837
47.5 -22.0 67.236786
47.5 -18.0 72.14446
47.5 -14.0 78.89256
47.5 -10.0 55.31395
47.5 -6.0 86.839966
47.5 -2.0 128.57355
47.5 2.0 169.3978
47.5 6.0 189.3675
47.5 10.0 113.20155
47.5 14.0 84.2135
47.5 18.0 59.427017
47.5 22.0 63.8459
47.5 26.0 32.570915
47.5 30.0 22.399052
47.5 34.0 45.121105
47.5 38.0 64.67114
47.5 42.0 24.089815
47.5 46.0 19.486
47.5 50.0 18.002682
47.5 54.0 18.527575
47.5 58.0 14.656311
47.5 62.0 15.125084
47.5 66.0 14.451742
47.5 70.0 14.421372
47.5 74.0 12.813317
47.5 78.0 11.842828
47.5 82.0 16.489944
47.5 86.0 23.13152
47.5 89.0 4.7519383
52.5 -89.0 40.70215
52.5 -86.0 266.39966
52.5 -82.0 48.63494
52.5 -78.0 40.22481
52.5 -74.0 74.7215
52.5 -70.0 62.966812
52.5 -66.0 27.114725
52.5 -62.0 34.272068
52.5 -58.0 139.92773
52.5 -54.0 62.26114
52.5 -50.0 22.193436
52.5 -46.0 5.1375265
52.5 -42.0 2.2966821
52.5 -38.0 2.1824117
52.5 -34.0 7.9071603
52.5 -30.0 77.0592
52.5 -26.0 82.21376
52.5 -22.0 70.90859
52.5 -18.0 58.662632
52.5 -14.0 54.383194
52.5 -10.0 60.077934
52.5 -6.0 87.002205
52.5 -2.0 141.75403
52.5 2.0 138.0164
52.5 6.0 170.9919
52.5 10.0 174.39732
52.5 14.0 94.71479
52.5 18.0 64.24694
52.5 22.0 56.38018
52.5 26.0 49.52023
52.5 30.0 32.974613
52.5 34.0 59.383682
52.5 38.0 61.876987
52.5 42.0 18.314146
52.5 46.0 25.118328
52.5 50.0 18.440351
52.5 54.0 15.621806
52.5 58.0 13.475984
52.5 62.0 15.172728
52.5 66.0 15.012249
52.5 70.0 15.350348
52.5 74.0 13.893397
52.5 78.0 11.461044
52.5 82.0 16.519678
52.5 86.0 22.815731
52.5 89.0 4.7519383
57.5 -89.0 40.70215
57.5 -86.0 281.45578
57.5 -82.0 54.3508
57.5 -78.0 40.07245
57.5 -74.0 80.35498
57.5 -70.0 44.177174
57.5 -66.0 33.433838
57.5 -62.0 51.358177
57.5 -58.0 111.93986
57.5 -54.0 35.583755
57.5 -50.0 11.6001625
57.5 -46.0 3.323531
57.5 -42.0 5.0942497
57.5 -38.0 10.76539
57.5 -34.0 7.105383
57.5 -30.0 24.60075
57.5 -26.0 43.723423
57.5 -22.0 53.61294
57.5 -18.0 66.33812
57.5 -14.0 31.383348
57.5 -10.0 42.2448
57.5 -6.0 74.42438
57.5 -2.0 104.47404
57.5 2.0 130.0881
57.5 6.0 148.65195
57.5 10.0 147.84433
57.5 14.0 82.7747
57.5 18.0 65.60498
57.5 22.0 71.17424
57.5 26.0 65.36048
57.5 30.0 52.67752
57.5 34.0 37.83554
57.5 38.0 18.442448
57.5 42.0 18.9037
57.5 46.0 21.301678
57.5 50.0 17.998922
57.5 54.0 15.305312
57.5 58.0 14.667868
57.5 62.0 15.178852
57.5 66.0 15.287797
57.5 70.0 15.592703
57.5 74.0 15.361089
57.5 78.0 12.589943
57.5 82.0 17.245712
57.5 86.0 22.443697
57.5 89.0 4.7519383
62.5 -89.0 40.70215
62.5 -86.0 285.3757
62.5 -82.0 61.612858
62.5 -78.0 49.78938
62.5 -74.0 91.617744
62.5 -70.0 36.339046
62.5 -66.0 43.938087
62.5 -62.0 30.212431
62.5 -58.0 76.23098
62.5 -54.0 12.303831
62.5 -50.0 5.0863924
62.5 -46.0 9.554088
62.5 -42.0 13.933846
62.5 -38.0 14.251443
62.5 -34.0 9.450548
62.5 -30.0 11.64254
62.5 -26.0 29.624002
62.5 -22.0 33.722984
62.5 -18.0 42.20044
62.5 -14.0 30.232092
62.5 -10.0 38.766045
62.5 -6.0 101.11947
62.5 -2.0 131.03047
62.5 2.0 133.54855
62.5 6.0 160.23482
62.5 10.0 156.54709
62.5 14.0 106.02969
62.5 18.0 66.46451
62.5 22.0 52.61717
62.5 26.0 64.5198
62.5 30.0 50.829235
62.5 34.0 22.545095
62.5 38.0 25.23261
62.5 42.0 20.33824
62.5 46.0 21.971064
62.5 50.0 19.56788
62.5 54.0 19.41105
62.5 58.0 17.904627
62.5 62.0 16.426464
62.5 66.0 14.324279
62.5 70.0 15.554491
62.5 74.0 14.462385
62.5 78.0 12.281212
62.5 82.0 17.70729
62.5 86.0 22.034107
62.5 89.0 4.7519383
67.5 -89.0 40.70215
67.5 -86.0 237.52037
67.5 -82.0 69.1589
67.5 -78.0 37.2515
67.5 -74.0 106.55578
67.5 -70.0 33.130215
67.5 -66.0 34.11009
67.5 -62.0 36.365814
67.5 -58.0 23.54736
67.5 -54.0 4.672128
67.5 -50.0 5.0226083
67.5 -46.0 20.040314
67.5 -42.0 17.318579
67.5 -38.0 10.465707
67.5 -34.0 10.975577
67.5 -30.0 11.137654
67.5 -26.0 45.210056
67.5 -22.0 25.847185
67.5 -18.0 34.231308
67.5 -14.0 31.526546
67.5 -10.0 48.841198
67.5 -6.0 118.144775
67.5 -2.0 136.35852
67.5 2.0 131.6708
67.5 6.0 140.85431
67.5 10.0 158.59398
67.5 14.0 95.7097
67.5 18.0 62.132008
67.5 22.0 52.3737
67.5 26.0 70.717285
67.5 30.0 67.46899
67.5 34.0 32.150124
67.5 38.0 25.086195
67.5 42.0 20.903618
67.5 46.0 19.169216
67.5 50.0 19.008003
67.5 54.0 18.990294
67.5 58.0 20.244148
67.5 62.0 18.707796
67.5 66.0 16.747053
67.5 70.0 16.384947
67.5 74.0 15.295553
67.5 78.0 11.888362
67.5 82.0 17.462292
67.5 86.0 22.726418
67.5 89.0 4.7519383
72.5 -89.0 40.70215
72.5 -86.0 235.09474
72.5 -82.0 83.677536
72.5 -78.0 24.935438
72.5 -74.0 64.73784
72.5 -70.0 56.590668
72.5 -66.0 25.472101
72.5 -62.0 34.814545
72.5 -58.0 26.164095
72.5 -54.0 5.5878134
72.5 -50.0 5.9377675
72.5 -46.0 21.701843
72.5 -42.0 18.09056
72.5 -38.0 10.164081
72.5 -34.0 8.125354
72.5 -30.0 6.5531344
72.5 -26.0 19.161901
72.5 -22.0 19.100096
72.5 -18.0 28.649467
72.5 -14.0 19.593382
72.5 -10.0 50.846924
72.5 -6.0 113.58427
72.5 -2.0 144.00325
72.5 2.0 120.42491
72.5 6.0 116.79228
72.5 10.0 97.96459
72.5 14.0 51.894432
72.5 18.0 36.348442
72.5 22.0 65.72391
72.5 26.0 87.39324
72.5 30.0 40.259068
72.5 34.0 30.722998
72.5 38.0 22.565947
72.5 42.0 21.581707
72.5 46.0 17.274353
72.5 50.0 19.524363
72.5 54.0 19.181309
72.5 58.0 19.44862
72.5 62.0 18.470028
72.5 66.0 17.595015
72.5 70.0 15.7195015
72.5 74.0 16.160065
72.5 78.0 12.498555
72.5 82.0 16.88359
72.5 86.0 23.643183
72.5 89.0 4.7519383
77.5 -89.0 40.70215
77.5 -86.0 220.43187
77.5 -82.0 101.941956
77.5 -78.0 32.179077
77.5 -74.0 79.6987
77.5 -70.0 48.25065
77.5 -66.0 22.380398
77.5 -62.0 42.2738
77.5 -58.0 25.709906
77.5 -54.0 5.2469354
77.5 -50.0 8.141651
77.5 -46.0 23.677732
77.5 -42.0 16.71786
77.5 -38.0 10.394906
77.5 -34.0 9.510734
77.5 -30.0 23.496758
77.5 -26.0 18.721561
77.5 -22.0 21.19745
77.5 -18.0 14.963931
77.5 -14.0 23.015755
77.5 -10.0 56.008205
77.5 -6.0 100.403725
77.5 -2.0 126.05297
77.5 2.0 97.36315
77.5 6.0 73.6336
77.5 10.0 32.7009
77.5 14.0 15.4042225
77.5 18.0 18.19622
77.5 22.0 60.546795
77.5 26.0 76.92173
77.5 30.0 24.427763
77.5 34.0 21.99454
77.5 38.0 24.609222
77.5 42.0 20.404158
77.5 46.0 18.648275
77.5 50.0 18.845497
77.5 54.0 19.469385
77.5 58.0 16.35791
77.5 62.0 17.919378
77.5 66.0 19.25932
77.5 70.0 16.61723
77.5 74.0 15.658337
77.5 78.0 12.132501
77.5 82.0 18.755669
77.5 86.0 24.37572
77.5 89.0 4.7519383
82.5 -89.0 40.70215
82.5 -86.0 229.68579
82.5 -82.0 82.800575
82.5 -78.0 21.737097
82.5 -74.0 54.871643
82.5 -70.0 37.499954
82.5 -66.0 71.80779
82.5 -62.0 48.82532
82.5 -58.0 27.784002
82.5 -54.0 15.944744
82.5 -50.0 6.621691
82.5 -46.0 17.295658
82.5 -42.0 11.572013
82.5 -38.0 11.5271435
82.5 -34.0 22.98211
82.5 -30.0 34.984543
82.5 -26.0 36.506893
82.5 -22.0 22.09593
82.5 -18.0 24.488028
82.5 -14.0 58.24767
82.5 -10.0 89.02265
82.5 -6.0 120.11301
82.5 -2.0 143.67818
82.5 2.0 69.25123
82.5 6.0 29.380299
82.5 10.0 18.04625
82.5 14.0 11.343194
82.5 18.0 15.195042
82.5 22.0 34.12268
82.5 26.0 46.595528
82.5 30.0 23.099087
82.5 34.0 17.840551
82.5 38.0 17.340078
82.5 42.0 20.10411
82.5 46.0 16.421902
82.5 50.0 17.573412
82.5 54.0 15.39658
82.5 58.0 14.606931
82.5 62.0 16.819553
82.5 66.0 17.47377
82.5 70.0 15.73829
82.5 74.0 15.918325
82.5 78.0 12.125664
82.5 82.0 18.875341
82.5 86.0 23.49858
82.5 89.0 4.7519383
87.5 -89.0 40.70215
87.5 -86.0 366.64548
87.5 -82.0 63.14175
87.5 -78.0 25.507875
87.5 -74.0 36.106464
87.5 -70.0 35.715897
87.5 -66.0 40.485626
87.5 -62.0 50.93975
87.5 -58.0 25.542393
87.5 -54.0 14.949239
87.5 -50.0 6.8652005
87.5 -46.0 6.471445
87.5 -42.0 8.681917
87.5 -38.0 10.637754
87.5 -34.0 26.176449
87.5 -30.0 21.412067
87.5 -26.0 13.6316
87.5 -22.0 15.525843
87.5 -18.0 30.27192
87.5 -14.0 88.76272
87.5 -10.0 121.48075
87.5 -6.0 149.57632
87.5 -2.0 102.647514
87.5 2.0 51.905003
87.5 6.0 24.691263
87.5 10.0 19.603695
87.5 14.0 13.780083
87.5 18.0 16.549515
87.5 22.0 24.523449
87.5 26.0 29.313456
87.5 30.0 18.87734
87.5 34.0 17.757555
87.5 38.0 17.060423
87.5 42.0 16.449259
87.5 46.0 14.403264
87.5 50.0 13.862348
87.5 54.0 14.992052
87.5 58.0 14.303417
87.5 62.0 15.7549715
87.5 66.0 16.708736
87.5 70.0 17.114107
87.5 74.0 15.856327
87.5 78.0 13.088557
87.5 82.0 18.371397
87.5 86.0 24.748285
87.5 89.0 4.7519383
92.5 -89.0 40.70215
92.5 -86.0 239.87126
92.5 -82.0 32.603386
92.5 -78.0 24.019007
92.5 -74.0 41.105316
92.5 -70.0 55.1141
92.5 -66.0 73.02045
92.5 -62.0 71.62837
92.5 -58.0 43.355217
92.5 -54.0 13.587265
92.5 -50.0 18.527754
92.5 -46.0 3.499968
92.5 -42.0 3.32204
92.5 -38.0 4.032477
92.5 -34.0 5.6792793
92.5 -30.0 14.340162
92.5 -26.0 14.940666
92.5 -22.0 46.85163
92.5 -18.0 52.5649
92.5 -14.0 96.4531
92.5 -10.0 125.766106
92.5 -6.0 125.482956
92.5 -2.0 102.57551
92.5 2.0 77.371086
92.5 6.0 26.583532
92.5 10.0 18.736406
92.5 14.0 14.15851
92.5 18.0 15.584705
92.5 22.0 17.064993
92.5 26.0 17.371046
92.5 30.0 17.405497
92.5 34.0 15.245526
92.5 38.0 14.893228
92.5 42.0 15.13219
92.5 46.0 16.308426
92.5 50.0 15.496266
92.5 54.0 15.188982
92.5 58.0 13.7059145
92.5 62.0 14.839325
92.5 66.0 16.087076
92.5 70.0 16.463106
92.5 74.0 16.441761
92.5 78.0 12.668041
92.5 82.0 18.167488
92.5 86.0 25.347712
92.5 89.0 4.7519383
97.5 -89.0 40.70215
97.5 -86.0 50.039734
97.5 -82.0 47.747295
97.5 -78.0 26.23153
97.5 -74.0 47.581085
97.5 -70.0 57.962124
97.5 -66.0 87.29031
97.5 -62.0 59.186222
97.5 -58.0 109.0313
97.5 -54.0 33.58501
97.5 -50.0 23.49089
97.5 -46.0 12.956864
97.5 -42.0 6.1542096
97.5 -38.0 4.9755383
97.5 -34.0 2.9061134
97.5 -30.0 5.9562683
97.5 -26.0 14.838778
97.5 -22.0 45.17681
97.5 -18.0 67.82136
97.5 -14.0 80.73266
97.5 -10.0 117.44983
97.5 -6.0 130.16525
97.5 -2.0 131.35059
97.5 2.0 88.26236
97.5 6.0 51.83788
97.5 10.0 18.911383
97.5 14.0 14.419169
97.5 18.0 16.15715
97.5 22.0 16.255255
97.5 26.0 17.333769
97.5 30.0 13.481538
97.5 34.0 14.690523
97.5 38.0 13.59431
97.5 42.0 15.51558
97.5 46.0 13.628539
97.5 50.0 14.953549
97.5 54.0 16.321997
97.5 58.0 13.558478
97.5 62.0 15.069672
97.5 66.0 15.096064
97.5 70.0 15.103046
97.5 74.0 16.204235
97.5 78.0 12.475222
97.5 82.0 17.995695
97.5 86.0 26.337563
97.5 89.0 4.7519383
102.5 -89.0 40.70215
102.5 -86.0 139.74454
102.5 -82.0 107.40672
102.5 -78.0 35.76197
102.5 -74.0 115.03162
102.5 -70.0 42.6812
102.5 -66.0 75.83968
102.5 -62.0 61.576393
102.5 -58.0 15.448168
102.5 -54.0 49.414227
102.5 -50.0 41.856613
102.5 -46.0 18.64822
102.5 -42.0 9.799612
102.5 -38.0 15.393681
102.5 -34.0 11.359752
102.5 -30.0 11.757932
102.5 -26.0 30.136108
102.5 -22.0 57.226067
102.5 -18.0 53.04135
102.5 -14.0 71.811264
102.5 -10.0 105.98415
102.5 -6.0 130.03572
102.5 -2.0 105.46041
102.5 2.0 60.49118
102.5 6.0 44.17609
102.5 10.0 30.135006
102.5 14.0 18.989965
102.5 18.0 15.232982
102.5 22.0 15.780131
102.5 26.0 15.694556
102.5 30.0 12.94203
102.5 34.0 13.538696
102.5 38.0 12.674848
102.5 42.0 13.160795
102.5 46.0 12.179401
102.5 50.0 13.307265
102.5 54.0 15.776579
102.5 58.0 13.580347
102.5 62.0 14.261996
102.5 66.0 14.298825
102.5 70.0 16.01097
102.5 74.0 15.26081
102.5 78.0 13.985518
102.5 82.0 16.602484
102.5 86.0 27.1971
102.5 89.0 4.7519383
107.5 -89.0 40.70215
107.5 -86.0 145.8662
107.5 -82.0 105.16626
107.5 -78.0 28.457354
107.5 -74.0 36.50062
107.5 -70.0 44.289955
107.5 -66.0 34.221207
107.5 -62.0 40.918205
107.5 -58.0 73.53035
107.5 -54.0 48.051014
107.5 -50.0 43.560043
107.5 -46.0 33.975506
107.5 -42.0 18.581982
107.5 -38.0 27.598978
107.5 -34.0 31.515482
107.5 -30.0 31.779486
107.5 -26.0 44.811028
107.5 -22.0 73.3891
107.5 -18.0 50.172474
107.5 -14.0 77.74747
107.5 -10.0 119.63649
107.5 -6.0 99.27989
107.5 -2.0 71.21391
107.5 2.0 52.974575
107.5 6.0 53.305557
107.5 10.0 41.29786
107.5 14.0 18.977068
107.5 18.0 18.513687
107.5 22.0 17.46591
107.5 26.0 13.559589
107.5 30.0 12.366195
107.5 34.0 11.681214
107.5 38.0 11.673732
107.5 42.0 11.702545
107.5 46.0 11.3131895
107.5 50.0 13.066188
107.5 54.0 11.988056
107.5 58.0 13.121001
107.5 62.0 12.680776
107.5 66.0 15.262894
107.5 70.0 15.801526
107.5 74.0 15.39504
107.5 78.0 13.8694105
107.5 82.0 15.538984
107.5 86.0 32.696777
107.5 89.0 4.7519383
112.5 -89.0 40.70215
112.5 -86.0 215.45143
112.5 -82.0 95.004005
112.5 -78.0 38.024094
112.5 -74.0 69.89841
112.5 -70.0 27.990759
112.5 -66.0 62.81145
112.5 -62.0 65.514366
112.5 -58.0 57.032448
112.5 -54.0 35.740818
112.5 -50.0 51.59332
112.5 -46.0 31.55284
112.5 -42.0 30.829693
112.5 -38.0 23.192839
112.5 -34.0 39.43214
112.5 -30.0 52.40719
112.5 -26.0 52.48848
112.5 -22.0 58.633904
112.5 -18.0 60.481606
112.5 -14.0 89.6924
112.5 -10.0 123.44213
112.5 -6.0 107.495476
112.5 -2.0 78.59722
112.5 2.0 76.27253
112.5 6.0 58.612167
112.5 10.0 25.723864
112.5 14.0 19.122969
112.5 18.0 14.7052555
112.5 22.0 16.85198
112.5 26.0 13.905664
112.5 30.0 12.192286
112.5 34.0 11.701934
112.5 38.0 11.16847
112.5 42.0 11.657424
112.5 46.0 10.759561
112.5 50.0 11.4129505
112.5 54.0 12.133927
112.5 58.0 12.777201
112.5 62.0 13.23898
112.5 66.0 14.269181
112.5 70.0 15.176421
112.5 74.0 15.478361
112.5 78.0 14.936666
112.5 82.0 14.835013
112.5 86.0 29.275187
112.5 89.0 4.7519383
117.5 -89.0 40.70215
117.5 -86.0 209.3892
117.5 -82.0 82.88201
117.5 -78.0 52.038383
117.5 -74.0 21.89679
117.5 -70.0 27.756802
117.5 -66.0 44.663002
117.5 -62.0 76.69399
117.5 -58.0 68.09471
117.5 -54.0 34.96486
117.5 -50.0 32.27726
117.5 -46.0 35.349174
117.5 -42.0 33.54117
117.5 -38.0 30.83691
117.5 -34.0 32.568825
117.5 -30.0 50.046986
117.5 -26.0 50.76791
117.5 -22.0 59.221584
117.5 -18.0 62.488976
117.5 -14.0 103.74705
117.5 -10.0 134.8605
117.5 -6.0 133.11536
117.5 -2.0 125.25947
117.5 2.0 101.31234
117.5 6.0 56.93602
117.5 10.0 20.691496
117.5 14.0 15.486945
117.5 18.0 13.68786
117.5 22.0 13.454485
117.5 26.0 12.276226
117.5 30.0 10.845342
117.5 34.0 10.441829
117.5 38.0 10.453756
117.5 42.0 9.970412
117.5 46.0 10.077108
117.5 50.0 10.844769
117.5 54.0 12.572134
117.5 58.0 12.831673
117.5 62.0 11.55425
117.5 66.0 14.178712
117.5 70.0 15.255144
117.5 74.0 15.173003
117.5 78.0 14.393658
117.5 82.0 15.30657
117.5 86.0 27.760124
117.5 89.0 4.7519383
122.5 -89.0 40.70215
122.5 -86.0 244.85092
122.5 -82.0 68.26151
122.5 -78.0 63.78919
122.5 -74.0 66.65083
122.5 -70.0 31.232798
122.5 -66.0 34.399807
122.5 -62.0 47.31861
122.5 -58.0 50.40162
122.5 -54.0 27.86513
122.5 -50.0 24.699144
122.5 -46.0 41.480267
122.5 -42.0 29.298595
122.5 -38.0 27.242445
122.5 -34.0 44.940453
122.5 -30.0 44.21877
122.5 -26.0 51.184456
122.5 -22.0 67.047295
122.5 -18.0 77.0408
122.5 -14.0 96.98516
122.5 -10.0 168.7822
122.5 -6.0 187.72815
122.5 -2.0 123.052414
122.5 2.0 48.769638
122.5 6.0 30.792425
122.5 10.0 18.829496
122.5 14.0 12.644422
122.5 18.0 12.602695
122.5 22.0 13.374012
122.5 26.0 10.5496645
122.5 30.0 11.584825
122.5 34.0 10.937514
122.5 38.0 10.44968
122.5 42.0 11.60697
122.5 46.0 11.148439
122.5 50.0 11.432787
122.5 54.0 12.399788
122.5 58.0 12.719022
122.5 62.0 12.210643
122.5 66.0 13.355019
122.5 70.0 14.65854
122.5 74.0 15.827198
122.5 78.0 14.8582945
122.5 82.0 14.3268585
122.5 86.0 31.941813
122.5 89.0 4.7519383
127.5 -89.0 40.70215
127.5 -86.0 201.167
127.5 -82.0 88.67974
127.5 -78.0 28.532425
127.5 -74.0 26.329123
127.5 -70.0 54.393147
127.5 -66.0 28.923628
127.5 -62.0 74.59894
127.5 -58.0 40.9753
127.5 -54.0 18.674158
127.5 -50.0 37.2729
127.5 -46.0 43.599968
127.5 -42.0 48.399765
127.5 -38.0 32.86765
127.5 -34.0 53.240013
127.5 -30.0 39.400696
127.5 -26.0 72.66073
127.5 -22.0 58.802174
127.5 -18.0 73.19728
127.5 -14.0 92.91213
127.5 -10.0 133.59335
127.5 -6.0 120.706726
127.5 -2.0 68.58184
127.5 2.0 31.030697
127.5 6.0 26.82007
127.5 10.0 16.875944
127.5 14.0 11.067418
127.5 18.0 10.240389
127.5 22.0 10.829199
127.5 26.0 10.176783
127.5 30.0 12.182449
127.5 34.0 12.294619
127.5 38.0 10.629191
127.5 42.0 10.997529
127.5 46.0 10.982067
127.5 50.0 12.021577
127.5 54.0 12.900455
127.5 58.0 12.199762
127.5 62.0 12.610028
127.5 66.0 12.981345
127.5 70.0 14.171948
127.5 74.0 15.676347
127.5 78.0 15.101161
127.5 82.0 15.060323
127.5 86.0 30.333107
127.5 89.0 4.7519383
132.5 -89.0 40.70215
132.5 -86.0 211.0413
132.5 -82.0 59.90251
132.5 -78.0 52.093857
132.5 -74.0 61.46853
132.5 -70.0 18.787077
132.5 -66.0 51.52502
132.5 -62.0 24.823856
132.5 -58.0 30.251299
132.5 -54.0 43.585854
132.5 -50.0 26.292572
132.5 -46.0 40.808647
132.5 -42.0 52.8219
132.5 -38.0 32.681152
132.5 -34.0 37.675587
132.5 -30.0 55.903137
132.5 -26.0 66.66339
132.5 -22.0 69.20207
132.5 -18.0 61.857662
132.5 -14.0 85.420815
132.5 -10.0 108.963875
132.5 -6.0 63.13638
132.5 -2.0 32.317104
132.5 2.0 25.011213
132.5 6.0 25.007294
132.5 10.0 20.787086
132.5 14.0 13.048948
132.5 18.0 9.852439
132.5 22.0 6.5610228
132.5 26.0 9.7761755
132.5 30.0 9.936456
132.5 34.0 9.644964
132.5 38.0 10.889213
132.5 42.0 10.786266
132.5 46.0 11.402241
132.5 50.0 12.993849
132.5 54.0 12.561883
132.5 58.0 11.603925
132.5 62.0 12.423408
132.5 66.0 13.595808
132.5 70.0 13.97135
132.5 74.0 15.201788
132.5 78.0 14.880833
132.5 82.0 14.391895
132.5 86.0 29.945663
132.5 89.0 4.7519383
137.5 -89.0 40.70215
137.5 -86.0 177.54988
137.5 -82.0 48.20978
137.5 -78.0 68.852776
137.5 -74.0 120.676094
137.5 -70.0 26.31205
137.5 -66.0 54.004303
137.5 -62.0 27.63013
137.5 -58.0 56.164883
137.5 -54.0 41.201584
137.5 -50.0 36.862385
137.5 -46.0 98.14168
137.5 -42.0 45.645912
137.5 -38.0 29.349073
137.5 -34.0 37.602894
137.5 -30.0 64.137764
137.5 -26.0 87.653366
137.5 -22.0 90.61691
137.5 -18.0 65.0248
137.5 -14.0 85.395905
137.5 -10.0 103.006294
137.5 -6.0 39.96062
137.5 -2.0 24.243511
137.5 2.0 23.095545
137.5 6.0 22.771858
137.5 10.0 24.045235
137.5 14.0 21.010958
137.5 18.0 18.72876
137.5 22.0 21.746332
137.5 26.0 8.800933
137.5 30.0 7.265129
137.5 34.0 6.768931
137.5 38.0 10.47277
137.5 42.0 11.750707
137.5 46.0 12.163035
137.5 50.0 11.0704565
137.5 54.0 11.233059
137.5 58.0 11.090731
137.5 62.0 13.654593
137.5 66.0 13.052099
137.5 70.0 13.211241
137.5 74.0 15.179898
137.5 78.0 14.885188
137.5 82.0 15.149319
137.5 86.0 26.396393
137.5 89.0 4.7519383
142.5 -89.0 40.70215
142.5 -86.0 196.76178
142.5 -82.0 47.60782
142.5 -78.0 60.15853
142.5 -74.0 183.0049
142.5 -70.0 22.221676
142.5 -66.0 40.625217
142.5 -62.0 49.086384
142.5 -58.0 29.197454
142.5 -54.0 36.784676
142.5 -50.0 61.92807
142.5 -46.0 37.052025
142.5 -42.0 59.427956
142.5 -38.0 44.219208
142.5 -34.0 36.361702
142.5 -30.0 30.717712
142.5 -26.0 73.09045
142.5 -22.0 82.493706
142.5 -18.0 67.56462
142.5 -14.0 96.64342
142.5 -10.0 64.1012
142.5 -6.0 37.698017
142.5 -2.0 24.244925
142.5 2.0 22.645166
142.5 6.0 24.096724
142.5 10.0 21.063778
142.5 14.0 26.541636
142.5 18.0 62.34594
142.5 22.0 77.07621
142.5 26.0 28.160759
142.5 30.0 10.944111
142.5 34.0 7.6783466
142.5 38.0 10.46943
142.5 42.0 12.861236
142.5 46.0 13.66811
142.5 50.0 12.493674
142.5 54.0 12.983701
142.5 58.0 13.185621
142.5 62.0 12.95082
142.5 66.0 13.844113
142.5 70.0 14.914212
142.5 74.0 15.10262
142.5 78.0 14.8382225
142.5 82.0 16.292658
142.5 86.0 29.848873
142.5 89.0 4.7519383
147.5 -89.0 40.70215
147.5 -86.0 182.6483
147.5 -82.0 68.809044
147.5 -78.0 65.221115
147.5 -74.0 87.78042
147.5 -70.0 28.325277
147.5 -66.0 38.85725
147.5 -62.0 60.438873
147.5 -58.0 48.777603
147.5 -54.0 56.413
147.5 -50.0 40.400967
147.5 -46.0 38.752083
147.5 -42.0 16.561596
147.5 -38.0 44.946053
147.5 -34.0 45.630547
147.5 -30.0 39.239697
147.5 -26.0 47.61434
147.5 -22.0 61.84787
147.5 -18.0 70.65316
147.5 -14.0 105.656845
147.5 -10.0 67.268524
147.5 -6.0 34.874165
147.5 -2.0 23.843403
147.5 2.0 18.649801
147.5 6.0 23.44112
147.5 10.0 20.16456
147.5 14.0 29.175081
147.5 18.0 94.31338
147.5 22.0 169.75308
147.5 26.0 258.20667
147.5 30.0 14.616914
147.5 34.0 12.453146
147.5 38.0 12.444678
147.5 42.0 14.127292
147.5 46.0 13.323246
147.5 50.0 12.008899
147.5 54.0 12.693184
147.5 58.0 14.432137
147.5 62.0 13.638384
147.5 66.0 14.217137
147.5 70.0 15.467399
147.5 74.0 15.677983
147.5 78.0 14.315561
147.5 82.0 15.273565
147.5 86.0 28.35946
147.5 89.0 4.7519383
152.5 -89.0 40.70215
152.5 -86.0 107.09745
152.5 -82.0 75.07676
152.5 -78.0 90.85774
152.5 -74.0 108.77555
152.5 -70.0 28.396143
152.5 -66.0 30.627724
152.5 -62.0 111.90395
152.5 -58.0 96.2333
152.5 -54.0 85.1453
152.5 -50.0 48.17553
152.5 -46.0 38.184685
152.5 -42.0 25.330236
152.5 -38.0 29.521296
152.5 -34.0 46.964645
152.5 -30.0 45.29193
152.5 -26.0 56.63462
152.5 -22.0 56.235996
152.5 -18.0 77.90862
152.5 -14.0 70.0573
152.5 -10.0 55.66313
152.5 -6.0 26.726845
152.5 -2.0 22.769825
152.5 2.0 20.450535
152.5 6.0 20.043045
152.5 10.0 18.325146
152.5 14.0 17.10071
152.5 18.0 46.76121
152.5 22.0 85.39181
152.5 26.0 36.792725
152.5 30.0 23.850786
152.5 34.0 18.851355
152.5 38.0 15.2660475
152.5 42.0 14.423001
152.5 46.0 12.687925
152.5 50.0 12.15243
152.5 54.0 11.694534
152.5 58.0 13.901461
152.5 62.0 14.832311
152.5 66.0 13.587563
152.5 70.0 14.027117
152.5 74.0 17.079243
152.5 78.0 14.539623
152.5 82.0 16.409832
152.5 86.0 24.931591
152.5 89.0 4.7519383
157.5 -89.0 40.70215
157.5 -86.0 126.85089
157.5 -82.0 111.92371
157.5 -78.0 93.3975
157.5 -74.0 105.15755
157.5 -70.0 60.562157
157.5 -66.0 30.996378
157.5 -62.0 66.42654
157.5 -58.0 76.57023
157.5 -54.0 66.21394
157.5 -50.0 45.822567
157.5 -46.0 35.536392
157.5 -42.0 47.80604
157.5 -38.0 41.612766
157.5 -34.0 52.25293
157.5 -30.0 38.10314
157.5 -26.0 51.00134
157.5 -22.0 59.484234
157.5 -18.0 56.778484
157.5 -14.0 53.20464
157.5 -10.0 41.137573
157.5 -6.0 29.152779
157.5 -2.0 22.544847
157.5 2.0 17.141737
157.5 6.0 18.101673
157.5 10.0 17.974047
157.5 14.0 15.242677
157.5 18.0 19.747301
157.5 22.0 31.248554
157.5 26.0 33.623146
157.5 30.0 23.853558
157.5 34.0 22.840334
157.5 38.0 15.966113
157.5 42.0 14.34842
157.5 46.0 13.291285
157.5 50.0 11.811541
157.5 54.0 11.509987
157.5 58.0 13.376729
157.5 62.0 15.427724
157.5 66.0 13.830259
157.5 70.0 14.491364
157.5 74.0 16.96725
157.5 78.0 15.453336
157.5 82.0 16.800962
157.5 86.0 26.380457
157.5 89.0 4.7519383
162.5 -89.0 40.70215
162.5 -86.0 139.07149
162.5 -82.0 95.75288
162.5 -78.0 85.2061
162.5 -74.0 64.94224
162.5 -70.0 28.822632
162.5 -66.0 44.865734
162.5 -62.0 32.341415
162.5 -58.0 113.20453
162.5 -54.0 86.73383
162.5 -50.0 52.531853
162.5 -46.0 39.21816
162.5 -42.0 63.801933
162.5 -38.0 38.375072
162.5 -34.0 41.577534
162.5 -30.0 46.43039
162.5 -26.0 58.17644
162.5 -22.0 56.862156
162.5 -18.0 34.707153
162.5 -14.0 30.819294
162.5 -10.0 37.11657
162.5 -6.0 31.522991
162.5 -2.0 21.704214
162.5 2.0 15.959459
162.5 6.0 18.481312
162.5 10.0 18.934496
162.5 14.0 17.470087
162.5 18.0 15.61831
162.5 22.0 17.631922
162.5 26.0 15.247611
162.5 30.0 15.821557
162.5 34.0 18.62953
162.5 38.0 21.237371
162.5 42.0 23.41475
162.5 46.0 14.860753
162.5 50.0 13.372759
162.5 54.0 12.756204
162.5 58.0 12.254807
162.5 62.0 14.382983
162.5 66.0 12.663791
162.5 70.0 15.5624485
162.5 74.0 16.855965
162.5 78.0 15.879633
162.5 82.0 17.58095
162.5 86.0 30.033579
162.5 89.0 4.7519383
167.5 -89.0 40.70215
167.5 -86.0 168.05054
167.5 -82.0 94.158936
167.5 -78.0 102.74906
167.5 -74.0 67.99031
167.5 -70.0 25.134317
167.5 -66.0 56.35562
167.5 -62.0 42.379063
167.5 -58.0 57.187996
167.5 -54.0 83.390434
167.5 -50.0 91.76093
167.5 -46.0 66.99523
167.5 -42.0 56.46375
167.5 -38.0 41.985645
167.5 -34.0 46.260517
167.5 -30.0 48.686623
167.5 -26.0 67.734116
167.5 -22.0 53.518314
167.5 -18.0 23.360193
167.5 -14.0 31.55165
167.5 -10.0 35.09498
167.5 -6.0 32.10269
167.5 -2.0 20.381334
167.5 2.0 18.028564
167.5 6.0 16.754875
167.5 10.0 14.174097
167.5 14.0 14.281295
167.5 18.0 19.249088
167.5 22.0 23.283531
167.5 26.0 21.488577
167.5 30.0 16.724392
167.5 34.0 13.989332
167.5 38.0 12.282591
167.5 42.0 13.831084
167.5 46.0 13.009911
167.5 50.0 12.597687
167.5 54.0 12.136272
167.5 58.0 12.311032
167.5 62.0 13.231215
167.5 66.0 13.402611
167.5 70.0 14.852264
167.5 74.0 16.738163
167.5 78.0 16.115103
167.5 82.0 19.453953
167.5 86.0 28.553408
167.5 89.0 4.7519383
172.5 -89.0 40.70215
172.5 -86.0 151.9129
172.5 -82.0 130.62614
172.5 -78.0 111.76038
172.5 -74.0 63.83808
172.5 -70.0 38.169945
172.5 -66.0 50.12592
172.5 -62.0 68.5839
172.5 -58.0 71.98489
172.5 -54.0 48.153633
172.5 -50.0 69.035866
172.5 -46.0 84.779854
172.5 -42.0 54.94093
172.5 -38.0 43.96135
172.5 -34.0 26.519573
172.5 -30.0 41.12605
172.5 -26.0 59.304214
172.5 -22.0 58.163486
172.5 -18.0 34.833473
172.5 -14.0 28.793028
172.5 -10.0 54.374687
172.5 -6.0 37.407753
172.5 -2.0 23.601572
172.5 2.0 19.054428
172.5 6.0 16.84513
172.5 10.0 12.288942
172.5 14.0 13.622869
172.5 18.0 16.656124
172.5 22.0 19.149523
172.5 26.0 15.187637
172.5 30.0 13.953282
172.5 34.0 13.913763
172.5 38.0 11.822604
172.5 42.0 11.348914
172.5 46.0 12.221443
172.5 50.0 12.0283785
172.5 54.0 11.084402
172.5 58.0 11.852142
172.5 62.0 13.023352
172.5 66.0 14.348964
172.5 70.0 15.223227
172.5 74.0 14.872944
172.5 78.0 15.513619
172.5 82.0 21.922056
172.5 86.0 28.773127
172.5 89.0 4.7519383
177.5 -89.0 40.70215
177.5 -86.0 105.42754
177.5 -82.0 139.29619
177.5 -78.0 81.4721
177.5 -74.0 76.91638
177.5 -70.0 43.260883
177.5 -66.0 72.508514
177.5 -62.0 42.777428
177.5 -58.0 44.352882
177.5 -54.0 32.357765
177.5 -50.0 31.994635
177.5 -46.0 54.220615
177.5 -42.0 41.252472
177.5 -38.0 22.101896
177.5 -34.0 38.263023
177.5 -30.0 34.99721
177.5 -26.0 35.287075
177.5 -22.0 46.67866
177.5 -18.0 47.49759
177.5 -14.0 37.28089
177.5 -10.0 64.12823
177.5 -6.0 51.318745
177.5 -2.0 30.874521
177.5 2.0 19.834686
177.5 6.0 15.742581
177.5 10.0 11.706983
177.5 14.0 11.035106
177.5 18.0 12.49172
177.5 22.0 12.462726
177.5 26.0 12.871817
177.5 30.0 12.103858
177.5 34.0 10.024899
177.5 38.0 9.859325
177.5 42.0 10.012471
177.5 46.0 10.514249
177.5 50.0 10.555865
177.5 54.0 10.373995
177.5 58.0 11.554832
177.5 62.0 12.590322
177.5 66.0 12.8586
177.5 70.0 15.603063
177.5 74.0 16.337734
177.5 78.0 15.586395
177.5 82.0 23.23502
177.5 86.0 26.058977
177.5 89.0 4.7519383
