1.41316
1.81563
1.76662
1.5707
1.50881
1.50705
1.61695
1.50627
1.39735
1.36958
1.56451
1.64405
1.41324
1.298
1.24563
1.28955
1.33565
1.31459
1.4246
1.35503
1.28732
1.27078
1.10029
1.00413
1.02394
1.1936
1.12698
0.949555
0.928694
0.923404
0.871305
0.929609
0.992126
1.12304
1.1214
1.1415
1.13185
1.08357
1.1345
1.16623
1.09823
1.11796
1.07343
1.22228
1.29298
0.829796
1.41316
1.81271
1.77159
1.69509
1.6163
1.45208
1.67805
1.64325
1.39861
1.34533
1.49168
1.65322
1.31647
1.28603
1.52976
1.49546
1.56442
1.47175
1.32266
1.26611
1.06308
1.21287
1.10598
0.936584
0.992972
1.24142
1.19367
0.979633
0.884813
0.903217
0.841989
0.921517
1.057
1.03561
1.1625
1.1503
1.13005
1.12412
1.13715
1.1545
1.12974
1.12802
1.13222
1.24068
1.35816
0.829796
1.41316
1.80396
1.79461
1.63345
1.57871
1.21975
1.51437
1.44695
1.62502
1.59995
1.23939
1.49643
1.53142
1.33749
1.61848
1.74893
1.66191
1.43341
1.00465
0.938444
1.22215
1.16051
1.07428
1.02622
0.997463
1.23457
1.12585
0.747412
0.684937
0.733066
0.788634
0.865065
1.02074
1.08316
1.16878
1.19504
1.15099
1.19501
1.1593
1.11885
1.16969
1.10432
1.10442
1.27822
1.35683
0.829796
1.41316
1.83994
1.82711
1.59946
1.48089
1.2545
1.28926
1.51381
1.75946
1.52154
1.51216
1.55574
1.41588
1.74633
1.82543
1.68824
1.66178
1.23613
0.804753
1.10341
1.31248
1.28102
1.25194
1.1099
1.05331
1.12022
1.04655
0.790543
0.677801
0.751753
0.824353
0.852554
1.00925
1.12043
1.16613
1.16948
1.16783
1.16508
1.14596
1.12349
1.16435
1.08783
1.10316
1.28667
1.36491
0.829796
1.41316
1.82236
1.81837
1.5753
1.25544
1.32647
1.28442
1.44271
1.64165
1.49993
1.61065
1.71145
1.18194
1.56792
1.73845
1.62045
1.53545
1.21304
1.18465
1.29982
1.49421
1.53383
1.64263
1.35424
1.0304
0.978135
0.910668
0.891665
0.799488
0.767213
0.793692
0.96733
1.0703
1.12604
1.13982
1.16362
1.16442
1.1584
1.11358
1.11379
1.16508
1.08601
1.05921
1.2854
1.39422
0.829796
1.41316
1.86123
1.72187
1.55149
1.51352
1.57293
1.24523
1.28317
1.77493
1.53445
1.52331
1.69228
1.659
1.50423
1.3757
1.41663
1.48002
1.26026
1.2411
1.35221
1.57885
1.62577
1.41096
1.30323
1.05233
0.977197
0.965226
0.518635
0.342089
0.82336
0.994581
0.883404
1.10832
1.19349
1.12836
1.14958
1.15664
1.14407
1.16972
1.15112
1.10995
1.06506
1.07621
1.2406
1.3677
0.829796
1.41316
1.87832
1.81219
1.48843
1.40991
1.84277
1.42974
1.40892
1.56278
1.46133
1.54052
1.75363
1.57248
1.44911
1.47568
1.44252
1.45749
1.32821
1.34527
1.47215
1.81386
1.63183
1.66029
1.49357
1.37914
0.963065
1.12719
1.42692
1.66832
1.78167
1.34754
0.912934
1.02124
1.20463
1.12005
1.15893
1.17558
1.20597
1.17004
1.15982
1.16242
1.14763
1.078
1.24791
1.41048
0.829796
1.41316
1.88349
1.78921
1.49262
1.40499
1.521
1.51995
1.30589
1.5752
1.34047
1.6031
1.69053
1.63308
1.46699
1.52925
1.55766
1.59707
1.55423
1.48364
1.60042
1.88834
1.96206
1.63617
1.77272
1.51999
1.18726
1.03441
1.57537
2.57748
2.22467
1.41653
1.30985
1.09559
1.05292
1.21973
1.22432
1.21806
1.19676
1.17694
1.14997
1.15669
1.10619
1.12479
1.23754
1.45966
0.829796
1.41316
1.88845
1.78018
1.62533
1.54056
1.54661
1.69288
1.50549
1.32554
1.63655
1.55851
1.65011
1.64953
1.50176
1.59875
1.62208
1.69785
1.72294
1.60239
1.71387
1.97594
2.19593
1.96394
1.69721
2.03465
1.84346
1.16697
2.48573
2.16108
1.80708
1.08504
1.21207
1.65355
0.91121
1.2536
1.31825
1.13845
1.26019
1.2281
1.11421
1.14783
1.15815
1.10282
1.22196
1.4927
0.829796
1.41316
1.84891
1.74195
1.61071
1.59623
1.55405
1.67117
1.64832
1.661
1.66788
1.91066
1.56873
1.5875
1.46292
1.67072
1.68689
1.82069
1.88825
1.91251
2.04859
2.34824
2.48188
2.2353
2.12887
2.24843
2.30759
2.36713
2.3558
2.244
1.36132
1.12355
0.971277
1.6341
1.12478
1.2443
1.41677
1.10136
1.22666
1.22894
1.11104
1.14067
1.13913
0.997413
1.23662
1.47519
0.829796
1.41316
1.90012
1.67342
1.44364
1.42106
1.4453
1.56545
1.47992
1.61272
1.43584
1.66739
1.53763
1.59575
1.5833
1.68261
1.74778
1.92808
2.12679
2.25801
2.37787
2.29579
2.24598
2.40465
2.34471
2.05552
2.20511
2.41182
2.40269
2.08095
2.16742
1.6087
1.25448
1.51647
1.18884
1.19275
1.38018
1.27578
1.17025
1.21429
1.14758
1.12338
1.14281
1.04407
1.24329
1.44825
0.829796
1.41316
1.9128
1.70549
1.35239
1.44608
1.47948
1.48893
1.73009
1.61853
1.50864
1.52559
1.49017
1.55121
1.59379
1.80143
1.85925
2.05972
2.4191
2.66777
2.84545
2.0831
2.56128
2.34861
2.58566
2.39245
2.15099
2.3504
2.47327
2.20935
1.97979
1.76441
1.56469
1.54516
1.66569
1.38129
1.23087
1.35748
1.24149
1.16676
1.16414
1.15403
1.12237
1.10447
1.2163
1.40998
0.829796
1.41316
1.71459
1.67142
1.43127
1.38868
1.57002
1.72595
1.57237
1.5757
1.4847
1.51041
1.48856
1.60329
1.81582
1.87329
1.96002
2.18594
2.54816
2.74179
2.61083
2.29118
2.06618
2.14743
1.96481
1.96901
1.88071
1.87758
2.19202
2.20688
1.96304
1.69482
1.71103
2.08815
2.1664
1.47121
1.12308
1.34078
1.30598
1.11987
1.15488
1.17877
1.12785
1.10488
1.24848
1.50967
0.829796
1.41316
1.70568
1.61776
1.43613
1.5711
1.5791
1.59247
1.47536
1.35029
1.41943
1.70494
1.60239
1.53818
1.63285
1.7896
1.96851
2.21761
2.5058
2.62129
2.40717
2.2062
1.79164
1.56122
1.79978
1.3026
1.86981
1.94745
2.01401
2.38612
2.22108
1.98333
2.03118
2.48504
2.43911
1.84816
1.09602
1.30793
1.34466
1.12696
1.16154
1.1984
1.10975
1.09027
1.21683
1.47532
0.829796
1.41316
1.7471
1.59535
1.42019
1.50129
1.59555
1.56806
1.61843
1.38308
1.373
1.66127
1.60485
1.45829
1.52717
1.86345
1.99239
2.04863
2.417
2.67206
2.06529
2.07518
1.67123
1.17276
1.19509
1.55065
2.20862
1.92623
1.85064
2.01835
2.27099
1.98046
2.02274
2.36523
2.49706
2.10679
1.27573
1.2317
1.30793
1.13345
1.18509
1.16798
1.19304
1.1122
1.23825
1.51301
0.829796
1.41316
1.78315
1.6149
1.41549
1.507
1.52141
1.47541
1.58764
1.71492
1.68097
1.76584
1.49391
1.45533
1.88773
2.40489
2.72389
2.53864
2.41922
2.34278
2.2653
2.06997
1.52502
1.33799
1.55512
1.49536
2.22942
2.56382
1.99293
1.95251
1.83019
1.8028
1.71439
2.25058
2.08883
1.71203
1.51141
1.39475
1.3118
1.16299
1.18908
1.19266
1.20115
1.07634
1.27493
1.53705
0.829796
1.41316
1.75696
1.56758
1.33622
1.48614
1.50256
1.46159
1.58986
1.51887
1.7684
1.936
1.565
1.89517
2.13101
2.006
1.83535
1.7812
1.86638
2.07382
2.22305
1.88689
1.4017
1.27396
1.42853
1.87265
1.84471
1.70947
1.84103
2.01127
2.08368
1.7261
1.64871
1.68901
1.56834
1.55848
1.51901
1.49556
1.37986
1.18062
1.21542
1.18584
1.13948
1.05167
1.26276
1.54617
0.829796
1.41316
1.79175
1.66428
1.42067
1.51536
1.51392
1.47378
1.529
1.34269
1.59755
1.54423
1.58625
2.26084
2.14877
1.69375
1.64635
1.70395
1.74231
1.78046
1.91858
1.61882
1.11876
1.19128
1.02314
1.22524
1.3704
1.53504
1.48971
1.63464
1.97992
1.66431
1.58134
1.66645
1.63555
1.42794
1.63532
1.47984
1.41379
1.19815
1.17589
1.14576
1.13926
1.0913
1.25525
1.53602
0.829796
1.41316
1.8003
1.7625
1.52571
1.57755
1.35785
1.46842
1.65442
1.58249
1.61223
1.42905
1.52282
1.75212
2.12395
1.82888
1.5303
1.45818
1.48892
1.53009
1.5793
1.62496
1.10303
1.11351
0.904692
0.827574
0.879328
0.918404
1.11116
1.25876
1.41491
1.48737
1.54275
1.80368
1.71752
1.17887
1.44839
1.43982
1.2989
1.25962
1.15127
1.11415
1.11412
1.06446
1.25086
1.55388
0.829796
1.41316
1.76611
1.65621
1.80768
1.54415
1.55705
1.42344
1.45823
1.40005
1.32127
1.35267
1.68627
1.79267
2.18089
1.76644
1.54253
1.49739
1.3456
1.33471
1.47702
1.35423
0.948916
1.08903
0.855947
1.04855
0.985686
1.06063
1.1224
1.20508
1.45494
1.55999
1.62025
1.53751
1.70117
1.62282
1.23143
1.09786
1.20771
1.21651
1.11736
1.10479
1.10747
1.02957
1.24597
1.54285
0.829796
1.41316
1.80538
1.7492
1.58277
1.34165
1.25857
1.47217
1.46948
1.29909
1.42298
1.59836
1.73303
1.77352
1.90647
2.23073
1.86347
1.4358
1.3914
1.24257
1.44735
1.12577
1.33896
1.13281
1.15841
1.02391
0.867578
0.843826
1.04807
1.21473
1.50078
1.56148
1.53329
1.6738
1.76727
1.67846
0.987013
1.08391
1.19029
1.23655
1.14278
1.14958
1.11178
1.04436
1.27651
1.55352
0.829796
1.41316
1.82728
1.57705
1.56275
1.65275
1.48376
1.48729
1.59328
1.30547
1.48441
1.76701
1.90685
1.84564
1.73825
1.77587
1.88902
1.65093
1.54336
1.26775
1.0298
0.893477
1.10899
1.21702
1.18774
1.07725
1.1953
1.15902
1.20804
1.15358
1.32978
1.43091
1.60614
1.86031
1.70886
1.70858
1.11257
1.09259
1.17359
1.19417
1.08025
1.0812
1.07046
1.01378
1.22161
1.56229
0.829796
1.41316
1.85763
1.63622
1.50726
1.50864
1.4153
1.44743
1.46727
1.47539
1.58828
1.11679
1.64267
1.75861
1.69283
1.51869
1.84419
1.51463
1.62641
1.64205
0.677709
0.708516
0.891225
0.960303
0.948863
1.00792
1.23473
1.19285
1.19989
1.24026
1.29709
1.30217
1.25935
1.42269
1.71277
1.53079
1.53593
1.13923
1.13192
1.17965
1.08988
1.06605
1.12395
1.01462
1.28948
1.52419
0.829796
1.41316
1.85122
1.43407
1.47747
1.39063
1.37383
1.53181
1.39865
1.55318
1.60701
1.55361
1.60399
1.48871
1.6158
1.60391
1.47149
1.54767
1.65352
1.72427
0.787558
1.15988
0.437497
0.428706
0.700559
0.879551
1.00958
1.0377
1.18877
1.2176
1.04527
1.17072
1.39535
1.36455
1.45414
1.52236
1.48584
1.20145
1.14914
1.14954
1.08867
1.05317
1.11084
0.978349
1.3673
1.52369
0.829796
1.41316
1.80554
1.53571
1.45998
1.36083
1.45963
1.449
1.47953
1.52327
1.23186
1.22644
1.40053
1.64915
1.54551
1.44954
1.06703
1.39021
1.43666
1.49475
0.87641
1.18891
0.80308
0.727018
0.675955
0.823484
0.97894
0.982797
1.06733
1.21706
1.01963
1.09121
1.43254
1.35972
1.46834
1.38446
1.18238
1.12975
1.06587
1.16369
1.09319
1.0763
1.09408
1.03948
1.27348
1.50376
0.829796
1.41316
2.06112
1.53394
1.51897
1.38207
1.42038
1.48754
1.38347
1.61212
1.28732
0.93717
1.31388
1.36842
1.49082
1.26102
0.99216
0.931751
0.899178
0.981873
0.507418
1.0235
0.817778
0.708079
0.719279
0.910008
1.00966
0.884775
0.791244
0.900611
0.745302
0.998262
1.03318
1.07473
1.22953
1.14398
1.07699
1.11119
1.12237
1.11024
1.07647
1.03896
1.08537
1.07604
1.20562
1.5232
0.829796
1.41316
2.01821
1.50994
1.34784
1.38487
1.48346
1.20532
1.39985
1.41649
0.925873
0.888106
0.861
1.12772
1.34758
1.28175
1.07178
1.01516
0.937986
0.555798
0.268255
0.90228
0.763327
0.935288
0.844169
0.767251
0.812812
0.627583
0.586827
0.651273
0.716026
0.872055
0.985829
1.04133
1.02298
1.05857
1.10192
1.09778
1.07001
1.09622
1.08002
1.10756
1.10159
1.05594
1.04482
1.53255
0.829796
1.41316
1.8676
1.55804
1.37068
1.32716
1.50472
1.36407
1.38349
1.45178
0.797927
0.971034
0.768685
0.904088
1.09454
1.26879
1.03363
1.12124
1.00355
0.847195
0.59492
1.06203
1.3056
1.08027
0.887481
0.740139
0.65002
0.592846
0.575008
0.677574
0.746596
0.864478
0.942853
1.04292
1.04019
1.06744
1.10973
1.04063
1.07554
1.07721
1.09275
1.0888
1.09141
1.05892
1.08886
1.42035
0.829796
1.41316
2.06361
1.46969
1.34571
1.37714
1.56546
1.59191
1.52294
1.28549
0.849981
0.917071
0.745728
0.987127
1.09178
1.19012
1.02188
1.11305
0.979529
0.758067
0.877629
0.718419
1.00872
1.09283
0.693038
0.7422
0.590586
0.645948
0.643695
0.730238
0.846386
0.908128
1.00896
1.01547
1.05359
1.03833
1.05106
1.03795
1.05747
1.06456
1.0278
1.02386
1.07688
1.06745
1.16349
1.34069
0.829796
1.41316
2.04133
1.4282
1.34459
1.44017
1.43897
1.38267
1.24241
1.48009
1.40999
1.03936
1.0393
1.08617
1.15814
1.3124
1.17516
0.667784
0.758263
0.311948
0.604114
0.732348
1.04274
0.925647
0.818933
0.822308
0.872086
0.952453
0.782266
0.800736
0.930191
0.893847
0.946189
0.971305
1.03863
1.03372
1.04709
1.05481
1.02545
1.05966
1.04807
1.02002
1.10566
1.05984
1.22062
1.29956
0.829796
1.41316
2.10893
1.41819
1.3589
1.50992
1.33328
1.3856
1.35553
1.40127
1.51957
1.29248
1.31459
1.25919
1.21878
1.25505
1.18423
0.951644
0.682877
0.32022
0.535149
0.847049
0.852016
1.02184
1.06191
1.10171
1.03661
1.00537
1.07087
0.863907
0.908154
0.965743
0.957984
0.953449
1.0527
1.06022
1.05935
1.03596
1.04392
1.08184
1.02464
1.04254
1.09422
1.08715
1.29305
1.25257
0.829796
1.41316
1.98893
1.4062
1.39112
1.42882
1.65406
1.598
1.39495
1.49491
1.26739
1.37524
1.41273
1.22763
1.28426
1.17289
1.11927
0.944885
0.818127
0.716804
0.753872
0.99423
1.2337
1.14781
1.17951
1.11541
1.10516
1.18097
1.17902
0.905807
0.909341
0.859622
0.920517
0.937748
0.967092
1.01084
1.03031
1.03975
1.05375
1.04257
1.04787
1.04355
1.09684
1.01421
1.32177
1.25598
0.829796
1.41316
1.98474
1.40815
1.41909
1.4865
1.50985
1.61962
1.64264
1.45416
1.35026
1.24944
1.46209
1.18342
1.35612
1.34901
1.12127
0.916732
0.83408
0.788631
0.902797
1.1142
1.25644
1.23113
1.27711
1.14656
1.02292
1.19824
1.3236
1.22812
1.03477
0.984242
0.906459
0.91113
1.02859
1.02092
1.03976
1.07531
1.08369
1.07306
1.05053
1.09672
1.08464
1.05115
1.3369
1.27856
0.829796
1.41316
2.01028
1.4517
1.45423
1.44756
1.38867
1.43996
1.42178
1.60494
1.38988
1.44288
1.52387
1.44475
1.33824
1.38627
1.26481
1.09311
0.809553
0.856006
0.961115
1.16064
1.33371
1.34677
1.34709
1.25944
1.02809
1.10137
1.21232
1.33142
1.20022
0.9968
0.972172
0.932439
0.998272
1.01868
1.05312
1.01205
1.08028
1.08282
1.08992
1.06604
1.08085
1.03299
1.39267
1.33684
0.829796
1.41316
1.97262
1.44367
1.42627
1.3521
1.5314
1.43841
1.53017
1.4448
1.38883
1.50304
1.52041
1.43066
1.39825
1.50752
1.45962
1.27802
1.04435
0.881783
1.03897
1.18264
1.47681
1.43555
1.46097
1.36466
1.05463
1.02502
1.22163
1.20756
1.23184
1.19192
1.13014
1.04771
1.01933
1.0524
1.08878
1.08352
1.07852
1.0913
1.0188
1.09561
1.05453
1.09549
1.34828
1.27031
0.829796
1.41316
2.05379
1.44074
1.42959
1.37675
1.51823
1.43278
1.45362
1.58305
1.55167
1.31982
1.3927
1.38174
1.35636
1.43824
1.49708
1.39273
1.17092
0.995795
1.06782
1.30954
1.51341
1.58741
1.60431
1.49154
1.1897
1.10453
1.11021
1.29055
1.29211
1.15416
1.16973
1.07487
1.0352
1.07469
1.08131
1.07815
1.08492
1.09728
1.06897
1.0657
1.11443
1.09408
1.35135
1.28434
0.829796
1.41316
2.03018
1.43103
1.42687
1.51069
1.36508
1.43626
1.44133
1.43182
1.57558
1.3931
1.43474
1.46737
1.29429
1.44383
1.41872
1.41498
1.32837
1.17793
1.1343
1.31909
1.53817
1.62713
1.63589
1.56325
1.33913
1.18823
1.14368
1.26929
1.26013
1.18347
1.2809
1.1495
1.04037
1.08187
1.06126
1.06179
1.09339
1.11717
1.0879
1.09475
1.10659
1.07068
1.33633
1.19921
0.829796
1.41316
2.08189
1.38452
1.49177
1.53332
1.41636
1.42235
1.41489
1.52872
1.50187
1.33858
1.43001
1.47789
1.39867
1.43504
1.36873
1.41964
1.2406
1.19787
1.32028
1.48476
1.69704
1.72932
1.70497
1.66133
1.3905
1.19688
1.16704
1.22991
1.19283
1.15793
1.30239
1.24173
1.06831
1.12445
1.10055
1.07927
1.13635
1.08638
1.09352
1.10305
1.09919
1.07809
1.38767
1.42867
0.829796
1.41316
2.15946
1.65152
1.89544
1.43994
1.39326
1.3367
1.43008
1.58195
1.37516
1.59821
1.59801
1.49761
1.43878
1.4094
1.40887
1.42073
1.38061
1.28476
1.41475
1.58431
1.66361
1.81391
1.79538
1.70423
1.43772
1.20495
1.09279
1.24015
1.20854
1.16799
1.31659
1.31963
1.16746
1.17452
1.14862
1.07088
1.13156
1.09381
1.09486
1.10452
1.07124
1.08039
1.36577
1.34504
0.829796
1.41316
2.08482
1.84994
1.73187
1.40588
1.34939
1.35809
1.39514
1.49288
1.48783
1.49264
1.41441
1.37822
1.34066
1.40271
1.43725
1.46871
1.33193
1.32988
1.45839
1.8449
1.8311
1.76814
1.8996
1.77832
1.52382
1.24387
1.15977
1.32024
1.35186
1.3247
1.34038
1.37508
1.17762
1.18901
1.16195
1.13097
1.1208
1.07969
1.10578
1.14496
1.07582
1.08281
1.40876
1.36685
0.829796
1.41316
2.10912
1.71883
1.23954
1.37412
1.33729
1.46176
1.35097
1.54709
1.41202
1.55059
1.64927
1.58693
1.53079
1.61864
1.41421
1.36969
1.35633
1.34535
1.48757
1.75852
2.06971
1.98735
1.90005
1.83075
1.57752
1.3633
1.20567
1.40627
1.36427
1.35109
1.38914
1.22828
1.01941
1.19701
1.13693
1.14329
1.14083
1.13074
1.12956
1.12781
1.08812
1.09194
1.3435
1.39081
0.829796
1.41316
2.08227
1.76476
1.45855
1.32352
1.27292
1.60166
1.34918
1.54968
1.67187
1.38675
1.39053
1.5945
1.51642
1.59275
1.45457
1.39816
1.42097
1.44857
1.59779
1.79258
1.92953
1.93461
1.7949
1.77414
1.71238
1.49229
1.35886
1.38371
1.40323
1.31015
1.39491
1.36823
1.08659
1.22263
1.01411
1.24088
1.14835
1.14222
1.12818
1.12836
1.16865
1.0488
1.33543
1.41425
0.829796
1.41316
2.05221
1.58642
1.33471
1.34057
1.56826
1.42436
1.50045
1.42557
1.52376
1.48923
1.41771
1.38679
1.36598
1.46607
1.38603
1.33019
1.45068
1.46855
1.64801
1.9079
1.83245
1.80456
1.78977
1.69244
1.58305
1.40011
1.37309
1.45955
1.38579
1.44271
1.451
1.38621
1.2236
1.14081
1.20136
1.20889
1.16008
1.16154
1.16736
1.10955
1.15969
1.05507
1.34831
1.41432
0.829796
1.41316
2.0136
1.51131
1.29037
1.36687
1.40649
1.19512
1.59975
1.46377
1.41863
1.32759
1.27497
1.39443
1.4289
1.34881
1.41663
1.50718
1.52122
1.4333
1.65867
1.65804
1.7025
1.5902
1.56873
1.61688
1.69329
1.41442
1.49485
1.5622
1.38722
1.4446
1.4188
1.39205
1.34701
1.23466
1.19426
1.16084
1.14189
1.13867
1.14123
1.14338
1.13703
1.05701
1.25889
1.41143
0.829796
1.41316
2.03243
1.61699
1.39057
1.66588
1.43745
1.42637
1.59545
1.3886
1.32565
1.16667
1.12275
1.01861
1.12875
1.50136
1.36641
1.35095
1.25865
1.41467
1.68735
1.78659
1.48059
1.43283
1.51407
1.74007
1.77282
1.64052
1.53416
1.68658
1.40122
1.38459
1.57977
1.60077
1.288
1.24877
1.20532
1.15442
1.18133
1.14485
1.16079
1.16386
1.13463
1.01055
1.23874
1.4154
0.829796
1.41316
1.96392
1.51037
1.31102
1.47303
1.40325
1.56817
1.31099
1.49405
1.41816
1.02179
0.714882
0.338524
0.295474
1.09599
1.39
1.26802
1.27944
1.36366
1.73252
1.73843
1.43311
1.34718
1.42131
1.72551
1.78319
1.73874
1.56273
1.62286
1.38403
1.21691
1.47132
1.74702
1.36674
1.24001
1.22071
1.17118
1.1791
1.09886
1.11864
1.13635
1.13164
1.02506
1.16396
1.413
0.829796
1.41316
2.01002
1.39327
1.37625
1.50665
1.46914
1.38857
1.28581
1.7252
1.43354
0.963229
0.244109
-0.0865071
-0.130016
0.468608
1.31683
1.33651
1.22381
1.16957
1.62014
1.67159
1.28146
1.04236
1.24924
1.57545
1.97302
1.76837
1.60518
1.52262
1.50078
1.23267
1.55639
1.70412
1.27057
1.32052
1.238
1.14169
1.10745
1.12398
1.16346
1.1402
1.15974
1.0214
1.17749
1.37984
0.829796
1.41316
2.04288
1.44299
1.43147
1.54213
1.3208
1.48473
1.62736
1.78394
1.45197
0.81519
0.235265
0.202688
0.673776
0.604217
0.874424
1.01457
1.1413
1.3481
1.41417
1.43982
1.07804
0.879599
1.13426
1.53074
1.87328
1.71915
1.60368
1.54265
1.51344
1.54578
1.32593
1.31293
1.28334
1.21402
1.19854
1.12892
1.15421
1.13025
1.15483
1.16372
1.17262
1.09502
1.19863
1.40715
0.829796
1.41316
2.05201
1.47481
1.52027
1.60869
1.24492
1.59039
1.552
1.98157
1.18518
0.445376
0.467908
0.581674
0.80108
0.736899
0.679808
1.06034
1.08481
1.35852
1.49984
1.35438
1.16318
0.95881
1.17721
1.49669
1.85186
1.78846
1.50476
1.37329
1.49398
1.45712
1.24533
1.36515
1.20119
1.1779
1.21775
1.15959
1.13574
1.19066
1.14893
1.14669
1.15568
1.10209
1.19401
1.40323
0.829796
1.41316
2.01668
1.5087
1.3974
1.70022
1.18462
1.49133
1.59837
1.57124
0.923574
0.268352
0.67349
0.7871
0.778456
0.826268
0.881924
1.38235
1.25017
1.45762
1.62639
1.42771
1.17335
0.98958
1.0769
1.45218
1.8093
1.66869
1.47838
1.31872
1.51267
1.55483
1.31841
1.25591
1.14422
1.16858
1.15843
1.22325
1.17289
1.18969
1.18478
1.12805
1.15205
1.06155
1.13449
1.37476
0.829796
1.41316
2.0086
1.60671
1.27259
1.53717
1.32877
1.32077
1.4273
1.46248
0.867137
0.327269
0.761184
0.898309
0.832373
0.739388
0.89052
1.29107
1.32115
1.57453
1.52851
1.35499
1.14065
0.975614
1.00092
1.39055
1.54653
1.24664
1.07125
1.33655
1.52717
1.20702
1.28003
1.15739
1.13453
1.15363
1.18425
1.18909
1.18692
1.18734
1.16678
1.163
1.14972
1.07718
1.15426
1.3532
0.829796
1.41316
1.97364
1.68344
1.33861
1.61666
1.35632
1.16134
1.38942
1.19019
0.800689
0.553534
0.790635
0.757316
0.752457
0.789534
1.21879
1.35633
1.48199
1.56339
1.59575
1.23788
1.1114
0.957107
1.00773
1.2584
1.01758
0.568497
0.578666
1.12477
1.42667
1.07291
1.04105
1.13243
1.09735
1.14013
1.14246
1.15945
1.1608
1.18854
1.13153
1.16054
1.19371
1.05846
1.16429
1.36048
0.829796
1.41316
1.99165
1.62309
1.24935
1.49777
1.28523
1.53806
1.39174
1.21639
0.872685
0.466655
0.648261
0.626465
0.727448
0.949243
1.17812
1.40018
1.52692
1.74194
1.83594
1.36704
1.16379
1.10134
0.903515
0.834397
0.624724
0.435007
0.441143
0.968427
1.1999
0.976571
1.00694
1.01988
1.07973
1.10121
1.15908
1.15249
1.16706
1.16521
1.16399
1.14628
1.19243
1.04127
1.14986
1.38336
0.829796
1.41316
2.15165
1.56262
1.2559
1.35627
1.29468
1.31052
1.38572
1.22942
1.02279
0.49877
0.368723
0.598267
0.684846
1.07838
1.15136
1.25985
1.5115
1.67719
1.81338
1.43014
1.30183
1.03878
0.855055
0.776343
0.754755
0.717636
0.719982
0.961012
1.0299
0.986444
0.960802
0.97045
1.09963
1.00851
1.12244
1.09939
1.14066
1.20487
1.16064
1.1522
1.18922
1.01522
1.1527
1.42906
0.829796
1.41316
1.99679
1.27673
1.19903
1.34451
1.44045
1.47137
1.44089
1.28429
1.03325
1.07671
0.380564
0.518312
0.810855
0.931818
1.20204
1.39795
1.75328
1.6293
1.60349
1.28391
1.29193
1.16703
1.11408
0.858932
0.962379
1.04318
0.912213
0.890907
0.948276
0.991163
0.912629
0.926174
1.00376
1.01889
1.11268
1.12183
1.11708
1.14543
1.08845
1.15023
1.1713
0.985703
1.13854
1.42012
0.829796
1.41316
1.47727
1.32385
1.20405
1.40584
1.4942
1.6137
1.48928
1.69061
1.31821
1.31684
1.09613
0.840113
1.00618
0.871408
1.09676
1.39049
1.51122
1.46558
1.29679
1.29101
1.39211
1.4647
1.36356
1.31571
1.19641
1.18712
1.01761
0.863858
0.949765
0.977323
0.884154
0.96132
1.00086
1.05212
1.12095
1.13589
1.13261
1.13346
1.15443
1.13869
1.13885
0.983257
1.1497
1.39378
0.829796
1.41316
1.79065
1.64965
1.30285
1.75594
1.47963
1.65418
1.5054
1.0864
1.45087
1.41408
1.28663
1.1515
1.45556
1.30387
1.24936
1.49322
1.50294
1.26856
1.20495
1.25627
1.44308
1.50478
1.36602
1.29518
1.35656
1.25915
1.01732
0.886987
0.893964
0.881135
0.887652
0.907413
0.937556
0.989834
1.07762
1.11189
1.12581
1.14097
1.11972
1.17529
1.17742
1.00456
1.16963
1.40896
0.829796
1.41316
1.78547
1.70418
1.25351
1.45528
1.52732
1.40407
1.3973
1.53186
1.49038
1.49959
1.45536
1.37309
1.57514
1.54581
1.49403
1.51071
1.55861
1.26742
1.2554
1.32773
1.3309
1.44868
1.38168
1.41157
1.34119
1.15107
0.950875
0.888322
0.875219
0.859719
0.83435
0.84376
0.898176
1.01874
1.09067
1.07078
1.11772
1.13541
1.14487
1.17252
1.17103
0.997789
1.16025
1.47206
0.829796
1.41316
1.95232
1.68537
1.3387
1.60261
1.35557
1.63164
1.60431
1.51983
1.52157
1.60986
1.3967
1.36213
1.34087
1.46177
1.48444
1.49612
1.44845
1.27456
1.31463
1.43144
1.3479
1.42411
1.50117
1.43827
1.15708
1.13528
0.932766
0.909042
0.843555
0.833551
0.840831
0.862477
0.908031
1.01358
1.07838
1.11233
1.12281
1.1457
1.12725
1.1923
1.18397
1.0543
1.10987
1.4125
0.829796
1.41316
1.97782
1.60942
1.43965
1.25294
1.35599
1.54397
1.72354
1.67557
1.55208
1.44571
1.3887
1.33298
1.3384
1.32148
1.36308
1.43678
1.39296
1.32484
1.41865
1.49314
1.3987
1.50071
1.48522
1.47721
1.05662
1.05891
0.968924
0.954533
0.886347
0.849974
0.888139
0.906994
0.956684
0.985007
1.04789
1.12271
1.135
1.10791
1.11165
1.16901
1.14579
1.05791
1.10297
1.36369
0.829796
1.41316
2.03273
1.56207
1.52087
1.56362
1.37184
1.43233
1.58834
1.62891
1.3901
1.33367
1.50759
1.24366
1.28757
1.43311
1.37534
1.46162
1.56967
1.49191
1.42762
1.61574
1.55562
1.32086
1.14913
1.0206
0.99257
1.08549
0.97966
0.953167
0.908695
0.878728
0.93726
0.92279
0.946933
1.01782
1.04008
1.08893
1.13935
1.10566
1.11437
1.13604
1.10888
1.07716
1.03398
1.4247
0.829796
1.41316
1.95306
1.6213
1.23207
1.2242
1.5015
1.39085
1.72531
1.53122
1.23668
1.50191
1.50791
1.42734
1.33381
1.51308
1.45734
1.69737
1.51827
1.5078
1.39848
1.51941
1.24138
0.978462
0.806069
0.962122
0.998846
1.15167
1.10509
0.986182
0.863283
0.872023
0.937181
0.916259
0.925063
0.974567
1.08257
1.09878
1.15619
1.16915
1.12556
1.13324
1.15281
1.09933
1.07083
1.37448
0.829796
1.41316
1.96515
1.49794
1.42769
1.45662
1.17439
1.51644
1.31254
1.34023
1.49861
1.33956
1.44628
1.50741
1.39479
1.49347
1.66108
1.63279
1.57177
1.36989
1.28636
1.31478
0.963389
0.681217
0.769765
0.869923
1.04671
1.15997
1.13045
0.955509
0.857294
0.87158
0.864808
0.94477
0.993152
1.05656
1.07003
1.0661
1.10524
1.13377
1.13152
1.16835
1.14194
1.11889
1.07479
1.35594
0.829796
1.41316
1.87824
1.4112
1.61909
1.77442
1.21503
1.52755
1.26397
1.50886
1.47788
1.38901
1.70188
1.5178
1.42768
1.47676
1.64918
1.65868
1.60018
1.28209
1.27431
1.32964
0.819001
0.611466
0.618546
0.876558
1.16686
1.25023
1.20491
1.33362
1.16537
0.963972
0.883538
0.967264
1.04027
1.06308
1.03514
1.09706
1.13075
1.13089
1.15318
1.12917
1.13787
1.07307
1.10714
1.31552
0.829796
1.41316
1.89113
1.3969
1.56773
1.91939
1.21221
1.41038
1.42289
1.25315
1.34608
1.57756
1.47436
1.59355
1.47111
1.32943
1.19548
1.44504
1.44168
1.27996
1.36978
1.10659
0.758486
0.694575
0.700895
0.876257
1.21628
1.48607
1.55912
1.52108
1.45558
1.16916
0.886741
0.94814
1.0732
1.10368
1.09179
1.14329
1.09892
1.0925
1.15883
1.12688
1.14705
1.08354
1.09751
1.35702
0.829796
1.41316
1.87573
1.5632
1.58267
1.6265
1.29167
1.34173
1.49606
1.37236
1.46847
1.45248
1.41824
1.19933
1.48303
1.40204
1.2045
1.23573
1.22888
1.27497
1.47297
1.12279
0.776555
0.774758
0.819464
0.837387
1.12615
1.439
1.80831
1.98883
2.23652
1.33628
0.950222
0.963371
1.09777
1.09709
1.08761
1.12646
1.12795
1.11703
1.1592
1.13339
1.10083
1.10048
1.12884
1.3296
0.829796
1.41316
1.72902
1.63013
1.69898
1.71197
1.29647
1.3225
1.70754
1.65916
1.60169
1.47707
1.39437
1.22177
1.35322
1.40619
1.22876
1.20114
1.18071
1.29416
1.16253
0.958654
0.657886
0.91006
0.958696
0.797859
0.990584
1.15698
1.45885
1.83402
1.77153
1.49064
1.13211
1.0363
1.07341
1.12614
1.14582
1.07623
1.15133
1.15
1.12353
1.11867
1.1449
1.12003
1.14909
1.26136
0.829796
1.41316
1.78475
1.74848
1.71342
1.69108
1.58141
1.36555
1.56695
1.56264
1.48981
1.39923
1.32895
1.46592
1.38627
1.35007
1.18497
1.20607
1.15102
1.0932
0.938576
0.849993
0.776598
0.891469
0.841999
0.823671
1.08429
1.12403
1.14863
1.26625
1.39161
1.37978
1.22936
1.14598
1.08652
1.13014
1.12701
1.13537
1.16505
1.11799
1.11324
1.1311
1.14104
1.09068
1.13187
1.28782
0.829796
1.41316
1.80689
1.7018
1.67953
1.51427
1.28717
1.47303
1.34185
1.74035
1.57339
1.37736
1.36054
1.61835
1.35535
1.319
1.33587
1.33851
1.16881
0.83991
0.789519
0.774013
0.808603
0.788167
0.845134
0.93744
1.14965
1.20045
1.07699
1.12
1.1656
1.13486
1.09529
1.19278
1.27849
1.1775
1.14069
1.17331
1.12247
1.11965
1.15405
1.13554
1.11658
1.10486
1.11287
1.31017
0.829796
1.41316
1.86269
1.66721
1.73673
1.54026
1.31338
1.54819
1.3936
1.56514
1.63815
1.65337
1.59647
1.5782
1.40303
1.43621
1.39497
1.48235
1.2551
0.809846
0.919272
0.789702
0.870677
0.861592
0.858118
0.995598
1.15557
1.07496
1.05336
1.11851
1.12814
0.983692
0.933082
1.04999
1.14271
1.11237
1.15486
1.20685
1.13385
1.10495
1.11423
1.12264
1.16364
1.04555
1.12175
1.30374
0.829796
1.41316
1.8413
1.77045
1.74736
1.54325
1.48016
1.52862
1.57098
1.64209
1.58921
1.6436
1.74593
1.58762
1.41651
1.24716
1.3686
1.37967
1.31452
1.05816
0.92966
1.07158
0.9954
0.970487
0.96315
1.01592
1.1268
1.09472
0.969979
0.995839
1.01188
0.91922
0.935618
1.03501
1.04867
1.13604
1.16332
1.13293
1.15157
1.13148
1.10523
1.15932
1.06174
1.01137
1.191
1.28716
0.829796
1.41316
1.75032
1.8285
1.65217
1.61075
1.53731
1.61939
1.44534
1.50735
1.37259
1.41197
1.61631
1.43975
1.22856
1.44485
1.22802
1.19893
1.26023
1.26711
1.07762
1.20533
1.11184
1.04466
0.929359
1.06376
1.17866
1.05623
0.862771
0.873736
0.998928
0.899598
0.900539
1.02776
1.10277
1.09425
1.15103
1.11316
1.15691
1.13907
1.15207
1.133
1.10905
0.992524
1.22047
1.23328
0.829796
