1.3897
1.78978
1.76322
1.57203
1.49895
1.50299
1.55348
1.50115
1.39489
1.39112
1.54383
1.61878
1.43687
1.31957
1.14977
1.2899
1.29227
1.29491
1.41499
1.33208
1.24264
1.23471
1.04261
0.864783
1.00527
1.09527
1.02525
0.863087
0.870769
0.880021
0.824744
0.90664
1.00544
1.02811
1.0893
1.16728
1.14922
1.10725
1.17798
1.14948
1.13859
1.08652
1.06791
1.25576
1.28842
0.87278
1.3897
1.79307
1.78335
1.71681
1.60719
1.45032
1.64819
1.64001
1.37043
1.3327
1.49025
1.62421
1.28809
1.31656
1.50008
1.45036
1.51005
1.43548
1.31263
1.27115
1.06097
1.16149
1.06447
0.960481
1.01503
1.14035
1.07791
0.942891
0.856436
0.801563
0.779176
0.878239
1.02102
1.0563
1.09559
1.15252
1.15896
1.1288
1.16032
1.16715
1.12642
1.11458
1.12326
1.27624
1.363
0.87278
1.3897
1.79739
1.81392
1.65204
1.59341
1.17372
1.46854
1.47755
1.59342
1.53937
1.21524
1.46068
1.48306
1.32962
1.63166
1.66918
1.59925
1.406
1.0281
0.967807
1.2299
1.1121
1.06423
1.05883
1.03944
1.14954
1.01759
0.70108
0.607474
0.739153
0.760771
0.883003
0.989533
1.06038
1.10557
1.18087
1.16734
1.11193
1.14169
1.12394
1.16828
1.13014
1.1366
1.28254
1.29247
0.87278
1.3897
1.81321
1.80308
1.61651
1.49053
1.22077
1.24488
1.5203
1.73334
1.45697
1.49168
1.53065
1.33899
1.69766
1.83641
1.66767
1.62909
1.19756
0.932555
1.09062
1.29237
1.22918
1.24901
1.20089
1.04784
1.08752
0.924603
0.709746
0.655585
0.745237
0.759314
0.847228
0.99233
1.10497
1.1509
1.16174
1.16031
1.13962
1.16471
1.14388
1.14578
1.12845
1.12434
1.26671
1.34982
0.87278
1.3897
1.81712
1.79378
1.58155
1.23831
1.33906
1.23518
1.42391
1.60506
1.46593
1.58668
1.66655
1.09181
1.55469
1.72174
1.572
1.5544
1.19042
1.10024
1.31918
1.49074
1.52685
1.56253
1.3303
1.04791
0.971024
0.877034
0.800061
0.717439
0.756613
0.677577
0.855426
1.03159
1.03804
1.15199
1.13486
1.16191
1.17678
1.15702
1.15237
1.15878
1.10634
1.12916
1.23369
1.40658
0.87278
1.3897
1.83381
1.67958
1.55817
1.50574
1.54936
1.24636
1.30317
1.77557
1.56936
1.50039
1.65677
1.66038
1.4909
1.32217
1.42885
1.4546
1.10731
1.18903
1.36601
1.59401
1.57657
1.39452
1.2723
1.05435
1.00591
0.928189
0.428426
0.382987
0.806249
0.884523
0.859781
1.05174
1.1786
1.15605
1.17845
1.20721
1.19048
1.15058
1.17136
1.11817
1.08992
1.10349
1.23475
1.37884
0.87278
1.3897
1.83166
1.7789
1.47288
1.36719
1.78103
1.40583
1.38037
1.51859
1.46048
1.5229
1.71898
1.61112
1.40845
1.43964
1.46846
1.45408
1.26846
1.27072
1.48196
1.821
1.56491
1.59474
1.48824
1.42543
1.02018
1.08756
1.38251
1.65823
1.73849
1.21962
0.861695
1.02196
1.17952
1.10067
1.21372
1.22604
1.1703
1.14964
1.18022
1.13049
1.11933
1.14647
1.25794
1.39387
0.87278
1.3897
1.83628
1.73921
1.45332
1.40193
1.51009
1.50443
1.30236
1.57188
1.37088
1.57386
1.66032
1.61976
1.44742
1.49814
1.53441
1.60294
1.53383
1.49256
1.55654
1.85656
1.89641
1.62871
1.76186
1.50741
1.21028
0.949013
1.5558
2.56952
2.22511
1.35841
1.27209
1.15637
1.07376
1.22643
1.28606
1.2755
1.19014
1.19297
1.17894
1.11926
1.09125
1.10801
1.23263
1.43964
0.87278
1.3897
1.84718
1.71657
1.59312
1.55477
1.48947
1.68133
1.47983
1.38722
1.61514
1.55588
1.58977
1.62288
1.48601
1.60097
1.62754
1.71836
1.73648
1.6911
1.73281
1.95047
2.17245
1.98689
1.61298
1.99569
1.76012
1.00855
2.42678
2.20347
1.80134
1.07313
1.21114
1.69822
1.00704
1.2836
1.38519
1.17067
1.21543
1.22699
1.11754
1.20858
1.18128
1.11208
1.21229
1.45877
0.87278
1.3897
1.81244
1.70847
1.59151
1.5766
1.51973
1.66275
1.60741
1.6295
1.63609
1.86249
1.50365
1.56309
1.40528
1.62446
1.69807
1.85559
1.95039
1.99859
2.05455
2.31724
2.48548
2.19953
2.13918
2.19863
2.23575
2.30392
2.33557
2.20056
1.34476
1.10041
1.05588
1.66299
1.16451
1.28713
1.46231
1.16114
1.23236
1.29881
1.14587
1.10969
1.14303
1.03514
1.21387
1.43992
0.87278
1.3897
1.8415
1.66212
1.41033
1.40736
1.39207
1.57061
1.45872
1.58945
1.43538
1.60171
1.50449
1.58335
1.58239
1.67859
1.72439
1.93226
2.14076
2.24839
2.38728
2.28799
2.23675
2.38758
2.29227
2.04656
2.20379
2.40276
2.36161
2.04035
2.13017
1.61779
1.2675
1.53847
1.272
1.23193
1.43939
1.35763
1.18618
1.24803
1.17437
1.14394
1.15039
1.02196
1.21529
1.43359
0.87278
1.3897
1.86532
1.67384
1.29772
1.40053
1.41945
1.46722
1.69012
1.59907
1.51713
1.46257
1.46159
1.5379
1.55756
1.78468
1.81782
2.05742
2.3971
2.65959
2.84916
2.09608
2.55733
2.32011
2.54046
2.39191
2.16935
2.38055
2.43961
2.21399
2.02495
1.76338
1.59041
1.64183
1.665
1.39337
1.279
1.37416
1.2535
1.17085
1.16235
1.23797
1.14552
1.0759
1.19147
1.39703
0.87278
1.3897
1.65456
1.65474
1.35852
1.35552
1.54585
1.69271
1.49494
1.53316
1.48863
1.44554
1.47435
1.55056
1.7185
1.8328
1.8872
2.14065
2.54495
2.73328
2.61571
2.29495
2.08649
2.17769
1.91316
1.98263
1.93381
1.84966
2.18631
2.22966
2.01972
1.73944
1.77109
2.15431
2.22322
1.43299
1.15175
1.3825
1.34894
1.18779
1.19926
1.22353
1.15936
1.09426
1.16837
1.47506
0.87278
1.3897
1.65521
1.60661
1.39986
1.55879
1.58832
1.57721
1.46924
1.33849
1.3862
1.64837
1.58851
1.5419
1.62612
1.78985
1.8933
2.1673
2.49397
2.61887
2.42263
2.23111
1.75445
1.56416
1.82939
1.23232
1.89006
1.89694
2.04649
2.38843
2.26266
2.04069
2.04155
2.50535
2.43439
1.80149
1.13418
1.30051
1.38617
1.12421
1.17743
1.21839
1.10479
1.06984
1.15538
1.42905
0.87278
1.3897
1.74214
1.58005
1.33494
1.53861
1.57586
1.56795
1.58255
1.3712
1.38194
1.60997
1.61951
1.40402
1.45773
1.85405
1.97576
2.05515
2.42742
2.67863
2.05546
2.08168
1.63693
1.16263
1.24406
1.55409
2.17957
1.88611
1.78295
1.95304
2.26373
1.97882
1.96806
2.37162
2.48543
2.01684
1.24372
1.35679
1.29669
1.14859
1.18827
1.21988
1.09548
1.08674
1.21219
1.45398
0.87278
1.3897
1.77849
1.58666
1.3845
1.4798
1.49823
1.46664
1.54389
1.70478
1.66405
1.68882
1.46674
1.39151
1.86307
2.37758
2.68911
2.50748
2.41324
2.3204
2.24609
2.05461
1.50043
1.2005
1.59697
1.48434
2.24658
2.53113
1.96066
1.96065
1.83029
1.8107
1.71352
2.24875
2.10277
1.62831
1.49665
1.42851
1.34505
1.1414
1.25748
1.21911
1.11846
1.03538
1.25627
1.46053
0.87278
1.3897
1.71726
1.56252
1.33843
1.51803
1.46941
1.43793
1.60168
1.53542
1.73963
1.92265
1.56942
1.88211
2.1106
1.98227
1.79112
1.7297
1.84524
2.05516
2.17265
1.87976
1.32172
1.11973
1.36453
1.87157
1.80847
1.72046
1.83192
2.05448
2.08699
1.70949
1.66264
1.66151
1.60813
1.58165
1.53058
1.49541
1.42236
1.20649
1.23078
1.16853
1.10263
1.00924
1.22921
1.50649
0.87278
1.3897
1.71999
1.66568
1.43834
1.5197
1.50153
1.41317
1.51226
1.33705
1.5904
1.49353
1.54918
2.26501
2.11057
1.68122
1.63128
1.65011
1.72849
1.7295
1.86104
1.63094
1.01493
1.15828
0.973929
1.18512
1.41784
1.55257
1.45253
1.65965
2.0057
1.64901
1.64243
1.62661
1.64855
1.47186
1.6443
1.46498
1.42938
1.22019
1.20664
1.1436
1.14413
1.05523
1.21772
1.48715
0.87278
1.3897
1.72821
1.76071
1.53148
1.55532
1.34337
1.46634
1.6443
1.5996
1.56996
1.45399
1.5235
1.74307
2.08601
1.83972
1.50964
1.45181
1.48333
1.45634
1.57091
1.61458
1.04645
1.21735
1.01162
0.92579
0.897936
0.910704
1.06316
1.25256
1.42454
1.49621
1.56315
1.79054
1.72822
1.2201
1.45194
1.4636
1.27199
1.25241
1.20654
1.10947
1.14753
1.06008
1.24845
1.53411
0.87278
1.3897
1.7094
1.64219
1.76103
1.50165
1.51156
1.42607
1.45785
1.36458
1.32047
1.37657
1.64337
1.77324
2.1517
1.74856
1.54034
1.4464
1.32736
1.32385
1.47328
1.34179
0.951104
1.13587
0.864483
1.05109
1.07225
1.03648
1.08288
1.17115
1.39664
1.57109
1.61318
1.51793
1.68587
1.67346
1.22383
1.13395
1.19318
1.25122
1.16685
1.114
1.11597
1.02949
1.19604
1.52169
0.87278
1.3897
1.78325
1.72414
1.53532
1.31639
1.20823
1.49756
1.4697
1.22313
1.43408
1.60754
1.67704
1.75186
1.84595
2.19119
1.86549
1.39299
1.35923
1.1903
1.39262
1.10792
1.37961
1.09245
1.06051
1.00739
0.899026
0.891837
0.927516
1.13334
1.4852
1.52998
1.55392
1.68574
1.75019
1.6863
0.892453
1.08108
1.17384
1.24897
1.16207
1.10538
1.10853
1.03703
1.2764
1.56929
0.87278
1.3897
1.80885
1.52078
1.50584
1.58533
1.40753
1.49146
1.55238
1.27574
1.47428
1.75452
1.87639
1.84374
1.65874
1.74768
1.89287
1.6051
1.51539
1.25205
0.948302
0.813962
1.17705
1.10381
1.08211
1.01815
1.18376
1.12827
1.14097
1.11162
1.29199
1.39095
1.58745
1.85399
1.68089
1.68671
1.04663
1.13835
1.1561
1.19822
1.13399
1.14806
1.09236
1.05196
1.21151
1.58641
0.87278
1.3897
1.82676
1.59108
1.46478
1.46236
1.33327
1.42297
1.45454
1.48357
1.59282
1.0836
1.59354
1.71306
1.58035
1.48093
1.82024
1.51084
1.61496
1.63042
0.616585
0.588263
0.891912
0.930616
0.783219
0.984554
1.22247
1.18932
1.11357
1.23303
1.27677
1.20132
1.27674
1.44102
1.71606
1.49221
1.52781
1.13848
1.11814
1.15398
1.09437
1.0801
1.11583
1.03587
1.24252
1.5256
0.87278
1.3897
1.79984
1.37352
1.42309
1.36107
1.33524
1.49641
1.3473
1.53789
1.63591
1.57256
1.54794
1.43192
1.53184
1.57625
1.42051
1.51642
1.61713
1.72706
0.754359
1.14272
0.410233
0.32258
0.692497
0.877832
1.02741
1.05005
1.13267
1.1577
1.0329
1.13755
1.36611
1.39155
1.40853
1.49273
1.44367
1.19584
1.12132
1.17448
1.1032
1.05845
1.13702
1.00696
1.35595
1.51049
0.87278
1.3897
1.74728
1.49546
1.41398
1.31374
1.42107
1.43993
1.46729
1.54156
1.26805
1.25935
1.36098
1.58546
1.50119
1.40687
1.08147
1.36595
1.41342
1.53058
0.819147
1.1095
0.782787
0.667784
0.63334
0.893369
0.951504
0.978727
1.06964
1.19078
1.06324
1.05832
1.39672
1.3338
1.45329
1.40065
1.2034
1.14607
1.11797
1.14143
1.09089
1.09276
1.11523
1.02265
1.2889
1.50231
0.87278
1.3897
2.00899
1.50917
1.45875
1.31098
1.38733
1.44502
1.36132
1.61181
1.26261
0.884535
1.24351
1.32639
1.4909
1.23183
0.970718
0.890882
0.903101
0.985064
0.453315
0.892769
0.696282
0.737634
0.650276
0.889102
0.985639
0.854686
0.773658
0.871941
0.738818
0.920007
0.986489
1.06747
1.19049
1.16392
1.06955
1.09781
1.10571
1.12689
1.05157
1.12846
1.11211
1.03306
1.2484
1.53571
0.87278
1.3897
1.97377
1.4819
1.32688
1.33798
1.45426
1.19385
1.39902
1.36652
0.914237
0.906796
0.796185
1.07673
1.32623
1.25445
1.03898
0.97429
0.919608
0.533882
0.340363
0.87824
0.681412
0.861798
0.847156
0.774094
0.731342
0.591088
0.507688
0.640548
0.798446
0.818254
0.929908
1.0379
0.96808
1.03556
1.06986
1.09033
1.08341
1.0687
1.06225
1.07542
1.11185
1.04166
1.10551
1.52301
0.87278
1.3897
1.82035
1.54687
1.32021
1.26412
1.49313
1.35059
1.3495
1.44469
0.83523
0.919767
0.721882
0.878189
1.08304
1.2883
1.06613
1.06358
1.02641
0.798427
0.595682
1.06973
1.2556
0.949675
0.863348
0.732413
0.616603
0.534347
0.529314
0.624109
0.758804
0.852648
0.963777
1.05253
1.02824
1.01869
1.05359
1.03409
1.06577
1.06556
1.06438
1.07666
1.09753
1.07674
1.14533
1.4478
0.87278
1.3897
2.00703
1.46729
1.34506
1.35637
1.58137
1.59025
1.51355
1.30296
0.786877
0.832925
0.787956
0.983826
1.03138
1.17131
0.958702
1.01802
1.00264
0.690789
0.853315
0.787876
1.01937
1.01141
0.726423
0.828075
0.574569
0.666751
0.715993
0.744908
0.793558
0.900891
0.919242
1.0106
1.01109
1.05207
1.0735
1.06984
1.08125
1.05131
1.0653
1.07666
1.07791
1.0907
1.22792
1.43769
0.87278
1.3897
1.9888
1.42583
1.36162
1.41089
1.41955
1.3635
1.20393
1.47055
1.33358
0.97981
1.0697
1.04977
1.10831
1.27057
1.10698
0.658179
0.776566
0.336263
0.531561
0.695692
1.01202
0.795599
0.818855
0.827034
0.794334
0.901274
0.788254
0.773646
0.846047
0.839598
0.909302
0.95338
0.95492
1.05007
1.06223
1.07272
1.05103
1.05048
1.05828
1.03821
1.08825
1.08493
1.26564
1.37255
0.87278
1.3897
2.07425
1.4416
1.34443
1.50874
1.3448
1.3775
1.3628
1.3837
1.45412
1.26712
1.33245
1.23207
1.20529
1.19439
1.09542
0.879044
0.660171
0.257519
0.585066
0.739099
0.843217
0.995055
1.05334
1.00349
0.94309
1.05391
0.994483
0.879143
0.861872
0.871502
0.911178
0.949838
1.00795
0.97691
1.09629
1.04561
1.03558
1.0539
1.04999
1.07579
1.05897
1.1067
1.29778
1.35994
0.87278
1.3897
1.97514
1.41972
1.36744
1.41214
1.61384
1.52889
1.35458
1.44051
1.25251
1.32542
1.38663
1.15104
1.26118
1.18996
1.10659
0.854212
0.750768
0.65972
0.726329
0.926187
1.16189
1.146
1.14939
1.12836
1.05486
1.21509
1.13174
0.934383
0.886735
0.875255
0.890189
0.958811
0.954716
1.01423
1.02119
1.01599
1.0192
1.09763
1.07429
1.06445
1.1188
1.09164
1.34532
1.3085
0.87278
1.3897
1.98584
1.39677
1.38608
1.44026
1.48029
1.58486
1.60937
1.43084
1.31674
1.17092
1.3829
1.12668
1.28903
1.35672
1.12059
0.89504
0.897552
0.791403
0.883227
1.12571
1.15626
1.10073
1.19788
1.11392
1.05878
1.18299
1.23442
1.15245
1.00289
0.84791
0.86467
0.922354
0.927865
0.986994
1.05988
1.0617
1.06234
1.05442
1.0763
1.10778
1.07247
1.06696
1.32737
1.27008
0.87278
1.3897
2.003
1.44564
1.44989
1.4074
1.36206
1.40423
1.42188
1.57381
1.3169
1.42121
1.49533
1.42003
1.32083
1.38291
1.21034
1.08145
0.830788
0.747239
0.847134
1.15802
1.29423
1.31209
1.22925
1.19087
1.02858
1.06615
1.15565
1.23981
1.11012
0.988148
0.996359
0.944471
1.00302
1.00947
1.05897
1.10401
1.066
1.08658
1.09237
1.09961
1.06637
1.09221
1.36475
1.32925
0.87278
1.3897
1.97645
1.43904
1.37504
1.31014
1.50571
1.39562
1.49692
1.38433
1.34422
1.44484
1.54034
1.41093
1.38236
1.52675
1.44576
1.26217
1.0872
0.873636
0.955948
1.16628
1.43262
1.40701
1.3634
1.29202
1.02786
0.968703
1.22521
1.17446
1.16032
1.22409
1.11046
1.00287
0.977685
1.03513
1.07329
1.06549
1.0985
1.1152
1.04993
1.10133
1.06517
1.09994
1.34516
1.30783
0.87278
1.3897
2.04073
1.42363
1.40319
1.34519
1.49683
1.38296
1.42153
1.57839
1.48546
1.33163
1.3571
1.33758
1.30556
1.41405
1.45448
1.37607
1.19012
0.979643
1.11574
1.26062
1.42193
1.56233
1.53088
1.42578
1.12955
1.00239
1.0723
1.22041
1.15998
1.17231
1.13525
1.07101
1.07571
1.05806
1.09147
1.10689
1.13404
1.1023
1.11397
1.14157
1.07711
1.08458
1.35831
1.29987
0.87278
1.3897
2.03013
1.45861
1.37945
1.50149
1.36981
1.38578
1.41793
1.39496
1.5254
1.39123
1.40272
1.42451
1.23408
1.39685
1.41258
1.38271
1.22428
1.05867
1.14398
1.32541
1.48888
1.57137
1.54076
1.52479
1.25298
1.06963
1.14949
1.23788
1.20154
1.16402
1.25361
1.20402
1.04046
1.0781
1.11535
1.09565
1.11968
1.1468
1.10266
1.12141
1.09668
1.08575
1.34565
1.22417
0.87278
1.3897
2.0804
1.41531
1.475
1.52557
1.39824
1.35848
1.38035
1.46093
1.46827
1.35377
1.38235
1.4284
1.38637
1.34199
1.33163
1.41583
1.19154
1.11652
1.23414
1.46826
1.65895
1.66523
1.62754
1.61341
1.30325
1.14226
1.21648
1.26205
1.18127
1.19889
1.26101
1.28118
1.13728
1.06792
1.13193
1.10452
1.12473
1.08554
1.10037
1.09728
1.10662
1.10258
1.39608
1.42364
0.87278
1.3897
2.14048
1.65956
1.84761
1.39767
1.34146
1.3194
1.40846
1.54772
1.35334
1.57123
1.54616
1.41912
1.40725
1.3544
1.37056
1.42559
1.32836
1.21191
1.31547
1.51591
1.61112
1.78783
1.75287
1.64114
1.35148
1.1924
1.11738
1.18063
1.17979
1.19443
1.28661
1.30981
1.21026
1.11559
1.16978
1.11828
1.12544
1.1501
1.12305
1.13414
1.11972
1.08572
1.343
1.34359
0.87278
1.3897
2.05162
1.82529
1.71337
1.3748
1.30846
1.33801
1.35971
1.45247
1.4391
1.47684
1.40687
1.32987
1.29716
1.38937
1.45895
1.44705
1.36977
1.25211
1.42006
1.80552
1.78007
1.67243
1.82724
1.67301
1.44798
1.16094
1.14593
1.20307
1.28392
1.33675
1.32536
1.33061
1.16695
1.15245
1.16611
1.12926
1.16039
1.15786
1.12713
1.11762
1.0943
1.07149
1.38045
1.32024
0.87278
1.3897
2.07599
1.68822
1.23455
1.38166
1.27236
1.46729
1.32108
1.51854
1.37032
1.50327
1.60943
1.53827
1.48993
1.60189
1.36835
1.36275
1.38612
1.29566
1.47578
1.68293
1.97619
1.88608
1.80152
1.75569
1.53044
1.28393
1.18708
1.36613
1.37221
1.34716
1.42107
1.16496
1.0365
1.22734
1.16872
1.16101
1.16354
1.11026
1.15922
1.1358
1.1408
1.08484
1.32837
1.36058
0.87278
1.3897
2.04732
1.75597
1.44488
1.33629
1.2313
1.60295
1.33146
1.52862
1.65063
1.36423
1.31188
1.54366
1.47977
1.56818
1.38464
1.28904
1.34741
1.37045
1.56649
1.77114
1.84683
1.88119
1.75026
1.72707
1.68472
1.43667
1.30874
1.35911
1.37588
1.34829
1.41574
1.33452
1.13276
1.21443
1.03659
1.24439
1.13969
1.12548
1.11115
1.12845
1.12988
1.03873
1.34505
1.39258
0.87278
1.3897
1.99379
1.5723
1.33513
1.31048
1.5849
1.42238
1.50955
1.42309
1.53331
1.47672
1.37518
1.34642
1.30624
1.38745
1.331
1.35343
1.48447
1.39401
1.59406
1.88298
1.79578
1.75448
1.73111
1.6727
1.58732
1.4206
1.36724
1.3772
1.37708
1.4623
1.464
1.38111
1.26825
1.15772
1.27454
1.21236
1.13434
1.14482
1.15502
1.12347
1.10787
1.03103
1.34774
1.3874
0.87278
1.3897
1.96049
1.48816
1.3007
1.33444
1.37273
1.16624
1.57683
1.43812
1.39735
1.29959
1.18503
1.32916
1.37447
1.32258
1.38351
1.48252
1.51129
1.34006
1.64035
1.66557
1.65093
1.58044
1.5757
1.57313
1.67685
1.42967
1.53949
1.52575
1.34018
1.42873
1.44623
1.4162
1.37564
1.21181
1.22521
1.24366
1.16397
1.13839
1.15528
1.13196
1.16493
1.06844
1.28135
1.42794
0.87278
1.3897
1.9791
1.60576
1.37737
1.65627
1.41794
1.44832
1.55835
1.38423
1.32023
1.15208
1.03664
0.88795
1.04784
1.46662
1.34497
1.28055
1.26774
1.35561
1.71905
1.79266
1.38599
1.3597
1.50696
1.69312
1.65027
1.59736
1.59201
1.66444
1.37016
1.38269
1.57591
1.61571
1.30135
1.23468
1.22529
1.1912
1.12384
1.12627
1.12263
1.13676
1.1702
1.04329
1.28239
1.4271
0.87278
1.3897
1.91425
1.48483
1.28773
1.44404
1.40672
1.55308
1.30514
1.4618
1.3719
0.973229
0.810921
0.173182
0.126502
1.11656
1.3847
1.25173
1.24054
1.31666
1.71316
1.69363
1.45166
1.28026
1.39205
1.67145
1.70458
1.68744
1.57615
1.59598
1.36675
1.18428
1.48056
1.75665
1.36537
1.21696
1.19817
1.18194
1.14267
1.14932
1.1182
1.11856
1.16571
1.0608
1.20605
1.44088
0.87278
1.3897
1.96472
1.3617
1.36756
1.49119
1.47523
1.33847
1.27169
1.70044
1.32191
0.827779
0.20381
-0.0632633
-0.159276
0.395447
1.29909
1.26779
1.15204
1.11881
1.58494
1.67778
1.34544
1.19136
1.15388
1.54726
1.91122
1.81547
1.61278
1.56185
1.55755
1.24383
1.60378
1.72133
1.33012
1.31635
1.22046
1.12279
1.09645
1.11791
1.11261
1.13947
1.15254
1.05419
1.1994
1.4269
0.87278
1.3897
1.99334
1.39819
1.40589
1.53967
1.32676
1.41308
1.59473
1.74272
1.37931
0.736625
0.178104
0.0740334
0.629277
0.432346
0.813232
1.00213
1.12151
1.33239
1.37028
1.45398
1.15116
0.91377
1.04384
1.41601
1.84524
1.75676
1.64864
1.55444
1.58553
1.59007
1.34762
1.30175
1.27439
1.18701
1.15577
1.13012
1.15571
1.17491
1.13127
1.13877
1.15277
1.05085
1.19031
1.43074
0.87278
1.3897
2.01928
1.45575
1.49133
1.6147
1.24838
1.50454
1.51095
1.8673
1.07555
0.501988
0.402985
0.625208
0.794207
0.710126
0.718406
1.07242
1.08223
1.35889
1.42378
1.34131
1.13914
0.932989
0.949528
1.44108
1.81152
1.76993
1.56932
1.34056
1.51976
1.55905
1.25156
1.36037
1.20928
1.23172
1.18256
1.13813
1.14246
1.11547
1.14364
1.10538
1.13881
1.07902
1.17336
1.41988
0.87278
1.3897
1.94913
1.51868
1.37969
1.67148
1.20204
1.41468
1.52317
1.40888
0.838469
0.278584
0.605768
0.78248
0.790887
0.854193
0.974261
1.40794
1.23413
1.47003
1.56623
1.28641
1.15989
0.892402
0.990913
1.3598
1.75754
1.65777
1.46567
1.27115
1.47533
1.58757
1.32014
1.23384
1.16074
1.169
1.17898
1.20483
1.19361
1.15257
1.16193
1.1843
1.13628
1.10896
1.17414
1.4354
0.87278
1.3897
1.94521
1.5699
1.26746
1.5278
1.36294
1.27327
1.37177
1.33756
0.725197
0.338023
0.746278
0.890224
0.81405
0.765368
0.923536
1.28364
1.31925
1.61036
1.51923
1.28849
1.1578
1.03635
1.12638
1.37268
1.51911
1.31673
1.05823
1.28022
1.48828
1.1937
1.17654
1.12222
1.14517
1.15709
1.14421
1.17256
1.21189
1.15917
1.13846
1.14784
1.16605
1.09744
1.1537
1.40772
0.87278
1.3897
1.92707
1.668
1.31852
1.58725
1.35359
1.13162
1.37289
1.18568
0.776044
0.469825
0.770918
0.722815
0.752359
0.761304
1.1589
1.35149
1.47373
1.59252
1.60937
1.19314
1.10282
1.05714
1.12423
1.21482
1.00609
0.57287
0.539551
1.02989
1.34474
1.01194
1.01219
1.06261
1.04539
1.14539
1.18461
1.17465
1.15177
1.19118
1.15974
1.13647
1.14729
1.10777
1.18051
1.39922
0.87278
1.3897
1.95456
1.58656
1.21914
1.46316
1.30948
1.53756
1.40013
1.23098
0.811971
0.378019
0.597695
0.590623
0.702557
0.955781
1.16888
1.42345
1.53734
1.72905
1.79712
1.32398
1.15069
1.18693
0.976292
0.77103
0.607022
0.358918
0.427902
0.9258
1.1552
0.992521
0.920489
1.01002
1.04186
1.11591
1.15388
1.15566
1.17689
1.18184
1.22449
1.15307
1.14057
1.09126
1.18417
1.37988
0.87278
1.3897
2.12469
1.47822
1.23321
1.33933
1.28906
1.31864
1.37485
1.18097
1.0197
0.465707
0.362429
0.565752
0.7041
1.08952
1.1196
1.30804
1.55181
1.70994
1.7588
1.34603
1.31168
1.12407
0.897486
0.791037
0.618568
0.647207
0.736087
0.871929
1.00658
0.920887
0.87396
0.958849
0.992311
1.02499
1.05502
1.10481
1.13489
1.1642
1.17521
1.17301
1.14281
1.10403
1.16181
1.41139
0.87278
1.3897
1.99414
1.26974
1.18756
1.35765
1.4285
1.41153
1.44727
1.29342
1.01319
1.03737
0.261782
0.376946
0.673143
0.89759
1.18675
1.42331
1.7429
1.58984
1.57878
1.2469
1.2922
1.17026
1.21858
0.868506
0.964922
1.01372
0.885015
0.850267
0.924033
0.896773
0.819552
0.943232
0.97811
0.99843
1.10264
1.1539
1.19015
1.16917
1.11691
1.18303
1.17907
1.11847
1.1534
1.39384
0.87278
1.3897
1.43312
1.29458
1.18937
1.40493
1.46762
1.57412
1.45306
1.64578
1.26542
1.29613
1.04111
0.760637
0.903052
0.70831
1.0687
1.38889
1.43856
1.45808
1.25842
1.23704
1.36012
1.46441
1.4836
1.31472
1.14766
1.16568
0.962656
0.877842
0.924085
0.895099
0.857133
0.930729
0.969033
1.00718
1.07867
1.1383
1.17852
1.16829
1.19808
1.1927
1.17056
1.05922
1.17007
1.40252
0.87278
1.3897
1.78425
1.61415
1.2724
1.74671
1.45043
1.59901
1.513
1.0282
1.42902
1.46091
1.25479
1.12098
1.36887
1.184
1.21011
1.43345
1.41873
1.28579
1.12585
1.2075
1.42616
1.55238
1.44989
1.33724
1.40631
1.26972
0.962439
0.822838
0.847033
0.828744
0.89638
0.868394
0.878765
0.909147
1.02313
1.15055
1.15697
1.1102
1.18104
1.22288
1.13165
1.07957
1.19574
1.40988
0.87278
1.3897
1.7761
1.68727
1.25985
1.44995
1.50137
1.36956
1.38601
1.50806
1.49043
1.52433
1.40982
1.32102
1.49816
1.52366
1.46053
1.49641
1.56077
1.27717
1.14269
1.31362
1.40346
1.42374
1.41579
1.45286
1.369
1.16639
0.949106
0.857295
0.854167
0.880345
0.831368
0.8508
0.895628
0.958257
1.04827
1.11293
1.1178
1.10317
1.16419
1.15889
1.12891
1.05188
1.13436
1.46523
0.87278
1.3897
1.91277
1.66231
1.31238
1.6201
1.3376
1.56489
1.56131
1.51721
1.47754
1.6092
1.36882
1.35372
1.30051
1.46847
1.50952
1.47746
1.43764
1.33808
1.26878
1.45285
1.4395
1.36752
1.49896
1.42735
1.15051
1.07531
0.972462
0.855597
0.827719
0.778169
0.811158
0.884759
0.913663
0.943084
1.04066
1.09602
1.14113
1.12711
1.14857
1.18696
1.18278
1.10291
1.11815
1.41234
0.87278
1.3897
1.94549
1.60769
1.42634
1.24205
1.3245
1.516
1.68441
1.63912
1.48482
1.41243
1.40038
1.31558
1.2266
1.25723
1.39296
1.44138
1.44387
1.35286
1.4114
1.51412
1.48296
1.45463
1.48241
1.44398
1.08824
1.00214
0.976239
0.831886
0.822382
0.841291
0.840565
0.8774
0.940145
0.978841
1.03693
1.08227
1.15741
1.16654
1.15292
1.19153
1.15654
1.10211
1.14119
1.40142
0.87278
1.3897
2.00675
1.56272
1.48161
1.53297
1.29903
1.41666
1.54148
1.58736
1.38811
1.3111
1.47462
1.20864
1.19543
1.36226
1.39846
1.49679
1.49692
1.43854
1.40677
1.58713
1.6353
1.40208
1.16133
1.09675
1.00567
1.05803
1.03597
0.922053
0.860622
0.870529
0.861679
0.907507
0.864524
0.973203
1.03392
1.1088
1.13355
1.11817
1.1326
1.16863
1.16503
1.15494
1.11165
1.44804
0.87278
1.3897
1.91736
1.59618
1.26314
1.20762
1.47213
1.36266
1.69421
1.51013
1.16744
1.47461
1.50974
1.41518
1.27813
1.50406
1.43751
1.69806
1.44443
1.44723
1.39441
1.49009
1.30383
1.11723
0.970315
0.984566
0.96163
1.1119
1.12988
0.906736
0.838807
0.90982
0.878817
0.881979
0.957791
0.968406
1.02826
1.13529
1.16514
1.15429
1.13732
1.16457
1.15308
1.14833
1.118
1.38534
0.87278
1.3897
1.93143
1.45161
1.43162
1.42986
1.13906
1.51486
1.27659
1.31172
1.44872
1.30349
1.44472
1.45725
1.29876
1.45223
1.63153
1.62925
1.5855
1.30585
1.33328
1.33075
0.96996
0.703275
0.764885
0.91162
1.02676
1.14724
1.13021
0.90843
0.816587
0.895908
0.930463
0.963607
1.01334
0.977303
1.09402
1.10522
1.109
1.15029
1.14377
1.18746
1.1461
1.10984
1.09445
1.37624
0.87278
1.3897
1.85513
1.34083
1.60243
1.73663
1.18924
1.48722
1.19425
1.47888
1.48717
1.4323
1.71968
1.50704
1.36185
1.40879
1.61029
1.66681
1.55649
1.29287
1.28303
1.32576
0.805761
0.67069
0.742883
0.825803
1.13967
1.26011
1.18872
1.2243
1.15576
0.999568
0.90317
0.903402
0.996908
1.02294
1.054
1.10095
1.14558
1.11539
1.16607
1.15258
1.15129
1.11001
1.1093
1.33336
0.87278
1.3897
1.88185
1.33298
1.56673
1.87217
1.13528
1.39567
1.43142
1.22502
1.34538
1.55877
1.41452
1.58991
1.49518
1.33021
1.21086
1.39956
1.39492
1.25447
1.31067
1.09783
0.726052
0.670754
0.65501
0.879241
1.20438
1.47928
1.54669
1.47258
1.44719
1.14281
0.853028
1.00068
1.03832
1.08859
1.11807
1.09802
1.11795
1.17496
1.15442
1.15672
1.10811
1.09055
1.12996
1.35959
0.87278
1.3897
1.85418
1.50935
1.57994
1.6242
1.26363
1.39609
1.49317
1.34671
1.49661
1.45478
1.41807
1.1623
1.44569
1.35047
1.21964
1.16819
1.20259
1.20519
1.45358
1.07472
0.722796
0.733322
0.745928
0.878257
1.07279
1.40565
1.76559
1.90181
2.14736
1.3222
0.930961
0.967777
1.04682
1.05117
1.1253
1.1298
1.15315
1.13981
1.15419
1.13002
1.1324
1.04417
1.14934
1.3294
0.87278
1.3897
1.71604
1.57293
1.67634
1.72075
1.27194
1.31296
1.70107
1.61401
1.60441
1.46942
1.40183
1.2286
1.34207
1.38213
1.16312
1.19951
1.10763
1.18253
1.12352
0.97431
0.649203
0.79336
0.819223
0.795574
0.932959
1.08294
1.45874
1.78235
1.71725
1.48319
1.10488
1.03434
1.03961
1.09046
1.14398
1.14088
1.15211
1.18128
1.16376
1.15792
1.16692
1.07992
1.16197
1.26241
0.87278
1.3897
1.77002
1.6989
1.67319
1.6834
1.52099
1.29567
1.5579
1.54621
1.49581
1.41413
1.34739
1.43529
1.36657
1.36123
1.17572
1.19824
1.10251
1.0057
0.970854
0.791425
0.698332
0.804339
0.802328
0.825367
1.04445
1.06134
1.11241
1.22631
1.32772
1.29587
1.21675
1.12009
1.1227
1.11697
1.13806
1.18155
1.13746
1.16179
1.17246
1.16696
1.14392
1.10786
1.19418
1.25971
0.87278
1.3897
1.77388
1.64873
1.61849
1.47541
1.24916
1.4498
1.33934
1.70799
1.56455
1.38591
1.36948
1.60511
1.37141
1.33692
1.3279
1.32567
1.12919
0.886142
0.730073
0.694076
0.786969
0.826356
0.805125
0.90165
1.11312
1.11268
0.976608
0.967668
1.09224
1.08547
1.0815
1.20814
1.28583
1.15234
1.10087
1.17618
1.13452
1.18457
1.16008
1.16953
1.18156
1.08971
1.17785
1.32124
0.87278
1.3897
1.83569
1.64175
1.69451
1.53026
1.26185
1.51555
1.36876
1.50673
1.62943
1.64708
1.606
1.59816
1.41331
1.4229
1.35733
1.46071
1.20457
0.835357
0.852568
0.740533
0.800342
0.889746
0.869543
0.924109
1.07596
1.11892
0.98323
0.981271
1.08258
0.953795
0.90778
1.0215
1.14551
1.16019
1.14074
1.14734
1.09758
1.17226
1.16601
1.16138
1.1521
1.05546
1.16724
1.2876
0.87278
1.3897
1.83025
1.75723
1.73407
1.52822
1.47475
1.50449
1.57987
1.61299
1.55568
1.6213
1.70111
1.54589
1.40453
1.21082
1.39919
1.33736
1.27521
1.0434
0.92403
1.00929
0.868633
0.850007
0.897213
0.912585
1.10257
1.10242
0.934645
0.953585
0.938763
0.860918
0.934349
0.974587
1.05075
1.09716
1.10462
1.11721
1.12655
1.16273
1.15895
1.14584
1.11687
1.07658
1.20477
1.27784
0.87278
1.3897
1.73474
1.80417
1.65734
1.58404
1.5022
1.58908
1.41656
1.45283
1.32876
1.43004
1.62787
1.42744
1.17522
1.30787
1.20639
1.092
1.19313
1.25682
1.10338
1.15998
0.999651
0.944024
0.866843
1.04061
1.16091
1.0687
0.806843
0.885998
0.88686
0.861013
0.896827
0.958323
1.01916
1.08369
1.14626
1.16522
1.14346
1.17375
1.15792
1.15638
1.0943
1.08942
1.24134
1.25308
0.87278
