1.27664
1.73415
1.65403
1.46935
1.44779
1.43424
1.52225
1.45655
1.37343
1.36069
1.5219
1.5626
1.38566
1.25334
1.18711
1.25731
1.2283
1.21667
1.40335
1.29859
1.24069
1.19021
1.0722
0.942715
1.00589
1.13655
1.02146
0.854114
0.875439
0.819627
0.780887
0.814483
0.967126
1.04388
1.08117
1.16197
1.15086
1.10764
1.09919
1.14259
1.10466
1.10476
1.05835
1.2228
1.33346
0.861053
1.27664
1.73623
1.67916
1.62447
1.51008
1.38352
1.5786
1.57282
1.27427
1.28829
1.44043
1.58291
1.22426
1.26993
1.47002
1.42923
1.46433
1.42445
1.25227
1.21341
1.06836
1.17175
1.07242
0.897926
0.941653
1.13064
1.00781
0.827948
0.822897
0.756705
0.791054
0.844718
0.948887
1.01987
1.07134
1.1779
1.17147
1.14232
1.14039
1.17341
1.09968
1.11764
1.14494
1.23352
1.37451
0.861053
1.27664
1.70923
1.70318
1.58744
1.51245
1.14345
1.42949
1.42313
1.52649
1.46742
1.15891
1.41317
1.44188
1.25617
1.55964
1.61723
1.55863
1.39743
0.902957
0.857399
1.21577
1.15829
1.05251
0.925146
0.891151
1.12002
1.01348
0.625313
0.536901
0.656259
0.704941
0.857575
0.973742
1.0297
1.09135
1.13851
1.14422
1.13347
1.10137
1.15114
1.09607
1.06572
1.11766
1.21164
1.36366
0.861053
1.27664
1.74096
1.70043
1.52073
1.41324
1.15423
1.19846
1.46984
1.65864
1.45219
1.45618
1.50667
1.31832
1.67499
1.75618
1.57635
1.6038
1.16351
0.785261
1.04709
1.2917
1.22264
1.15214
1.0665
0.967588
1.08946
0.919247
0.694516
0.591796
0.704915
0.773253
0.866509
0.968404
1.08624
1.12119
1.13428
1.18021
1.12339
1.11392
1.14796
1.11245
1.00035
1.11991
1.20651
1.38896
0.861053
1.27664
1.73677
1.7142
1.4858
1.14556
1.23637
1.11786
1.34486
1.53581
1.40779
1.54401
1.6276
1.11429
1.48316
1.66985
1.53734
1.50598
1.17662
1.09119
1.27974
1.45832
1.43203
1.53088
1.26004
1.0405
1.00707
0.93137
0.830354
0.732948
0.709695
0.736877
0.874331
1.00485
1.04022
1.12978
1.13488
1.12077
1.11691
1.17682
1.09559
1.12309
1.03154
1.01706
1.2044
1.40059
0.861053
1.27664
1.75339
1.59882
1.48049
1.42162
1.49698
1.19871
1.22889
1.70283
1.47262
1.4723
1.63786
1.63595
1.46424
1.28914
1.38665
1.49621
1.19364
1.22224
1.36636
1.53898
1.57638
1.38072
1.21021
1.0742
0.934358
0.96325
0.592571
0.431685
0.742058
0.917431
0.816507
1.06217
1.12284
1.09079
1.17148
1.17813
1.12157
1.21315
1.13303
1.0938
1.0595
1.03658
1.18384
1.34488
0.861053
1.27664
1.75914
1.68483
1.39018
1.32342
1.72591
1.34936
1.3422
1.49809
1.42432
1.50156
1.69593
1.53931
1.39123
1.43689
1.41234
1.42231
1.30035
1.2569
1.4343
1.77915
1.60634
1.62564
1.41743
1.32282
0.933305
1.06465
1.38805
1.64438
1.66437
1.26451
0.914515
1.03982
1.15996
1.06425
1.17725
1.19553
1.16549
1.17147
1.19515
1.10019
1.07356
1.06232
1.17822
1.37783
0.861053
1.27664
1.77468
1.65958
1.38478
1.34179
1.44145
1.42546
1.24531
1.52129
1.31546
1.55845
1.59502
1.58552
1.42531
1.51957
1.55294
1.5628
1.54813
1.41696
1.50993
1.80682
1.93388
1.66176
1.75106
1.47473
1.08311
0.855142
1.63434
2.55567
2.16564
1.35968
1.26674
1.10963
1.07857
1.16202
1.17917
1.22926
1.17644
1.18215
1.15056
1.10481
1.13523
1.11163
1.19013
1.39353
0.861053
1.27664
1.78863
1.61524
1.50011
1.48565
1.46725
1.63852
1.37747
1.27704
1.58429
1.48167
1.55578
1.58667
1.43174
1.53982
1.5527
1.69824
1.65503
1.64456
1.64859
1.88884
2.17159
1.94574
1.59361
2.00011
1.7224
0.936752
2.35142
2.16876
1.79032
0.994631
1.23849
1.65003
0.936926
1.30796
1.29947
1.09726
1.20144
1.2327
1.11815
1.15405
1.13451
1.08781
1.20356
1.42678
0.861053
1.27664
1.74698
1.62185
1.52019
1.52948
1.47587
1.59546
1.53328
1.56994
1.62023
1.78521
1.50689
1.53183
1.36647
1.56262
1.6466
1.7663
1.86377
1.90409
1.97883
2.30916
2.45595
2.17365
2.11242
2.17252
2.20914
2.28125
2.27219
2.1424
1.31283
1.0497
0.961669
1.59793
1.10765
1.29345
1.48554
1.09006
1.22046
1.26048
1.12209
1.13726
1.14262
0.990502
1.17659
1.41377
0.861053
1.27664
1.79273
1.58257
1.39388
1.32356
1.33391
1.48913
1.39934
1.49948
1.38851
1.55346
1.42682
1.56679
1.51094
1.64251
1.68344
1.82124
2.09632
2.20681
2.31072
2.22464
2.18895
2.36222
2.30747
2.01582
2.16545
2.3677
2.35459
2.01206
2.07585
1.58405
1.19861
1.51067
1.19638
1.2136
1.41123
1.24497
1.18989
1.22818
1.14718
1.17807
1.14646
1.05965
1.16039
1.38917
0.861053
1.27664
1.81666
1.57529
1.27585
1.34705
1.40889
1.40251
1.63667
1.53581
1.4687
1.41539
1.4183
1.54221
1.50729
1.72969
1.81082
1.96451
2.35666
2.62482
2.78422
2.04749
2.50685
2.31531
2.54894
2.35874
2.15109
2.35145
2.42069
2.20742
2.00147
1.76823
1.53311
1.56004
1.63872
1.36812
1.27056
1.3814
1.22577
1.21301
1.18649
1.20915
1.08168
1.10328
1.15562
1.36118
0.861053
1.27664
1.60334
1.55284
1.33383
1.28798
1.47964
1.66848
1.48751
1.50451
1.43623
1.44613
1.40068
1.54179
1.70184
1.77745
1.86395
2.06336
2.49586
2.69853
2.57605
2.24712
2.03935
2.15705
1.98619
1.95474
1.86332
1.90862
2.19752
2.19167
1.9932
1.69717
1.6849
2.07569
2.11324
1.43904
1.1776
1.34553
1.27479
1.16371
1.17625
1.16578
1.10521
1.08989
1.14359
1.44227
0.861053
1.27664
1.61383
1.49771
1.32427
1.49228
1.5115
1.56321
1.40264
1.32806
1.32154
1.59897
1.5102
1.479
1.56635
1.72467
1.87
2.1308
2.45922
2.59058
2.39957
2.19971
1.70732
1.50072
1.79486
1.29208
1.85093
1.91374
2.09955
2.36358
2.19963
1.98822
2.0219
2.47496
2.40349
1.77763
1.10694
1.2971
1.2938
1.16206
1.191
1.17123
1.09397
1.05443
1.18004
1.42788
0.861053
1.27664
1.66998
1.48456
1.30677
1.4411
1.49627
1.53786
1.53305
1.26227
1.30939
1.56298
1.52182
1.35963
1.44176
1.7798
1.90251
2.00134
2.36904
2.62572
2.07663
2.0681
1.57062
1.01491
1.04219
1.53799
2.14033
1.86739
1.81809
1.94624
2.19351
1.92235
1.94778
2.32458
2.45428
2.01183
1.28309
1.30579
1.2875
1.18718
1.20357
1.19202
1.11135
1.04697
1.20484
1.42732
0.861053
1.27664
1.69783
1.50064
1.31542
1.41113
1.4562
1.38332
1.48555
1.65143
1.59757
1.66491
1.41377
1.32145
1.80109
2.29068
2.62485
2.46017
2.39357
2.26305
2.23391
2.02479
1.43932
1.16498
1.46977
1.4392
2.20451
2.55166
1.96902
1.92656
1.78347
1.7589
1.68701
2.19213
2.05835
1.66822
1.48145
1.42057
1.32095
1.16217
1.23987
1.16049
1.09743
1.07738
1.23302
1.38947
0.861053
1.27664
1.65296
1.45917
1.23897
1.42172
1.44698
1.34264
1.52083
1.50299
1.70624
1.90095
1.51684
1.82172
2.0548
1.9427
1.74608
1.72561
1.83312
2.02805
2.1899
1.85899
1.2424
1.12153
1.37342
1.87174
1.81087
1.77603
1.92832
2.07415
2.00951
1.66828
1.59918
1.6441
1.59494
1.52523
1.48817
1.47229
1.43108
1.16606
1.20506
1.1584
1.12862
1.07742
1.23473
1.45079
0.861053
1.27664
1.68904
1.54915
1.32536
1.45628
1.47735
1.40137
1.46956
1.26971
1.53229
1.50894
1.49472
2.20074
2.07668
1.61909
1.5869
1.5999
1.70828
1.72908
1.8681
1.58759
0.969908
1.03711
0.999982
1.21649
1.34367
1.64858
1.52618
1.65489
1.93636
1.63261
1.5989
1.57899
1.61294
1.45844
1.58674
1.41631
1.40207
1.18592
1.20051
1.15391
1.10097
1.05688
1.21506
1.45473
0.861053
1.27664
1.7132
1.66798
1.43602
1.49456
1.3132
1.4133
1.60464
1.5587
1.54652
1.39304
1.44553
1.69599
2.04438
1.74576
1.45358
1.39011
1.44194
1.44334
1.52524
1.62182
1.01871
1.00576
0.901643
0.901742
0.834455
0.88897
1.09654
1.22095
1.39795
1.47654
1.55738
1.72898
1.72081
1.14884
1.44423
1.42468
1.25168
1.20589
1.16341
1.12526
1.13248
1.01947
1.17736
1.47565
0.861053
1.27664
1.70341
1.56256
1.68768
1.43363
1.49647
1.37953
1.37778
1.33115
1.24974
1.30282
1.60457
1.73132
2.10098
1.70254
1.49247
1.39827
1.28013
1.27016
1.44308
1.37991
0.961321
1.00899
0.807715
1.07502
1.03145
0.976163
1.09885
1.13918
1.4296
1.55031
1.56675
1.53042
1.6638
1.64203
1.20753
1.1198
1.18012
1.20484
1.11888
1.08505
1.08324
1.04354
1.1411
1.47343
0.861053
1.27664
1.73226
1.61325
1.43768
1.27092
1.12537
1.4185
1.39524
1.17561
1.348
1.53489
1.65942
1.69397
1.83615
2.16204
1.81516
1.38393
1.28612
1.17164
1.4001
1.1703
1.29017
0.962059
1.04503
0.984084
0.839643
0.823553
0.904142
1.07346
1.44096
1.5573
1.52432
1.69035
1.7142
1.61763
0.93294
1.0991
1.19268
1.25711
1.14142
1.05793
1.06806
0.973862
1.17512
1.4903
0.861053
1.27664
1.75008
1.47041
1.41533
1.5225
1.35468
1.40628
1.5348
1.19047
1.40765
1.6771
1.81991
1.76915
1.6601
1.68979
1.85673
1.62168
1.47105
1.22973
1.02035
0.86818
1.07684
1.05771
1.12251
1.03984
1.17927
1.06599
1.13612
1.11955
1.24346
1.41721
1.58988
1.83724
1.71222
1.66617
1.03067
1.11203
1.15418
1.17376
1.11345
1.09162
1.08342
0.978336
1.16453
1.51529
0.861053
1.27664
1.75122
1.52625
1.37062
1.3849
1.30457
1.34518
1.41229
1.39429
1.53985
1.077
1.50532
1.65538
1.58272
1.43493
1.79673
1.48138
1.52523
1.58652
0.669316
0.432546
0.790889
0.923796
0.82442
0.926319
1.19478
1.11138
1.08754
1.25454
1.23468
1.22274
1.2671
1.39602
1.69579
1.46245
1.52462
1.13068
1.139
1.15643
1.09245
1.01603
1.11567
1.02422
1.27459
1.50385
0.861053
1.27664
1.71827
1.33668
1.37402
1.29683
1.27476
1.41361
1.27415
1.49351
1.58301
1.48767
1.50658
1.39504
1.52442
1.50696
1.41207
1.47274
1.53859
1.65127
0.728087
1.02607
0.329824
0.394352
0.668859
0.861496
1.05147
1.02966
1.07497
1.18886
1.06454
1.05872
1.34629
1.36415
1.44145
1.51844
1.42873
1.18704
1.11591
1.14457
1.02693
0.979455
1.10945
1.00793
1.34836
1.50064
0.861053
1.27664
1.64984
1.41019
1.33562
1.25025
1.36633
1.35806
1.39953
1.44842
1.13612
1.20367
1.3483
1.5441
1.45074
1.36605
1.05584
1.33863
1.35124
1.47908
0.794232
1.09144
0.622373
0.619993
0.569919
0.873492
0.989498
0.928729
0.990064
1.20774
1.06823
1.01743
1.43597
1.36409
1.42115
1.34705
1.16692
1.06361
1.0548
1.11897
1.01007
1.02979
1.09353
1.02562
1.2791
1.49316
0.861053
1.27664
1.89993
1.43002
1.43045
1.25998
1.32057
1.40127
1.31872
1.50903
1.1788
0.828741
1.2312
1.27833
1.42162
1.19574
0.986085
0.891324
0.869308
0.994965
0.471585
0.970993
0.70303
0.559627
0.54196
0.910038
0.941895
0.836079
0.755912
0.842691
0.712367
0.877816
0.923163
1.03379
1.15177
1.11281
1.08939
1.07617
1.06809
1.10913
1.00479
1.04767
1.03882
1.01866
1.17516
1.46502
0.861053
1.27664
1.90582
1.41707
1.22327
1.25183
1.37162
1.13973
1.3249
1.30627
0.903194
0.912254
0.820268
1.04202
1.25997
1.19514
1.0123
0.955632
0.947772
0.450077
0.280501
0.80875
0.684715
0.747312
0.6704
0.741114
0.703808
0.511654
0.527859
0.603078
0.749296
0.816388
0.899624
1.02334
1.02039
1.02684
1.08073
1.03188
1.05499
1.00696
1.05296
1.04974
1.08986
1.01931
1.0423
1.46318
0.861053
1.27664
1.75597
1.44491
1.21733
1.20982
1.37871
1.23284
1.31219
1.34397
0.772354
0.902217
0.695765
0.909172
1.04686
1.25475
0.938863
1.00796
0.99393
0.762435
0.586839
1.0099
1.21065
0.829114
0.772271
0.700067
0.625744
0.595044
0.469902
0.603141
0.701056
0.82888
0.928451
0.999394
1.03512
1.01044
1.01565
1.06172
1.04661
0.996052
1.03877
1.0365
1.10766
1.01872
1.11736
1.36592
0.861053
1.27664
1.9289
1.36463
1.23493
1.28642
1.46265
1.50517
1.4681
1.23226
0.829361
0.807646
0.638903
1.00917
0.961108
1.09313
0.954724
1.00808
0.900521
0.744572
0.912196
0.755525
0.989991
1.00529
0.73167
0.675417
0.629734
0.721682
0.632618
0.741996
0.777542
0.831482
0.935361
1.00591
0.993067
1.02208
1.00783
1.01829
1.02836
1.02035
1.05153
1.08045
1.0661
1.00765
1.18814
1.33085
0.861053
1.27664
1.91156
1.35324
1.25289
1.33291
1.31285
1.29714
1.18837
1.38679
1.30201
0.938967
1.03338
1.08865
1.08409
1.26975
1.08394
0.579887
0.723476
0.300176
0.47273
0.637107
1.01882
0.888284
0.824607
0.790989
0.853672
1.01875
0.829141
0.770087
0.849512
0.863011
0.922135
0.996773
0.989351
0.96582
1.00291
0.984472
1.04008
1.06822
1.06019
1.04466
1.07192
1.02754
1.20162
1.26921
0.861053
1.27664
1.98066
1.37542
1.18151
1.45302
1.25393
1.30466
1.28267
1.28624
1.42971
1.25554
1.27909
1.223
1.17575
1.17761
1.09546
0.839168
0.59199
0.306713
0.515734
0.797654
0.743881
0.958781
0.995819
0.968479
0.936938
1.10928
0.994467
0.806263
0.871537
0.853289
0.903909
1.01945
0.975312
0.996813
1.05769
1.00223
1.01873
1.04075
1.0438
1.05088
1.04941
1.05486
1.25623
1.23512
0.861053
1.27664
1.88452
1.36786
1.27567
1.37931
1.54024
1.46974
1.26142
1.34599
1.18309
1.28611
1.32726
1.13517
1.23039
1.16406
1.04845
0.809879
0.764052
0.672195
0.709848
0.91947
1.07299
1.13177
1.10096
1.05024
0.989801
1.15522
1.08304
0.90898
0.870937
0.842397
0.920581
0.948657
0.972952
1.0142
0.992576
1.01813
1.00082
1.025
1.06201
1.03625
1.08178
1.01627
1.25758
1.18996
0.861053
1.27664
1.89476
1.33607
1.28777
1.38125
1.40003
1.5118
1.55664
1.30336
1.24943
1.15329
1.31165
1.10602
1.29554
1.28997
1.06474
0.894935
0.775905
0.664116
0.852696
1.06632
1.16796
1.14584
1.24347
1.13072
1.00117
1.09192
1.21455
1.11624
1.04082
0.924071
0.867983
0.931709
0.982453
1.01164
1.06226
1.06166
1.03326
1.04111
1.08503
1.04517
1.05711
1.03425
1.29378
1.14031
0.861053
1.27664
1.92855
1.3692
1.33645
1.32954
1.28536
1.35739
1.37334
1.49104
1.27406
1.40692
1.44957
1.38631
1.27654
1.3384
1.20893
1.12867
0.826506
0.686805
0.858382
1.08733
1.2561
1.31583
1.29591
1.17881
1.04222
1.03064
1.16284
1.22823
1.17069
1.02002
0.963886
0.906234
1.02104
1.04712
1.04751
1.03858
1.02644
1.07181
1.11095
1.07529
1.0737
1.05189
1.31464
1.25985
0.861053
1.27664
1.9054
1.38827
1.28796
1.2257
1.42699
1.3559
1.46203
1.31187
1.2917
1.409
1.49387
1.36309
1.35523
1.44026
1.3904
1.23641
0.947618
0.791642
0.964931
1.1531
1.39032
1.35878
1.40901
1.3315
1.05683
0.943063
1.21957
1.14666
1.11859
1.10171
1.06289
0.981962
0.959501
1.0146
1.06555
1.08119
1.04347
1.11986
1.01957
1.06165
1.07847
1.06168
1.31453
1.27285
0.861053
1.27664
1.95316
1.35636
1.3421
1.26707
1.40936
1.29827
1.32845
1.53171
1.42123
1.25426
1.33054
1.32157
1.3264
1.40499
1.42464
1.35099
1.16662
1.0002
1.05266
1.3062
1.49166
1.55066
1.53454
1.44571
1.15831
0.974146
1.09727
1.19362
1.15708
1.16231
1.17076
1.05577
1.0201
0.99958
1.08165
1.07406
1.12362
1.04927
1.06049
1.07296
1.05707
1.02233
1.34377
1.26075
0.861053
1.27664
1.94619
1.33848
1.28891
1.41099
1.30159
1.33903
1.37378
1.36854
1.45446
1.30634
1.35708
1.39709
1.21023
1.39409
1.36694
1.31886
1.21908
1.12069
1.07737
1.27165
1.48742
1.59766
1.55469
1.49036
1.33319
1.03606
1.09168
1.24541
1.17833
1.15649
1.27202
1.12579
1.05291
1.04868
1.08916
1.07415
1.09182
1.06007
1.04675
1.0912
1.08157
1.103
1.34214
1.1725
0.861053
1.27664
1.99699
1.23534
1.35511
1.47107
1.32037
1.33334
1.33215
1.4455
1.44695
1.26301
1.39808
1.40993
1.38556
1.37049
1.30072
1.35347
1.10101
1.14
1.2584
1.43827
1.66139
1.66217
1.66295
1.62543
1.33881
1.18045
1.19116
1.25023
1.19162
1.17415
1.25561
1.23531
1.08042
1.09439
1.10913
1.05735
1.10737
1.11567
1.09775
1.09391
1.09075
1.07336
1.32965
1.38227
0.861053
1.27664
2.05539
1.53717
1.76426
1.34396
1.26977
1.24515
1.34317
1.52598
1.28532
1.48546
1.53864
1.40741
1.38252
1.35437
1.27982
1.34633
1.29709
1.25197
1.36126
1.53595
1.61614
1.81148
1.76507
1.6873
1.36795
1.18072
1.14472
1.18897
1.20452
1.19608
1.31694
1.27743
1.19056
1.1531
1.15579
1.10741
1.08871
1.09669
1.0748
1.05304
1.11584
1.04867
1.2975
1.30899
0.861053
1.27664
1.98454
1.72115
1.61136
1.29197
1.2434
1.27866
1.30317
1.40505
1.36759
1.42047
1.35878
1.30279
1.26801
1.34913
1.38525
1.42497
1.35251
1.2935
1.41154
1.76928
1.72973
1.68834
1.84246
1.72806
1.53243
1.14313
1.12083
1.2383
1.30256
1.25743
1.32613
1.29969
1.18209
1.14317
1.1405
1.12463
1.11263
1.12514
1.10124
1.09162
1.06953
1.07545
1.35262
1.32861
0.861053
1.27664
2.00833
1.60216
1.17127
1.30966
1.19084
1.37271
1.22843
1.45073
1.34346
1.42949
1.56921
1.46607
1.45918
1.55954
1.33908
1.33601
1.36587
1.25739
1.44782
1.64135
1.9734
1.87177
1.82661
1.74424
1.56085
1.31349
1.16986
1.33281
1.32862
1.28102
1.37183
1.17356
1.08369
1.17207
1.16512
1.12863
1.14646
1.12057
1.0999
1.10864
1.08125
1.07408
1.33499
1.35941
0.861053
1.27664
1.97931
1.66011
1.34823
1.25125
1.15714
1.53876
1.27103
1.46074
1.5209
1.31977
1.31531
1.49417
1.44217
1.50485
1.41901
1.36107
1.32366
1.34894
1.54693
1.67724
1.82974
1.85405
1.72633
1.66974
1.64467
1.4995
1.35425
1.36946
1.38634
1.2891
1.38321
1.30853
1.16307
1.24291
0.998071
1.14555
1.13885
1.11041
1.12626
1.14682
1.11483
1.03159
1.33211
1.37037
0.861053
1.27664
1.92254
1.49352
1.24107
1.2166
1.50058
1.3416
1.38674
1.3494
1.4674
1.44131
1.38162
1.33598
1.30268
1.37394
1.34752
1.38449
1.40596
1.32323
1.5971
1.79733
1.76617
1.742
1.65182
1.64806
1.57121
1.35577
1.35055
1.41374
1.39972
1.43668
1.44523
1.37881
1.18261
1.10616
1.233
1.20382
1.14893
1.13426
1.13131
1.1469
1.09712
1.05051
1.34148
1.38141
0.861053
1.27664
1.88708
1.42273
1.20285
1.25831
1.29826
1.08965
1.5025
1.36384
1.33526
1.29787
1.19647
1.31808
1.37694
1.32036
1.38572
1.4964
1.43299
1.35502
1.61606
1.55814
1.67499
1.53821
1.55437
1.59415
1.66174
1.38561
1.46675
1.48082
1.40757
1.45511
1.40729
1.44751
1.35861
1.19024
1.2078
1.1175
1.17634
1.11644
1.11445
1.12452
1.13847
1.07237
1.25593
1.41374
0.861053
1.27664
1.91368
1.50699
1.29014
1.55961
1.32424
1.32962
1.49502
1.33598
1.25593
1.1058
1.00845
0.926308
1.04478
1.43666
1.31713
1.26959
1.25444
1.35705
1.62224
1.71313
1.39825
1.34013
1.43472
1.65532
1.65446
1.55569
1.55472
1.66378
1.34806
1.39277
1.57632
1.58068
1.26307
1.20859
1.21105
1.17009
1.09223
1.10605
1.09807
1.08017
1.15908
1.02199
1.24354
1.43624
0.861053
1.27664
1.87494
1.42103
1.21721
1.3744
1.34131
1.46288
1.26049
1.42733
1.29631
0.918282
0.739559
0.169716
0.135671
1.07314
1.31749
1.24214
1.15864
1.25281
1.65465
1.64836
1.38675
1.26001
1.31571
1.61998
1.67571
1.63515
1.5315
1.61214
1.37491
1.15268
1.44733
1.74417
1.37906
1.17154
1.21026
1.17347
1.08375
1.1292
1.10256
1.12461
1.16841
1.01874
1.21014
1.47039
0.861053
1.27664
1.92565
1.28767
1.31018
1.3892
1.3944
1.29975
1.21094
1.62834
1.26476
0.804686
0.178797
-0.197215
-0.173617
0.362069
1.24644
1.27234
1.19772
1.10388
1.54274
1.62998
1.25689
1.0412
1.112
1.53217
1.86634
1.76627
1.60481
1.51195
1.53431
1.25589
1.54984
1.68447
1.30556
1.26525
1.18888
1.12172
1.09022
1.11892
1.09019
1.09657
1.15986
1.02863
1.19755
1.45589
0.861053
1.27664
1.93586
1.32169
1.36363
1.42935
1.279
1.40864
1.5531
1.62158
1.31081
0.671954
0.109514
0.10291
0.622642
0.47817
0.801761
0.986848
1.13807
1.29934
1.35086
1.44643
1.0267
0.818359
1.01994
1.47901
1.79904
1.7224
1.63224
1.56545
1.5729
1.53532
1.37359
1.30282
1.25553
1.18041
1.14523
1.13619
1.08936
1.13944
1.13681
1.08798
1.14103
0.976054
1.19967
1.42522
0.861053
1.27664
1.953
1.34707
1.43287
1.51549
1.15019
1.5109
1.45367
1.85506
1.08014
0.372464
0.394326
0.558462
0.77561
0.705504
0.648985
1.02695
1.05211
1.29117
1.40315
1.28132
1.06526
0.803305
1.04376
1.43237
1.79284
1.77278
1.52471
1.36198
1.48902
1.49526
1.27084
1.32454
1.19025
1.17235
1.15398
1.16013
1.13651
1.13279
1.14336
1.09853
1.12026
1.0111
1.18018
1.38474
0.861053
1.27664
1.88694
1.41079
1.30762
1.56967
1.10631
1.39101
1.495
1.44091
0.830281
0.270983
0.590987
0.730582
0.726241
0.803383
0.868536
1.34214
1.18217
1.39527
1.5355
1.32336
1.03143
0.768632
1.04229
1.39357
1.7377
1.68412
1.44981
1.33443
1.4551
1.55657
1.3027
1.27416
1.12458
1.14784
1.13516
1.18006
1.16154
1.16123
1.16493
1.10217
1.12643
1.04404
1.18817
1.38389
0.861053
1.27664
1.88049
1.50031
1.18881
1.44627
1.28451
1.23309
1.30616
1.29284
0.66467
0.335652
0.732254
0.840834
0.827039
0.756467
0.830442
1.23406
1.23976
1.51961
1.46931
1.31367
1.08306
0.99106
1.0571
1.34511
1.51849
1.30523
1.03971
1.2991
1.52987
1.13852
1.19755
1.12686
1.13003
1.12372
1.1752
1.1653
1.20533
1.15565
1.14223
1.14113
1.13014
1.06148
1.15971
1.35509
0.861053
1.27664
1.87398
1.56335
1.2192
1.52571
1.24485
1.03749
1.25698
1.06961
0.618893
0.433015
0.781595
0.728856
0.689078
0.716707
1.13659
1.25232
1.42649
1.52768
1.51907
1.22995
1.04971
1.06443
1.04125
1.14338
0.954421
0.593091
0.449199
1.06518
1.34888
0.993685
0.963685
1.04389
1.04022
1.09068
1.08468
1.13222
1.08865
1.1567
1.1483
1.15331
1.1369
1.03132
1.1805
1.33261
0.861053
1.27664
1.87554
1.54875
1.14943
1.44071
1.19874
1.39047
1.29481
1.07064
0.718627
0.403576
0.564711
0.547651
0.673048
0.934491
1.1194
1.35583
1.47005
1.71222
1.76271
1.27437
1.12595
1.109
0.891987
0.672817
0.578785
0.403321
0.470385
0.889684
1.14487
0.929424
0.893816
0.975334
1.02889
1.04133
1.08791
1.12692
1.13397
1.13327
1.16773
1.14534
1.09488
0.994633
1.20482
1.33895
0.861053
1.27664
2.02182
1.41661
1.1703
1.26071
1.21171
1.17979
1.27689
1.10091
0.952957
0.43283
0.29126
0.563791
0.650869
0.993456
1.015
1.22634
1.48658
1.66493
1.74749
1.35574
1.27584
1.12452
0.814303
0.681907
0.696941
0.645806
0.738935
0.868394
1.02211
0.920167
0.876208
0.943805
0.990066
0.971252
1.05333
1.1125
1.11699
1.18354
1.11833
1.12539
1.12463
1.05004
1.21495
1.36226
0.861053
1.27664
1.90045
1.15158
1.13805
1.30252
1.32588
1.35475
1.3798
1.22913
0.946776
1.01048
0.313258
0.388714
0.687001
0.886984
1.18424
1.36977
1.70353
1.59339
1.52247
1.27427
1.19892
1.14728
1.03591
0.799658
0.929587
0.974065
0.923111
0.875916
0.878667
0.956527
0.849714
0.894954
0.954254
0.995437
1.07287
1.09508
1.14114
1.16638
1.09328
1.16412
1.11675
0.978426
1.19676
1.3491
0.861053
1.27664
1.34752
1.19392
1.13738
1.33218
1.43588
1.4929
1.38572
1.55306
1.27645
1.28179
1.01291
0.744552
0.886908
0.697385
1.0904
1.32557
1.46913
1.45111
1.23313
1.21104
1.33877
1.36375
1.38809
1.31575
1.13758
1.15013
0.963102
0.815947
0.894147
0.903497
0.842261
0.887427
0.891287
0.979395
1.04925
1.09482
1.11806
1.14723
1.11463
1.13923
1.16818
1.01826
1.15769
1.37226
0.861053
1.27664
1.65032
1.52999
1.2096
1.65285
1.41331
1.55931
1.43104
1.02681
1.36027
1.35177
1.20654
1.07486
1.38248
1.203
1.18382
1.44652
1.43652
1.25598
1.13955
1.20739
1.39469
1.42368
1.40204
1.3236
1.3044
1.2179
0.941774
0.789767
0.892387
0.804817
0.8197
0.841316
0.877764
0.925992
1.01036
1.07574
1.12697
1.15761
1.10906
1.1494
1.20405
1.05245
1.15352
1.36838
0.861053
1.27664
1.67628
1.62123
1.1449
1.39889
1.44922
1.31682
1.30526
1.41212
1.41853
1.44206
1.4042
1.29377
1.47993
1.47175
1.3964
1.43459
1.51041
1.19147
1.14315
1.30633
1.33928
1.38305
1.32777
1.3607
1.33983
1.16115
0.919631
0.829774
0.85593
0.814109
0.79395
0.830951
0.855152
0.945766
1.03465
1.05688
1.14946
1.12563
1.1139
1.18747
1.16853
1.06308
1.15985
1.42805
0.861053
1.27664
1.82686
1.60437
1.24798
1.5331
1.2973
1.53572
1.51189
1.46206
1.41832
1.5352
1.33288
1.32322
1.23428
1.42346
1.429
1.38896
1.34597
1.18367
1.27539
1.35808
1.34731
1.30836
1.43242
1.38627
1.17084
1.07455
0.929395
0.825501
0.78093
0.79754
0.814793
0.820479
0.859477
0.938302
1.02965
1.03113
1.15058
1.14612
1.13167
1.13826
1.13176
1.04715
1.12673
1.37353
0.861053
1.27664
1.84397
1.56212
1.36285
1.1824
1.26577
1.48805
1.60798
1.5711
1.44927
1.38417
1.34753
1.28277
1.25358
1.26979
1.3901
1.35502
1.36243
1.32446
1.40095
1.42685
1.41633
1.44061
1.44619
1.4065
1.05791
1.05866
0.941746
0.826836
0.725624
0.781989
0.809407
0.793961
0.884643
0.932347
1.02196
1.09637
1.12976
1.1433
1.1207
1.11353
1.12765
1.07132
1.14739
1.39315
0.861053
1.27664
1.90387
1.47489
1.44537
1.47675
1.27385
1.37757
1.49208
1.55128
1.37354
1.29747
1.44164
1.18236
1.14696
1.34722
1.34868
1.40447
1.48517
1.40151
1.34021
1.53593
1.56717
1.38565
1.18344
1.05665
1.02445
1.04794
1.02949
0.875393
0.851949
0.842314
0.851797
0.856167
0.939896
0.922889
0.987775
1.12094
1.12145
1.11869
1.12499
1.15015
1.13419
1.05779
1.1098
1.3793
0.861053
1.27664
1.8423
1.56679
1.21017
1.20698
1.43227
1.32765
1.63312
1.46828
1.12878
1.40866
1.44666
1.38394
1.2755
1.48079
1.41056
1.6379
1.41866
1.46166
1.3159
1.40896
1.2645
1.06433
0.794438
0.89062
0.930888
1.02133
1.1235
0.943013
0.811501
0.910348
0.895326
0.892593
0.906871
0.936378
1.04567
1.10907
1.09452
1.10569
1.09386
1.11094
1.14619
1.0341
1.12079
1.38151
0.861053
1.27664
1.87222
1.43959
1.35032
1.41147
1.08254
1.47273
1.22672
1.27063
1.4137
1.25067
1.37459
1.41758
1.24599
1.43613
1.60171
1.58601
1.49594
1.29815
1.23193
1.23185
0.948211
0.654842
0.708517
0.844405
0.951749
1.09039
1.12797
0.920357
0.755132
0.811578
0.840936
0.920159
0.931833
0.955397
1.0488
1.12003
1.06442
1.07121
1.14134
1.11382
1.13327
1.01138
1.11846
1.36171
0.861053
1.27664
1.82635
1.36605
1.53817
1.67466
1.12288
1.44256
1.1898
1.4491
1.40933
1.33275
1.62787
1.42906
1.31484
1.41149
1.60337
1.62171
1.50938
1.20613
1.27268
1.24003
0.733681
0.610283
0.658336
0.92558
1.0885
1.19896
1.15292
1.27501
1.11011
0.924828
0.83444
0.877061
0.943351
0.998809
1.04304
1.0514
1.09353
1.11508
1.09345
1.10123
1.13705
1.02003
1.10388
1.31493
0.861053
1.27664
1.85287
1.32825
1.47868
1.82111
1.07365
1.36954
1.37652
1.17229
1.30302
1.48363
1.42517
1.52421
1.43368
1.30892
1.19101
1.39084
1.37705
1.20099
1.32442
0.988887
0.760758
0.562152
0.724538
0.88403
1.14399
1.41499
1.46212
1.41131
1.41952
1.09673
0.773998
0.952999
0.990617
1.02892
1.09302
1.10629
1.11923
1.13922
1.09887
1.15171
1.1102
1.07842
1.13165
1.33469
0.861053
1.27664
1.82718
1.46539
1.4946
1.56587
1.22915
1.37509
1.4267
1.27522
1.42614
1.36955
1.34393
1.13506
1.42598
1.32759
1.21491
1.17225
1.15966
1.23621
1.31517
1.02696
0.690038
0.704942
0.748154
0.830733
1.0757
1.37014
1.70576
1.89033
2.12248
1.27405
0.909972
1.01028
1.01766
1.08111
1.10597
1.10061
1.08937
1.14372
1.08653
1.13323
1.09401
1.06386
1.1519
1.35449
0.861053
1.27664
1.68278
1.52501
1.59313
1.64809
1.21029
1.29814
1.64496
1.56987
1.57782
1.43352
1.30416
1.21048
1.23787
1.32847
1.1652
1.18963
1.03369
1.22288
1.07675
0.89868
0.635304
0.810737
0.834374
0.839564
0.957861
1.00474
1.35297
1.7506
1.68863
1.40567
1.09343
1.03911
1.00501
1.04049
1.09316
1.08246
1.12371
1.12347
1.12361
1.12433
1.09769
1.09298
1.12388
1.34149
0.861053
1.27664
1.71492
1.63949
1.58058
1.61451
1.49258
1.28742
1.51007
1.46736
1.47905
1.37047
1.26526
1.43613
1.40073
1.31804
1.16824
1.16573
1.06587
1.00324
0.906457
0.759484
0.609965
0.71513
0.820188
0.834877
0.967526
0.994322
1.02746
1.17873
1.30732
1.29829
1.15661
1.10486
1.08428
1.08875
1.13723
1.12986
1.1046
1.14695
1.11546
1.09373
1.05545
1.04851
1.11972
1.33542
0.861053
1.27664
1.71827
1.60401
1.56185
1.41522
1.23792
1.3894
1.2832
1.68009
1.51368
1.34175
1.32019
1.57074
1.34689
1.25583
1.28303
1.27989
1.1263
0.765385
0.686185
0.729882
0.724179
0.763427
0.839355
0.843104
1.03967
1.08373
0.906964
0.95864
1.01625
1.04712
1.02326
1.20445
1.20547
1.13588
1.153
1.15727
1.11619
1.16221
1.06391
1.13315
1.07916
1.03775
1.14623
1.37257
0.861053
1.27664
1.76715
1.5876
1.6324
1.48331
1.23519
1.45215
1.31345
1.48842
1.57339
1.57395
1.58567
1.51829
1.38474
1.41154
1.28479
1.38363
1.2058
0.748594
0.811894
0.763495
0.824228
0.810058
0.854289
0.885305
1.06233
1.00361
0.918438
0.937404
1.00015
0.910629
0.888021
1.01084
1.12305
1.0986
1.14508
1.1358
1.11718
1.14441
1.14077
1.1161
1.15547
1.03629
1.1488
1.34442
0.861053
1.27664
1.76061
1.67439
1.63241
1.45607
1.38885
1.45714
1.52154
1.58241
1.5166
1.60329
1.67671
1.52985
1.42697
1.17818
1.24354
1.32219
1.26399
0.972631
0.861425
0.979058
0.923706
0.833326
0.837542
0.922541
1.10847
0.976994
0.884936
0.885599
0.888735
0.852361
0.847856
1.00073
1.06465
1.11269
1.12841
1.10014
1.12726
1.09341
1.13652
1.11166
1.07477
1.05504
1.17837
1.34732
0.861053
1.27664
1.68361
1.67503
1.53552
1.53873
1.48739
1.56375
1.37513
1.45709
1.35551
1.43129
1.55567
1.34173
1.13109
1.34045
1.19844
1.1227
1.12508
1.19632
1.01194
1.08048
1.07314
1.00282
0.936455
0.912777
1.12089
0.943214
0.801541
0.765911
0.873369
0.842721
0.825617
0.98497
0.981828
1.0548
1.08987
1.09995
1.08524
1.11725
1.12278
1.11932
1.11495
1.05238
1.18936
1.32954
0.861053
