1.60962
2.1868
2.09209
1.81586
1.72329
1.65649
1.75741
1.75984
1.65029
1.59441
1.67871
1.80743
1.62254
1.43364
1.30204
1.55224
1.66563
1.70988
1.92174
1.88547
1.85988
1.81341
1.51924
1.3118
1.20846
1.03735
0.910597
0.906272
1.00139
0.994231
1.04031
1.01549
0.986795
1.03535
1.03639
1.04131
1.04148
1.10787
1.11855
1.1668
1.1921
1.19026
1.22469
1.3748
1.45755
0.676871
1.60962
2.11826
2.1033
2.00974
1.84428
1.6513
1.85937
1.92554
1.63975
1.52982
1.60554
1.80939
1.49399
1.43411
1.51069
1.62933
1.79104
1.86411
1.87935
1.94031
1.73098
1.69962
1.43511
1.2435
1.12137
0.980349
0.886395
0.962263
0.923251
0.898642
0.915704
0.943776
0.980546
0.924957
1.03529
1.04803
1.05832
1.10996
1.1625
1.14504
1.18242
1.18694
1.24323
1.38192
1.49772
0.676871
1.60962
2.13274
2.13614
1.95678
1.81546
1.38713
1.62532
1.60566
1.93104
1.81755
1.43902
1.65982
1.69509
1.37086
1.66464
1.81674
1.85112
1.87022
1.65161
1.60898
1.83173
1.61019
1.41748
1.34319
1.21132
0.950951
0.712795
0.683497
0.652434
0.759706
0.795828
0.83425
0.840122
0.923369
1.0173
1.03861
1.10772
1.14354
1.12902
1.1287
1.19084
1.18034
1.23096
1.38556
1.43873
0.676871
1.60962
2.1632
2.11131
1.89828
1.75517
1.40444
1.43782
1.66553
2.02863
1.74729
1.78682
1.75514
1.5326
1.76611
1.83585
1.86399
1.93481
1.77138
1.57495
1.70112
1.89858
1.70578
1.53866
1.43049
1.25098
0.928417
0.567422
0.335309
0.463642
0.50688
0.686261
0.758095
0.826545
0.918732
0.960281
0.991897
1.08055
1.11308
1.15103
1.11729
1.16273
1.17456
1.24944
1.34519
1.48285
0.676871
1.60962
2.14864
2.10783
1.86809
1.33722
1.46344
1.4307
1.56081
1.85648
1.72309
1.90682
2.05419
1.319
1.46807
1.78481
1.87387
1.90881
1.76671
1.76858
1.86831
1.93629
1.95196
1.84285
1.54915
1.28444
0.973507
0.649836
0.583749
0.41329
0.333102
0.457364
0.665075
0.724748
0.834246
0.981487
1.04992
1.11825
1.13258
1.14522
1.12145
1.16743
1.18523
1.19184
1.33701
1.51481
0.676871
1.60962
2.17584
1.95632
1.83958
1.70384
1.83801
1.47597
1.4511
2.0385
1.8095
1.76193
1.93218
1.90501
1.61906
1.42793
1.67836
1.85446
1.77843
1.83602
1.85812
1.95212
1.94528
1.59949
1.36563
1.23074
0.953448
0.352128
0.0280653
0.363101
0.721018
0.707597
0.581692
0.696578
0.826725
0.948707
1.10514
1.17174
1.1666
1.18232
1.15245
1.13525
1.1679
1.2087
1.32669
1.47113
0.676871
1.60962
2.18847
2.089
1.74487
1.50584
2.07338
1.65086
1.5807
1.70045
1.65728
1.77521
1.94096
1.82283
1.53689
1.60132
1.58532
1.74981
1.80032
1.81572
1.90907
2.12262
1.89942
1.78553
1.6547
1.62969
0.991309
0.0569944
0.608102
1.76579
1.84025
0.991079
0.401713
0.731115
0.910989
0.962885
1.15063
1.1575
1.17166
1.2046
1.18332
1.13695
1.16906
1.19681
1.3042
1.53588
0.676871
1.60962
2.18559
2.03559
1.68354
1.5429
1.66588
1.81591
1.49168
1.78255
1.56078
1.85103
1.8653
1.86751
1.64001
1.63065
1.67457
1.77488
1.86398
1.82578
1.82815
2.14584
2.1917
1.85212
1.97645
1.80051
1.42456
0.667252
0.793152
2.5336
2.33268
0.926477
0.637485
0.919878
0.93953
1.11862
1.28618
1.25538
1.26584
1.20373
1.14805
1.12301
1.17086
1.18048
1.29391
1.57211
0.676871
1.60962
2.1835
2.01081
1.82927
1.74061
1.69819
1.9678
1.76848
1.50288
1.91383
1.79687
1.81365
1.83902
1.6675
1.70037
1.70855
1.80151
1.95661
1.98306
1.90614
2.10626
2.35631
2.0911
1.85103
2.14744
2.00786
1.31692
2.22496
1.86418
1.68572
0.506802
0.650176
1.383
0.858655
1.20632
1.23195
1.1606
1.27605
1.2309
1.13936
1.15744
1.1899
1.19113
1.26925
1.60516
0.676871
1.60962
2.10074
1.9946
1.8359
1.77722
1.68813
1.89111
1.92396
1.94231
1.86676
2.13009
1.77717
1.8162
1.62503
1.77217
1.74873
1.83016
2.04463
2.20751
2.2283
2.36726
2.52666
2.24541
2.18314
2.22027
2.22475
2.11744
2.37343
1.92739
1.32928
0.448114
0.700256
1.41287
0.949578
1.17348
1.2751
1.07478
1.28802
1.27762
1.12921
1.15426
1.15786
1.13907
1.2614
1.58487
0.676871
1.60962
2.15926
1.93266
1.66375
1.52529
1.51144
1.79594
1.65197
1.8281
1.57495
1.85322
1.73179
1.82937
1.77189
1.77534
1.74882
1.88027
2.17011
2.34162
2.23281
2.08015
2.30966
2.48094
2.39659
2.12951
1.94225
1.9471
1.90641
1.66649
1.82278
1.20834
0.966952
1.31517
1.13656
1.17969
1.23244
1.16355
1.23008
1.25571
1.17359
1.13705
1.19285
1.16932
1.27069
1.56738
0.676871
1.60962
2.20073
1.95422
1.52806
1.56402
1.58578
1.66159
1.98575
1.85812
1.74493
1.71432
1.74522
1.7851
1.77839
1.92647
1.8681
1.94246
2.28582
2.45439
2.61611
1.99529
2.48306
2.40188
2.62421
2.44625
1.99331
1.69415
1.72739
1.93691
1.97033
1.63325
1.35213
1.4916
1.51678
1.27944
1.23403
1.26211
1.24658
1.26281
1.17621
1.17786
1.15095
1.20251
1.28686
1.53513
0.676871
1.60962
1.9535
1.91935
1.62254
1.4953
1.71558
1.95709
1.71971
1.75692
1.66738
1.77883
1.73346
1.80391
1.95433
1.98654
1.98281
2.05649
2.29427
2.40752
2.40923
2.40812
2.27494
2.02361
1.82066
2.11543
2.27901
1.92806
1.44572
1.3295
1.51287
1.53131
1.72105
2.22128
2.22939
1.38434
1.21585
1.25166
1.30342
1.24635
1.20121
1.11693
1.149
1.14285
1.28081
1.65264
0.676871
1.60962
2.00315
1.87115
1.60094
1.73366
1.75096
1.80984
1.67742
1.57079
1.62822
1.96382
1.84611
1.73377
1.74281
1.91954
2.04643
2.06084
2.23098
2.23439
2.19302
2.37615
2.30552
2.4984
2.47306
1.46869
2.31781
2.3561
1.90712
1.75918
1.72973
1.73498
1.95445
2.57356
2.43215
1.58733
1.21315
1.26232
1.27232
1.25168
1.21251
1.18452
1.15173
1.12784
1.27436
1.60911
0.676871
1.60962
2.08206
1.84976
1.57004
1.65012
1.70193
1.76805
1.86624
1.6154
1.69147
1.88742
1.82573
1.62708
1.60827
2.04784
2.08286
1.97173
2.1662
2.44437
2.04274
2.27533
2.40777
2.33484
2.23551
2.25866
2.58811
2.12715
1.88182
1.57659
1.89309
1.78294
1.90806
2.34048
2.32392
1.81102
1.26171
1.27416
1.24032
1.2785
1.24048
1.17689
1.16159
1.10234
1.32553
1.6357
0.676871
1.60962
2.0939
1.85935
1.62266
1.65107
1.67438
1.62702
1.76864
2.00992
1.99744
2.00204
1.68882
1.57914
1.9937
2.42021
2.6185
2.41042
2.35506
2.3781
2.31363
2.30439
2.3989
2.48861
2.68011
2.20347
2.61478
2.64368
1.80187
1.55418
1.59702
1.64821
1.60293
2.11392
1.89105
1.39695
1.50468
1.48701
1.26357
1.2857
1.28303
1.15303
1.16227
1.10282
1.35138
1.612
0.676871
1.60962
2.02159
1.79567
1.52678
1.68223
1.64496
1.6124
1.80003
1.78729
1.98236
2.19969
1.81858
2.09469
2.20015
2.02735
1.94346
2.00428
2.19621
2.4235
2.47255
2.37973
2.39064
2.48649
2.57036
2.61585
2.01169
1.73963
1.94139
1.99429
1.84383
1.61638
1.60221
1.54229
1.35706
1.36597
1.45676
1.53682
1.32772
1.30424
1.25047
1.1577
1.13792
1.0838
1.30815
1.64791
0.676871
1.60962
2.02259
1.93394
1.67276
1.70218
1.70562
1.62834
1.70868
1.53818
1.8355
1.67103
1.62961
2.38381
2.21939
1.91661
1.90743
2.01406
2.2143
2.32925
2.4474
2.36193
2.27136
2.54066
2.28337
2.22044
2.05528
2.02999
1.93521
2.02753
2.06139
1.64086
1.63691
1.54197
1.46284
1.37688
1.52144
1.44263
1.34879
1.29298
1.22361
1.13381
1.13165
1.09319
1.26237
1.61336
0.676871
1.60962
2.04611
2.07132
1.74753
1.78244
1.47471
1.63919
1.89025
1.83388
1.85361
1.57449
1.61247
1.63111
2.20581
2.11389
1.90125
1.92838
2.10291
2.23368
2.32806
2.51012
2.25723
2.54913
2.20224
1.85712
1.68688
1.64777
1.76853
1.8539
1.758
1.51798
1.59025
1.82655
1.79952
1.21979
1.54444
1.32472
1.30252
1.29141
1.22324
1.13504
1.14705
1.09441
1.29099
1.64409
0.676871
1.60962
2.02372
1.89915
2.08593
1.72298
1.74494
1.60339
1.69501
1.61443
1.50638
1.51988
1.81848
1.83386
2.23677
2.00305
1.97498
1.97323
1.97792
2.14817
2.19606
2.152
1.97665
2.43152
2.0959
1.86969
1.69037
1.74827
1.77406
1.82125
1.87179
1.70649
1.66426
1.63409
1.83071
1.75405
1.32093
1.25517
1.32343
1.23231
1.13136
1.14076
1.14216
1.11076
1.19249
1.58635
0.676871
1.60962
2.08999
2.04181
1.78049
1.47866
1.37175
1.68585
1.71176
1.56347
1.71387
1.92668
1.91711
1.86589
1.94878
2.3687
2.21087
1.86963
2.04544
2.11095
2.15709
1.81408
2.28138
2.31053
2.31246
1.82746
1.49379
1.42417
1.51125
1.67059
1.86495
1.64458
1.52774
1.85289
1.90196
1.79574
1.13193
1.24792
1.29521
1.23075
1.12355
1.13857
1.09829
1.0879
1.24156
1.56824
0.676871
1.60962
2.11611
1.79662
1.75264
1.88054
1.66716
1.6802
1.83873
1.58563
1.70155
2.03725
2.11458
2.01554
1.79992
1.91736
2.20598
2.13847
2.25464
2.08941
1.76151
1.69302
2.17003
2.41474
2.29662
1.93244
1.79169
1.59769
1.59519
1.50314
1.5222
1.41893
1.57923
2.00529
1.88789
1.84435
1.2515
1.21987
1.23996
1.20048
1.13226
1.12921
1.12578
1.1081
1.19696
1.57419
0.676871
1.60962
2.15628
1.91157
1.71334
1.71037
1.55799
1.60235
1.68828
1.74691
1.91047
1.15903
1.87104
1.92161
1.90689
1.77814
2.17931
1.98794
2.22013
2.2598
1.55062
1.92308
2.24717
2.29388
2.01418
1.72457
1.70003
1.62589
1.62414
1.63054
1.6295
1.39084
1.42141
1.61121
1.81327
1.63476
1.54023
1.20372
1.15016
1.18782
1.14334
1.1341
1.15374
1.09937
1.28514
1.54767
0.676871
1.60962
2.1525
1.60215
1.66359
1.58821
1.55027
1.70276
1.6186
1.82245
1.90491
1.87902
1.85251
1.75048
1.89327
1.9625
1.82786
2.06689
2.14513
2.32672
1.74625
2.37977
1.83225
1.79624
1.83314
1.62808
1.46944
1.4988
1.58355
1.53215
1.2191
1.16795
1.51783
1.59064
1.65671
1.64209
1.45547
1.17459
1.08737
1.20881
1.14316
1.13489
1.14643
1.10649
1.32157
1.54251
0.676871
1.60962
2.12976
1.78947
1.6266
1.56575
1.65213
1.63535
1.75331
1.86837
1.54705
1.63377
1.70218
2.00977
1.9609
1.95434
1.62223
1.99474
2.04149
2.15017
1.75828
2.29644
2.04819
1.90335
1.76173
1.66265
1.47826
1.45979
1.57043
1.65075
1.4167
1.31909
1.63309
1.45208
1.56912
1.4455
1.3193
1.03802
1.12309
1.12424
1.16204
1.15665
1.16328
1.15731
1.20851
1.53389
0.676871
1.60962
2.43268
1.77388
1.75994
1.57774
1.61739
1.73697
1.71649
2.03536
1.69026
1.3509
1.64249
1.72883
1.93389
1.84929
1.64544
1.6415
1.70206
1.81467
1.39444
2.02505
1.89343
1.83014
1.70058
1.69212
1.5025
1.43119
1.40116
1.3755
1.15434
1.25458
1.2215
1.21303
1.35832
1.2872
1.12333
1.10773
1.15607
1.12505
1.13305
1.21203
1.15618
1.16152
1.1729
1.53807
0.676871
1.60962
2.37133
1.75717
1.5442
1.58956
1.73912
1.37101
1.76966
1.795
1.33864
1.30131
1.05915
1.4822
1.76223
1.8306
1.72208
1.69714
1.78749
1.4573
1.16419
1.78879
1.70252
1.79239
1.71265
1.45878
1.31563
1.1308
1.18978
1.27183
1.26781
1.21221
1.17487
1.10048
1.08398
1.0793
1.14379
1.15108
1.20067
1.14108
1.18427
1.19502
1.17992
1.10936
1.07797
1.52842
0.676871
1.60962
2.19974
1.82768
1.57616
1.46747
1.75805
1.63819
1.70464
1.81462
1.18551
1.32707
0.928031
1.19953
1.45746
1.84044
1.70891
1.78274
1.80864
1.6689
1.17386
1.71269
1.98722
1.83386
1.67559
1.44995
1.20952
1.08487
1.09962
1.19882
1.17368
1.16347
1.15995
1.13295
1.08052
1.072
1.12053
1.17769
1.1621
1.18479
1.19595
1.19235
1.17718
1.11929
1.17502
1.43341
0.676871
1.60962
2.42417
1.74699
1.54417
1.59803
1.82375
1.86521
1.8219
1.65938
1.23298
1.20766
1.02921
1.30215
1.34378
1.55646
1.53876
1.7597
1.79227
1.73791
1.58066
1.27204
1.64241
1.80237
1.57846
1.46619
1.22504
1.13388
1.09844
1.17293
1.18606
1.18795
1.10841
1.08472
1.03938
1.08781
1.12491
1.06921
1.10384
1.1641
1.15763
1.17712
1.18346
1.15256
1.22354
1.39081
0.676871
1.60962
2.38413
1.70857
1.52625
1.68309
1.64204
1.56093
1.49662
1.83406
1.74271
1.39855
1.42124
1.44445
1.40426
1.61894
1.60432
1.23182
1.63134
1.36449
1.54867
1.45624
1.71134
1.58272
1.5374
1.51188
1.35409
1.26232
1.11823
1.13928
1.15172
1.11118
1.04916
1.05579
1.0224
1.07989
1.09202
1.06611
1.09475
1.11286
1.13356
1.15365
1.19685
1.15323
1.23701
1.33937
0.676871
1.60962
2.49887
1.74226
1.48652
1.79988
1.59388
1.65418
1.67574
1.65962
1.81123
1.59598
1.56
1.46845
1.39033
1.41669
1.50525
1.51327
1.369
1.26178
1.59672
1.78557
1.62198
1.67244
1.68178
1.71239
1.4832
1.3324
1.21232
1.14174
1.09141
1.04097
1.00498
1.02246
1.02504
1.0717
1.12785
1.1091
1.11595
1.11767
1.11419
1.155
1.17217
1.18355
1.3217
1.286
0.676871
1.60962
2.36689
1.71399
1.56694
1.63537
1.96612
1.89451
1.69394
1.76073
1.53644
1.66563
1.67892
1.50086
1.51605
1.43083
1.50222
1.50553
1.46973
1.50634
1.59908
1.74321
1.96475
1.79483
1.79361
1.76967
1.62169
1.47621
1.29201
1.16327
1.09996
0.992969
1.02754
0.972135
1.04431
1.0538
1.11082
1.08261
1.1146
1.07909
1.1355
1.15935
1.17504
1.15893
1.37742
1.26051
0.676871
1.60962
2.39596
1.70597
1.59591
1.70039
1.64008
1.89801
1.96409
1.71289
1.61044
1.43223
1.65399
1.40199
1.55019
1.60595
1.54066
1.56405
1.64179
1.59445
1.67391
1.85026
1.86235
1.80285
1.79002
1.78325
1.64518
1.54382
1.46122
1.40652
1.23702
1.04413
0.989818
1.00595
1.01936
1.07765
1.08734
1.08214
1.10081
1.0849
1.15294
1.11879
1.18946
1.16462
1.37829
1.26367
0.676871
1.60962
2.43765
1.77702
1.68867
1.66711
1.52816
1.57793
1.58946
1.84844
1.62171
1.71256
1.7185
1.6661
1.58732
1.65694
1.65611
1.70418
1.57699
1.60501
1.77286
1.91485
1.93279
1.85515
1.84688
1.84438
1.64078
1.49315
1.38348
1.51463
1.32458
1.12436
1.05623
1.02929
1.01403
1.08453
1.08558
1.09266
1.10661
1.1079
1.14834
1.14173
1.15413
1.15361
1.42497
1.37005
0.676871
1.60962
2.39859
1.77512
1.58502
1.49504
1.74579
1.56101
1.74966
1.59063
1.58177
1.69111
1.81091
1.60613
1.62995
1.75285
1.85777
1.84481
1.79449
1.67611
1.80792
1.90817
2.0321
1.94366
1.92431
1.93447
1.64975
1.48698
1.48716
1.43046
1.3789
1.2852
1.18385
1.03399
1.02835
1.0947
1.11092
1.10685
1.11057
1.12672
1.09115
1.14491
1.13931
1.1569
1.41518
1.27074
0.676871
1.60962
2.47395
1.74588
1.68937
1.59382
1.73247
1.56106
1.62545
1.88139
1.74403
1.58787
1.60419
1.55928
1.57503
1.70399
1.92983
1.91661
1.87869
1.79264
1.83431
1.97575
2.09014
2.07502
2.07854
1.99645
1.71811
1.48195
1.41628
1.46574
1.39513
1.30048
1.20518
1.0688
1.05252
1.04277
1.13537
1.15445
1.15742
1.07733
1.13205
1.12999
1.09451
1.11594
1.45211
1.25319
0.676871
1.60962
2.46172
1.77086
1.64433
1.7508
1.56484
1.60559
1.6863
1.60816
1.75515
1.66441
1.66916
1.63701
1.48114
1.7384
1.8651
1.93857
1.96788
1.87694
1.86595
2.01601
2.12059
2.1277
2.10327
2.03472
1.75549
1.4717
1.43495
1.4737
1.36488
1.2596
1.32265
1.26531
1.01354
1.02972
1.0976
1.13666
1.13111
1.11582
1.10876
1.10961
1.12228
1.1196
1.43307
1.16626
0.676871
1.60962
2.52183
1.70257
1.74083
1.80923
1.62658
1.58472
1.5962
1.76084
1.73762
1.6314
1.68006
1.70947
1.6897
1.75483
1.79675
1.96376
1.85253
1.87537
2.01045
2.12593
2.19059
2.16085
2.12557
2.10397
1.81385
1.59599
1.54605
1.4758
1.34538
1.31872
1.29041
1.2489
1.06038
1.07869
1.05579
1.13969
1.11158
1.13726
1.14302
1.12926
1.11629
1.11056
1.46205
1.46965
0.676871
1.60962
2.58451
2.04213
2.2079
1.65865
1.54634
1.50773
1.60813
1.85636
1.58318
1.9846
1.95031
1.74641
1.71101
1.75062
1.85401
1.90961
1.95892
1.96273
2.03993
2.20199
2.15542
2.25806
2.22703
2.09301
1.86772
1.61189
1.49605
1.45823
1.3223
1.36361
1.37423
1.29598
1.26244
1.14584
1.06421
1.13275
1.16983
1.15157
1.15104
1.12335
1.10985
1.10982
1.41722
1.3368
0.676871
1.60962
2.45901
2.23067
2.04298
1.60616
1.48668
1.55303
1.56913
1.71421
1.75684
1.83679
1.6143
1.64966
1.64783
1.80433
1.90083
2.00793
1.93974
1.99343
2.01473
2.34577
2.28774
2.22079
2.3
2.16131
1.89599
1.55163
1.47271
1.49413
1.47585
1.4528
1.35693
1.29252
1.21068
1.12082
1.12098
1.1538
1.09965
1.13884
1.18441
1.1272
1.12468
1.12037
1.45655
1.34414
0.676871
1.60962
2.48732
2.03281
1.35491
1.61008
1.4399
1.70073
1.53742
1.8209
1.6686
1.89069
1.9885
1.91937
1.94811
2.07045
1.84798
1.82433
1.92975
1.91848
2.02056
2.12608
2.47179
2.40796
2.28534
2.19172
1.92155
1.70383
1.47952
1.57804
1.50006
1.41247
1.43986
1.20908
1.0643
1.19714
1.13984
1.14851
1.12615
1.0803
1.19179
1.1538
1.10555
1.13267
1.39328
1.36809
0.676871
1.60962
2.46294
2.0956
1.71023
1.54487
1.39759
1.85816
1.55524
1.78502
2.0304
1.58051
1.42483
1.83755
1.86161
2.06347
1.95792
1.82754
1.90693
1.97496
2.01933
2.10007
2.29987
2.40101
2.25968
2.14276
2.01665
1.77295
1.58474
1.58123
1.51644
1.38636
1.39859
1.36806
1.21769
1.22487
0.954215
1.25919
1.20625
1.11169
1.16408
1.13868
1.1577
1.08194
1.38063
1.34053
0.676871
1.60962
2.41067
1.87728
1.5799
1.53451
1.86456
1.60109
1.74918
1.67319
1.76864
1.74945
1.54875
1.42696
1.57094
1.95402
1.79179
1.81849
1.99318
1.94663
1.9278
2.07278
2.16091
2.28802
2.25608
2.11372
1.92456
1.67886
1.58175
1.54892
1.49988
1.62427
1.56278
1.34308
1.25997
1.09701
1.2822
1.28225
1.2175
1.14852
1.18356
1.13656
1.1358
1.05145
1.3952
1.34711
0.676871
1.60962
2.37936
1.80712
1.52499
1.58256
1.6052
1.27189
1.85392
1.79162
1.75656
1.72153
1.49238
1.38456
1.44612
1.676
1.82012
1.98574
2.01607
1.8703
1.91121
1.7677
2.02606
2.1678
2.18357
2.16243
2.03172
1.64806
1.77962
1.64943
1.49491
1.59162
1.54095
1.52632
1.37211
1.32555
1.25073
1.22118
1.18198
1.11672
1.19236
1.13699
1.11246
1.06949
1.33046
1.36628
0.676871
1.60962
2.4063
1.96903
1.62525
2.00839
1.70711
1.70287
1.83196
1.79299
1.78577
1.71205
1.7085
1.32599
1.45632
1.89141
1.82208
1.85761
1.78953
1.8452
1.8809
1.8013
1.89997
2.02395
2.17895
2.23406
2.06324
1.81679
1.80162
1.81397
1.52121
1.63979
1.68225
1.68775
1.25168
1.24732
1.30012
1.25933
1.16642
1.14002
1.18069
1.15463
1.13223
1.05864
1.30158
1.37116
0.676871
1.60962
2.33688
1.82411
1.50088
1.76183
1.70655
1.72475
1.5611
1.95345
1.83556
1.48872
1.31562
0.803612
0.552594
1.76992
1.98339
1.91455
1.82761
1.8582
1.89704
1.74283
1.93872
2.10915
2.22891
2.27731
2.05385
1.92538
1.77398
1.80513
1.51283
1.35023
1.65438
1.81071
1.38183
1.28972
1.25534
1.26782
1.16602
1.1797
1.15992
1.15901
1.10766
1.07346
1.21722
1.3642
0.676871
1.60962
2.42553
1.68695
1.60449
1.87345
1.79911
1.43321
1.53494
2.1459
1.79422
1.34622
0.710754
0.361101
0.338937
0.898021
1.88682
1.91494
1.8507
1.76836
1.73546
1.77871
1.93953
2.15154
2.13993
2.23298
2.24154
1.97642
1.80785
1.75113
1.69478
1.51818
1.77367
1.79153
1.26279
1.39999
1.26577
1.19373
1.12956
1.18106
1.17645
1.18612
1.14281
1.05922
1.218
1.35823
0.676871
1.60962
2.44941
1.73521
1.60285
1.90501
1.6452
1.52419
1.71061
2.04898
1.55125
1.06446
0.5216
0.70708
1.03203
0.851587
1.39095
1.64071
1.72927
1.82176
1.4967
1.62577
1.87172
2.01901
2.11424
2.17217
2.1698
1.9179
1.81694
1.85232
1.81532
1.72163
1.5779
1.26582
1.27655
1.32841
1.25525
1.18484
1.16637
1.18124
1.18434
1.19292
1.18642
1.10002
1.23668
1.35109
0.676871
1.60962
2.45542
1.78967
1.69714
1.96198
1.56037
1.64284
1.48019
1.88213
1.09004
0.70641
0.980189
1.14407
1.15386
0.975457
1.06605
1.47164
1.52793
1.62532
1.48047
1.58845
2.00483
2.11737
2.12564
2.20476
2.19464
2.02543
1.82259
1.72113
1.80969
1.70611
1.35305
1.40196
1.30831
1.34185
1.29154
1.28805
1.25297
1.21554
1.15607
1.19186
1.16024
1.08924
1.24815
1.3431
0.676871
1.60962
2.3757
1.83985
1.57114
2.02758
1.52022
1.53288
1.56069
1.37194
0.669515
0.700929
1.3019
1.23851
1.01977
1.04043
1.04679
1.65524
1.41241
1.53442
1.49868
1.68879
2.07241
2.13468
2.11949
2.14877
2.20029
1.98096
1.79332
1.71911
1.84953
1.8291
1.50718
1.39943
1.32022
1.2826
1.27894
1.27853
1.3063
1.27202
1.22394
1.21445
1.18457
1.07512
1.2421
1.35653
0.676871
1.60962
2.37124
1.92261
1.39682
1.81116
1.75274
1.40606
1.54176
1.41771
0.747242
0.773623
1.3365
1.25745
1.00707
0.909842
0.816449
1.28244
1.28104
1.45712
1.29211
1.70626
2.05532
2.15837
2.08072
2.06741
1.99107
1.71512
1.56049
1.81772
1.94148
1.60486
1.48746
1.35345
1.33409
1.2374
1.29058
1.28288
1.28889
1.26647
1.24539
1.19644
1.20844
1.09686
1.22746
1.37371
0.676871
1.60962
2.34327
2.00835
1.50757
1.90145
1.6835
1.34987
1.62607
1.4101
0.719906
0.910712
1.37434
1.22318
1.01682
0.978214
1.37101
1.27234
1.32628
1.17505
1.36203
1.74825
2.00175
2.10055
1.98839
1.86708
1.51456
1.18764
1.25998
1.78209
1.88605
1.38788
1.34231
1.3911
1.30972
1.27064
1.27521
1.28935
1.21373
1.25332
1.28464
1.22056
1.19475
1.08395
1.27313
1.38696
0.676871
1.60962
2.36113
1.91803
1.3372
1.73935
1.57403
1.85617
1.68865
1.44379
1.20262
0.820969
1.23794
1.06341
1.06172
1.36139
1.54388
1.56237
1.34431
1.38895
1.76528
1.9495
2.07959
2.15739
1.84043
1.46806
1.25639
1.05474
1.1817
1.53304
1.66834
1.36359
1.25141
1.23905
1.30328
1.21542
1.24486
1.18742
1.16456
1.22581
1.24239
1.19696
1.2019
1.08371
1.27589
1.37104
0.676871
1.60962
2.56425
1.80032
1.40667
1.55758
1.55286
1.6073
1.70706
1.40726
1.17462
0.836653
0.811001
0.938616
1.02685
1.41791
1.33066
1.13455
1.19106
1.48104
1.94823
2.08451
2.17486
2.01135
1.71521
1.39254
1.29234
1.13925
1.21879
1.38958
1.46707
1.27594
1.24938
1.23199
1.21615
1.15846
1.14184
1.17586
1.15544
1.19742
1.22294
1.23335
1.2002
1.11689
1.26414
1.39355
0.676871
1.60962
2.37998
1.51326
1.38056
1.6139
1.74126
1.86344
1.85509
1.63704
1.13313
1.26782
0.544064
0.521405
0.605572
0.754293
1.15655
1.17437
1.67072
1.7207
1.98432
2.09956
2.09858
2.01104
1.88858
1.42461
1.27269
1.15102
1.1927
1.23211
1.23983
1.24069
1.18314
1.17299
1.1799
1.21241
1.19023
1.18153
1.13691
1.17141
1.20648
1.21651
1.21595
1.10271
1.25929
1.40394
0.676871
1.60962
1.69931
1.67895
1.41882
1.67743
1.76314
1.94097
1.77222
2.03755
1.52615
1.3709
1.1125
0.789172
0.69684
0.463313
0.774974
1.1714
1.65492
1.83137
1.90705
2.06985
2.1145
2.11843
1.94578
1.71465
1.27672
1.15894
1.20836
1.21099
1.23889
1.12974
1.16704
1.13336
1.19077
1.13445
1.17474
1.21277
1.13221
1.1781
1.17886
1.17906
1.20963
1.09605
1.25517
1.42058
0.676871
1.60962
2.14533
2.03103
1.55342
2.06082
1.63024
1.8799
1.78941
1.18888
1.69385
1.62176
1.27064
0.991209
1.18734
1.05537
1.07033
1.47909
1.75759
1.72461
1.85619
2.02524
2.11406
2.02309
1.78169
1.64519
1.47907
1.27852
1.18278
1.19811
1.19575
1.112
1.13158
1.10294
1.11928
1.08563
1.12409
1.19801
1.13291
1.15418
1.1553
1.20442
1.18358
1.14568
1.22017
1.43452
0.676871
1.60962
2.16395
2.02188
1.45419
1.5623
1.64631
1.5343
1.61192
1.86647
1.6817
1.63909
1.53117
1.26909
1.44089
1.49852
1.50215
1.65138
1.86563
1.70047
1.89069
2.07786
1.99686
1.85256
1.72407
1.72677
1.61593
1.27823
1.26749
1.24219
1.13225
1.09224
1.06749
1.06721
1.06828
1.05359
1.11615
1.07875
1.11797
1.10315
1.18364
1.1987
1.18738
1.14206
1.19142
1.5145
0.676871
1.60962
2.33335
1.97774
1.58006
1.84447
1.44701
1.79804
1.81634
1.75612
1.55316
1.71259
1.49904
1.48897
1.36535
1.59585
1.71939
1.72006
1.76815
1.78162
1.95276
2.09146
2.03139
1.89541
1.88237
1.76799
1.41034
1.28156
1.16747
1.22665
1.14319
1.08609
1.06826
1.04799
1.0666
1.03179
1.0574
1.084
1.10644
1.12185
1.1544
1.18117
1.18972
1.17425
1.17129
1.4665
0.676871
1.60962
2.32095
1.91846
1.71632
1.34038
1.44337
1.64995
1.88476
1.83311
1.54363
1.5089
1.54838
1.52558
1.48907
1.5128
1.69938
1.70559
1.77248
1.7958
2.01598
2.12988
2.12423
2.09781
2.00566
1.75539
1.31579
1.18997
1.13634
1.12887
1.08906
1.03524
1.01878
1.01927
0.998713
1.00334
1.03522
1.09941
1.10828
1.06274
1.15164
1.18342
1.18107
1.15817
1.18488
1.44342
0.676871
1.60962
2.3889
1.83418
1.80475
1.82381
1.49461
1.53656
1.67503
1.70244
1.44506
1.39268
1.61784
1.46685
1.43525
1.65264
1.64561
1.70914
1.82638
1.88672
1.98671
2.22733
2.27353
2.09009
1.68815
1.48844
1.27484
1.1019
1.10046
1.12626
1.02324
1.06389
1.03892
1.0191
1.06472
1.04721
1.05815
1.09341
1.10445
1.08674
1.12564
1.16609
1.1994
1.17197
1.15615
1.50436
0.676871
1.60962
2.30356
1.94782
1.45534
1.42044
1.73554
1.46125
1.87273
1.61252
1.27124
1.57139
1.63949
1.68484
1.51677
1.72624
1.5955
1.8613
1.76939
1.86449
1.96807
2.12578
2.08173
1.83621
1.49179
1.42846
1.22727
1.04405
1.01032
1.0346
1.00761
1.08573
1.08972
1.0265
1.0413
1.04068
1.07996
1.11061
1.08635
1.10072
1.11332
1.15143
1.19524
1.17901
1.17783
1.48192
0.676871
1.60962
2.32437
1.77745
1.71679
1.78865
1.27386
1.71202
1.39487
1.48074
1.63935
1.41983
1.61075
1.72281
1.5143
1.57606
1.74744
1.82389
1.84012
1.79139
1.93156
2.03728
1.80028
1.50943
1.39813
1.39807
1.31779
1.11558
0.993544
0.816972
0.990169
0.997232
0.984301
1.037
1.03287
1.05699
1.11374
1.09905
1.0646
1.09424
1.13341
1.14524
1.18189
1.17263
1.15812
1.47633
0.676871
1.60962
2.24932
1.68314
1.83792
2.08162
1.42015
1.73243
1.44138
1.74946
1.61491
1.56658
1.99185
1.6594
1.46759
1.57522
1.80711
1.94277
1.95721
1.81308
1.93144
2.01286
1.60163
1.3846
1.36353
1.3574
1.38103
1.32245
1.27251
1.33739
0.944529
0.861243
0.83052
1.02006
1.07006
1.08504
1.04417
1.0505
1.04496
1.13528
1.11568
1.12094
1.18127
1.17275
1.18039
1.42154
0.676871
1.60962
2.29394
1.67768
1.7793
2.26246
1.34678
1.6088
1.69096
1.46534
1.56567
1.79189
1.56881
1.77399
1.64561
1.56064
1.48739
1.86386
1.91642
1.82972
1.98517
1.80687
1.57632
1.38462
1.35498
1.38196
1.32354
1.42393
1.79481
1.88692
1.44964
1.03918
0.885268
1.01992
1.10928
1.13571
1.09669
1.1134
1.1201
1.1123
1.14127
1.1736
1.17905
1.17138
1.21199
1.47493
0.676871
1.60962
2.26162
1.83765
1.81439
1.9434
1.45217
1.58947
1.78132
1.68822
1.75138
1.60639
1.5883
1.2191
1.65269
1.65926
1.59373
1.67774
1.79132
1.84913
2.0239
1.82781
1.5425
1.37737
1.27067
1.36998
1.30459
1.46501
1.97457
2.22982
2.41197
1.16486
1.09528
1.09498
1.15006
1.12461
1.0795
1.10357
1.15933
1.13476
1.15281
1.18942
1.19529
1.15581
1.18394
1.4527
0.676871
1.60962
2.02978
1.87551
1.95836
2.03653
1.45326
1.48611
2.04885
1.98333
1.93016
1.68283
1.58189
1.40364
1.47014
1.67177
1.65602
1.75308
1.75001
1.89159
1.84545
1.74557
1.42695
1.35736
1.3107
1.30196
1.26305
1.23301
1.66989
1.93142
1.56576
1.3775
1.27534
1.18373
1.15906
1.10339
1.08466
1.06798
1.14306
1.17121
1.13314
1.14697
1.23247
1.16255
1.2151
1.39675
0.676871
1.60962
2.10329
2.04892
1.97034
2.02184
1.7822
1.49131
1.82234
1.88406
1.82095
1.66108
1.55067
1.67948
1.61923
1.71811
1.58096
1.70758
1.7744
1.75418
1.72595
1.61424
1.46468
1.35305
1.23405
1.25772
1.25465
1.18306
1.29551
1.49483
1.52664
1.37755
1.3587
1.2032
1.1568
1.12357
1.07231
1.06107
1.12635
1.1883
1.14083
1.16111
1.22961
1.18902
1.22533
1.42128
0.676871
1.60962
2.14324
1.98115
1.93047
1.81253
1.45973
1.65191
1.50976
2.05386
1.93819
1.72042
1.59349
1.80483
1.58405
1.61886
1.6668
1.76475
1.75482
1.54042
1.48882
1.56957
1.49863
1.33654
1.20302
1.26673
1.27725
1.2423
1.19363
1.2463
1.1832
1.19925
1.2702
1.3271
1.36949
1.17204
1.12622
1.10572
1.08831
1.15785
1.10256
1.19208
1.22675
1.20084
1.24504
1.47761
0.676871
1.60962
2.22544
1.97386
2.01178
1.83245
1.40027
1.75094
1.62715
1.7573
1.92112
1.96266
1.82604
1.75177
1.6231
1.66521
1.68741
1.83081
1.7285
1.36848
1.49902
1.54524
1.50654
1.30923
1.25596
1.22414
1.1515
1.15477
1.28441
1.36705
1.33221
1.22335
1.1458
1.08929
1.14086
1.11427
1.10029
1.08409
1.09029
1.1216
1.12719
1.17179
1.22371
1.20723
1.28901
1.45566
0.676871
1.60962
2.18159
2.11603
2.04829
1.80508
1.58172
1.70006
1.83622
1.85724
1.68263
1.83907
1.92829
1.7399
1.64307
1.42357
1.61412
1.77309
1.76465
1.542
1.45929
1.7354
1.57296
1.37294
1.28
1.22647
1.08951
1.13427
1.22157
1.28216
1.18149
1.14468
1.14344
1.07271
1.05495
1.08712
1.08021
1.04471
1.0738
1.11472
1.15682
1.18251
1.1724
1.19071
1.34088
1.45899
0.676871
1.60962
2.02295
2.14394
1.91101
1.88602
1.6361
1.86039
1.63121
1.64692
1.50998
1.50508
1.73416
1.61545
1.34443
1.58278
1.54403
1.54762
1.66912
1.67667
1.57149
1.80705
1.71028
1.4896
1.29743
1.19708
1.06844
1.04278
1.09662
1.09561
1.10964
1.08292
1.00108
0.993847
1.00054
1.02178
1.02349
1.01595
1.06276
1.10004
1.10919
1.19321
1.21319
1.19275
1.36614
1.41596
0.676871
