1.77208
2.31913
2.20888
1.89446
1.78464
1.72328
1.83928
1.80177
1.69731
1.67572
1.78082
1.87774
1.64811
1.49899
1.34054
1.60409
1.73427
1.77938
1.96868
1.94604
1.92528
1.84238
1.54176
1.37293
1.26181
1.10402
1.02238
1.00606
1.04438
1.10171
1.12407
1.14101
1.09937
1.12506
1.12551
1.1376
1.17145
1.19153
1.22042
1.21405
1.22721
1.25507
1.28256
1.44047
1.55265
0.664679
1.77208
2.21475
2.21043
2.07442
1.91246
1.72118
1.94028
1.98202
1.69068
1.58476
1.67345
1.90145
1.53783
1.48022
1.59751
1.69402
1.85689
1.94343
1.91628
1.95115
1.76051
1.77182
1.47316
1.31486
1.21765
1.02925
0.962926
1.03094
0.973314
0.939535
0.95976
1.02605
1.06796
1.04545
1.11613
1.14173
1.15841
1.21728
1.23928
1.23009
1.21811
1.25887
1.30801
1.43776
1.61174
0.664679
1.77208
2.2199
2.23755
2.00729
1.90021
1.39551
1.68045
1.66359
1.99756
1.90569
1.47676
1.69266
1.7519
1.43257
1.72696
1.8525
1.91619
1.91271
1.65861
1.6574
1.85964
1.65118
1.42123
1.36497
1.2409
1.02007
0.785639
0.751981
0.804242
0.840522
0.891966
0.932965
0.987121
1.06049
1.10143
1.16002
1.18464
1.20801
1.22876
1.22432
1.23063
1.24773
1.30688
1.45597
1.57435
0.664679
1.77208
2.24724
2.20641
1.95624
1.81108
1.43314
1.45597
1.73585
2.09267
1.80819
1.83391
1.81482
1.55268
1.85098
1.87082
1.88852
1.93716
1.76892
1.55055
1.73236
1.93476
1.7339
1.60692
1.50938
1.28331
1.00938
0.638314
0.458704
0.586875
0.652195
0.794297
0.848355
0.951902
1.03123
1.10295
1.15438
1.20997
1.21503
1.22968
1.22956
1.21993
1.23497
1.30127
1.4404
1.64049
0.664679
1.77208
2.22908
2.20986
1.93158
1.37809
1.51623
1.46785
1.60784
1.8994
1.80984
1.9665
2.11186
1.35135
1.50382
1.79628
1.87714
1.90748
1.7995
1.77007
1.8565
1.96577
1.95865
1.88854
1.58622
1.30711
1.05487
0.761853
0.687164
0.502854
0.456331
0.6113
0.791807
0.835243
0.944876
1.08066
1.15266
1.22696
1.26468
1.25008
1.2244
1.22697
1.23266
1.24617
1.41167
1.67872
0.664679
1.77208
2.24783
2.05078
1.89309
1.77042
1.88822
1.52919
1.49712
2.09851
1.8585
1.78826
2.00983
2.00372
1.67776
1.49392
1.69762
1.88577
1.80159
1.81514
1.88528
1.99723
1.95311
1.59939
1.44268
1.31187
1.00372
0.475508
0.225176
0.596062
0.817261
0.79882
0.72225
0.830737
0.927249
1.06682
1.19409
1.28115
1.27654
1.25995
1.22972
1.24037
1.23533
1.25315
1.38402
1.65945
0.664679
1.77208
2.26793
2.1843
1.79041
1.56844
2.13684
1.73484
1.6396
1.73327
1.711
1.84304
2.00226
1.83052
1.57794
1.60222
1.62678
1.79794
1.81247
1.79961
1.92019
2.15697
1.92346
1.81628
1.71297
1.69055
1.03418
0.153633
0.734181
1.86625
1.91479
1.00391
0.454014
0.862722
1.02436
1.1012
1.27918
1.29399
1.30964
1.27521
1.23131
1.21916
1.24073
1.25631
1.3897
1.71548
0.664679
1.77208
2.27921
2.14775
1.72558
1.57748
1.73461
1.86135
1.52478
1.86334
1.60009
1.91812
1.91439
1.91427
1.67088
1.67036
1.69543
1.82629
1.90667
1.85371
1.85785
2.14605
2.22824
1.89475
1.999
1.86651
1.5185
0.809322
0.886914
2.58145
2.3571
0.955009
0.672075
1.03046
1.08024
1.22935
1.32002
1.38002
1.34362
1.31105
1.26383
1.20998
1.23709
1.25848
1.36233
1.72604
0.664679
1.77208
2.28609
2.10784
1.88117
1.78523
1.73412
2.03216
1.80057
1.53569
1.96198
1.85705
1.85834
1.89025
1.70477
1.73327
1.72848
1.85141
1.94895
1.97371
1.91082
2.10809
2.36951
2.12234
1.88406
2.20809
2.04748
1.38567
2.3526
1.93338
1.68156
0.537622
0.720269
1.49486
0.993905
1.32564
1.37393
1.24367
1.35123
1.35765
1.23402
1.22355
1.24405
1.25168
1.35788
1.73357
0.664679
1.77208
2.1997
2.08518
1.92118
1.83812
1.7336
1.93479
1.95702
1.97751
1.89702
2.20012
1.83096
1.86691
1.65538
1.81673
1.78509
1.81644
2.03944
2.24585
2.2269
2.34023
2.54237
2.28711
2.21139
2.22512
2.21567
2.20907
2.48761
2.07216
1.37188
0.432305
0.781809
1.52263
1.05497
1.30456
1.39803
1.20697
1.36513
1.35608
1.2479
1.19798
1.22672
1.18153
1.37248
1.72053
0.664679
1.77208
2.2603
2.02662
1.71825
1.57071
1.58616
1.87092
1.70512
1.85656
1.62777
1.85702
1.76617
1.87807
1.80691
1.84525
1.80761
1.87251
2.17088
2.36443
2.23415
2.05107
2.30529
2.49298
2.39193
2.12638
1.9092
2.00664
1.90121
1.67494
1.8626
1.27586
0.996217
1.44225
1.27711
1.32427
1.34237
1.31185
1.33245
1.33843
1.27329
1.23661
1.2679
1.22718
1.36528
1.70213
0.664679
1.77208
2.27815
2.0445
1.58648
1.63046
1.65957
1.71845
2.0404
1.90299
1.77774
1.7247
1.74627
1.83939
1.79436
1.93593
1.92
1.96742
2.28702
2.46216
2.6339
1.97224
2.47665
2.42719
2.64076
2.4242
1.97065
1.73577
1.7621
2.00377
2.0132
1.70339
1.45445
1.60918
1.66233
1.3923
1.25005
1.35886
1.34522
1.31039
1.27597
1.2601
1.20522
1.2466
1.37299
1.66886
0.664679
1.77208
2.00175
2.01114
1.67525
1.54085
1.80837
2.03056
1.7865
1.80377
1.71747
1.79695
1.77348
1.84528
1.99745
2.02202
2.02632
2.06248
2.28779
2.42144
2.41421
2.4143
2.26647
2.00016
1.83265
2.125
2.26772
1.98267
1.43997
1.3314
1.57524
1.59338
1.8122
2.33027
2.38735
1.52681
1.23522
1.36196
1.40835
1.30859
1.2947
1.21303
1.21115
1.21096
1.36449
1.77578
0.664679
1.77208
2.06288
1.96544
1.69042
1.80093
1.84326
1.86257
1.71161
1.62629
1.67522
2.01845
1.90336
1.78076
1.79551
1.97442
2.07301
2.0877
2.26155
2.235
2.19155
2.38348
2.32612
2.48172
2.48398
1.46801
2.28616
2.37708
1.95401
1.78282
1.83194
1.83092
2.05301
2.66465
2.51663
1.74188
1.28726
1.332
1.42398
1.33306
1.28758
1.26283
1.2273
1.1993
1.36092
1.71655
0.664679
1.77208
2.14482
1.92729
1.62928
1.71772
1.8064
1.82569
1.92532
1.66192
1.71004
1.94216
1.87866
1.66894
1.66147
2.06375
2.11781
1.99189
2.19684
2.451
2.03953
2.28439
2.42885
2.32534
2.23334
2.22952
2.55129
2.1727
1.94121
1.58123
1.99813
1.8866
1.98898
2.42942
2.40972
1.90981
1.36613
1.39181
1.36392
1.32866
1.33504
1.27526
1.22267
1.19444
1.39123
1.74506
0.664679
1.77208
2.16283
1.94442
1.68016
1.71043
1.74749
1.70034
1.85409
2.0583
2.04427
2.05996
1.73629
1.63691
2.06936
2.48204
2.66331
2.44342
2.37266
2.38964
2.33169
2.34124
2.42525
2.48148
2.66978
2.18775
2.62317
2.70065
1.88267
1.59482
1.64792
1.70725
1.64431
2.17391
1.97615
1.40962
1.603
1.56196
1.38624
1.33628
1.3369
1.25776
1.22609
1.1791
1.43969
1.7075
0.664679
1.77208
2.10518
1.87602
1.56724
1.74123
1.72886
1.69394
1.86172
1.81891
2.03921
2.25778
1.8869
2.16435
2.25673
2.06674
2.01071
2.08139
2.22746
2.45162
2.5291
2.4738
2.41414
2.44384
2.56003
2.66741
2.11621
1.7613
1.98741
2.0819
1.92015
1.66975
1.67624
1.55533
1.39946
1.38978
1.52307
1.62725
1.46613
1.36915
1.33036
1.23435
1.22711
1.18894
1.41594
1.73685
0.664679
1.77208
2.11208
2.00185
1.73218
1.74584
1.7641
1.69262
1.77214
1.55184
1.88513
1.73457
1.66598
2.44848
2.23305
1.95222
1.98168
2.0523
2.2608
2.38203
2.49384
2.43015
2.31274
2.5143
2.30233
2.28436
2.12168
2.1096
2.02465
2.12584
2.11557
1.66623
1.70222
1.59381
1.55714
1.40069
1.60155
1.54673
1.48526
1.38512
1.30839
1.20676
1.18346
1.17959
1.38972
1.71559
0.664679
1.77208
2.13086
2.16004
1.8013
1.83678
1.54115
1.71353
1.95282
1.87376
1.92014
1.62885
1.64497
1.66164
2.23665
2.17583
1.98045
1.96905
2.1397
2.29004
2.38238
2.59475
2.33666
2.56135
2.27284
1.94745
1.79684
1.73641
1.82255
1.91026
1.82457
1.55613
1.66497
1.87604
1.85652
1.3182
1.60836
1.4152
1.39504
1.37646
1.25793
1.18975
1.18564
1.17925
1.36851
1.74248
0.664679
1.77208
2.10941
1.97862
2.19133
1.79496
1.82984
1.67004
1.73692
1.63233
1.5369
1.54582
1.85946
1.86594
2.28711
2.07554
2.02903
2.03443
2.07498
2.22034
2.31038
2.24441
2.09795
2.53417
2.2083
1.99353
1.81065
1.84521
1.84244
1.91898
1.95419
1.77717
1.74318
1.67489
1.90027
1.87203
1.39072
1.31826
1.36993
1.35607
1.22239
1.16232
1.20352
1.19509
1.31355
1.7122
0.664679
1.77208
2.19032
2.13346
1.83497
1.49399
1.36324
1.73514
1.78263
1.55368
1.72179
1.97595
1.96094
1.92012
1.99961
2.41532
2.28292
1.96861
2.10907
2.19124
2.3001
1.94782
2.40723
2.45121
2.47257
1.9793
1.59757
1.50665
1.57975
1.7845
1.97718
1.7389
1.57942
1.91467
1.96836
1.9147
1.18526
1.29651
1.34593
1.3135
1.17098
1.20114
1.19578
1.20403
1.36643
1.70986
0.664679
1.77208
2.21455
1.86772
1.78323
1.92861
1.70984
1.72246
1.89372
1.588
1.75724
2.1023
2.18374
2.06985
1.8462
1.93637
2.26718
2.19072
2.31109
2.15273
1.85288
1.77235
2.25467
2.54908
2.44657
2.06155
1.86895
1.65497
1.66524
1.56605
1.62089
1.51463
1.68269
2.11176
1.97048
1.92137
1.32031
1.26725
1.2777
1.24842
1.20958
1.2108
1.21579
1.19825
1.30479
1.70554
0.664679
1.77208
2.25959
2.00499
1.75317
1.74499
1.61912
1.64094
1.70713
1.77354
1.98989
1.22442
1.9149
1.98057
1.97285
1.82904
2.25324
2.0489
2.29368
2.36489
1.59487
2.03802
2.38983
2.42509
2.14142
1.92875
1.83434
1.72346
1.67146
1.72241
1.70687
1.52826
1.46467
1.65365
1.88521
1.72008
1.60149
1.27352
1.22974
1.22295
1.19937
1.21588
1.26423
1.20451
1.41403
1.65409
0.664679
1.77208
2.25601
1.69348
1.74961
1.61763
1.59908
1.76455
1.63422
1.8798
2.02538
1.95599
1.93868
1.78574
2.00134
2.03821
1.87868
2.13977
2.22737
2.40472
1.7889
2.49053
1.9673
1.93722
1.99877
1.77735
1.58825
1.58662
1.65687
1.57772
1.24943
1.2656
1.57648
1.61704
1.71371
1.69809
1.55367
1.27924
1.1782
1.24579
1.20467
1.24723
1.28425
1.16362
1.44658
1.65645
0.664679
1.77208
2.2075
1.86334
1.70893
1.59377
1.70817
1.67744
1.79005
1.93113
1.65191
1.71629
1.75935
2.09277
2.06181
2.0348
1.64744
2.03932
2.10314
2.20725
1.80203
2.35905
2.12374
2.0666
1.92783
1.77506
1.58911
1.59276
1.62731
1.70421
1.5446
1.35314
1.70951
1.56355
1.64411
1.54802
1.40735
1.15482
1.223
1.26065
1.23554
1.26111
1.23928
1.21716
1.3332
1.65165
0.664679
1.77208
2.50585
1.83855
1.84372
1.61946
1.67465
1.79593
1.72658
2.07115
1.79906
1.36609
1.76525
1.79129
2.02417
1.91512
1.71452
1.67812
1.73825
1.87254
1.43287
2.09802
1.97799
2.00677
1.82599
1.75771
1.59676
1.53177
1.41325
1.41076
1.22274
1.29682
1.29587
1.29338
1.43352
1.33492
1.21127
1.19084
1.25573
1.25309
1.24384
1.27164
1.23131
1.19329
1.27812
1.66874
0.664679
1.77208
2.43442
1.81934
1.60026
1.63757
1.79039
1.42771
1.78615
1.83002
1.38023
1.33332
1.14936
1.55416
1.83659
1.92062
1.82344
1.74887
1.84624
1.4811
1.15186
1.85667
1.76396
1.92144
1.83768
1.60299
1.36156
1.27792
1.24107
1.29216
1.34427
1.32754
1.25343
1.21245
1.18918
1.20381
1.21072
1.23139
1.23224
1.23669
1.22113
1.25429
1.23919
1.17638
1.18313
1.65935
0.664679
1.77208
2.23651
1.89689
1.61808
1.50687
1.8254
1.69774
1.7456
1.89919
1.20236
1.36194
1.03637
1.19749
1.44555
1.90047
1.73574
1.81505
1.88629
1.74004
1.22849
1.7737
2.04727
1.88684
1.73085
1.54276
1.32342
1.18161
1.17205
1.1985
1.23688
1.24611
1.21423
1.19931
1.18904
1.19203
1.18969
1.27458
1.23285
1.2451
1.23703
1.2702
1.25409
1.23352
1.25478
1.56793
0.664679
1.77208
2.4867
1.80132
1.60443
1.63218
1.87356
1.92017
1.85725
1.71191
1.24322
1.30419
0.993469
1.3338
1.35911
1.61668
1.56797
1.7576
1.87497
1.79562
1.60265
1.29173
1.6863
1.86574
1.60075
1.51549
1.26647
1.15772
1.18558
1.2443
1.22358
1.19191
1.18342
1.15191
1.12999
1.17392
1.22136
1.23854
1.22266
1.23299
1.25494
1.24059
1.25713
1.23075
1.30681
1.51874
0.664679
1.77208
2.4597
1.75548
1.57353
1.71779
1.68954
1.62106
1.50826
1.86259
1.82017
1.41767
1.4892
1.49249
1.49196
1.6506
1.61434
1.23085
1.70253
1.44351
1.61032
1.47517
1.79079
1.6682
1.61713
1.58777
1.46763
1.31244
1.17998
1.23428
1.20093
1.16194
1.12881
1.09045
1.11342
1.15762
1.20323
1.20365
1.21543
1.21661
1.22885
1.22356
1.25834
1.23635
1.34382
1.46146
0.664679
1.77208
2.58364
1.7623
1.54769
1.83671
1.60643
1.74217
1.70994
1.65223
1.88778
1.64305
1.62066
1.56944
1.46283
1.52893
1.57729
1.561
1.47511
1.31014
1.6378
1.80649
1.63134
1.73352
1.78213
1.78534
1.60256
1.37828
1.23912
1.16984
1.15607
1.09156
1.09851
1.09696
1.12076
1.15459
1.17703
1.19171
1.19587
1.23415
1.25797
1.25744
1.25491
1.21967
1.39509
1.40332
0.664679
1.77208
2.45319
1.75779
1.64271
1.67992
2.01272
1.95567
1.72748
1.80307
1.54939
1.71264
1.73884
1.5248
1.61822
1.51424
1.56182
1.55519
1.57759
1.58785
1.64757
1.79161
1.99339
1.86053
1.83531
1.80177
1.67171
1.49012
1.31116
1.17985
1.10409
1.09177
1.07759
1.07718
1.12108
1.1382
1.15226
1.15328
1.17397
1.21737
1.24785
1.21935
1.25829
1.19239
1.44617
1.32819
0.664679
1.77208
2.47743
1.74818
1.64247
1.75496
1.71074
1.96872
2.04028
1.73412
1.64639
1.47255
1.69957
1.48895
1.62632
1.66727
1.58462
1.5925
1.67989
1.62949
1.73869
1.9406
1.92978
1.78808
1.84761
1.83669
1.6952
1.56172
1.48139
1.41268
1.31657
1.11437
1.02405
1.0478
1.14843
1.14991
1.18159
1.18349
1.16763
1.21334
1.23845
1.22841
1.24541
1.20702
1.48451
1.33296
0.664679
1.77208
2.52623
1.83039
1.74244
1.72495
1.57998
1.6422
1.64706
1.91653
1.68093
1.81629
1.80793
1.79556
1.62431
1.71116
1.73588
1.73275
1.63707
1.67531
1.82179
1.96007
2.01049
1.91512
1.90108
1.88458
1.72415
1.51227
1.42888
1.51919
1.36969
1.19405
1.12635
1.06793
1.12627
1.16905
1.16528
1.18383
1.19838
1.20716
1.21444
1.18336
1.21496
1.19421
1.53542
1.50019
0.664679
1.77208
2.49402
1.82874
1.65763
1.58347
1.80078
1.64213
1.81872
1.65098
1.64464
1.76091
1.87115
1.71232
1.70038
1.84109
1.94583
1.9023
1.83951
1.71828
1.8382
1.9634
2.1302
2.01605
1.9828
1.95249
1.73596
1.53282
1.54087
1.4966
1.41263
1.34285
1.29607
1.05648
1.10382
1.17953
1.19492
1.18497
1.17301
1.23498
1.16011
1.19728
1.19714
1.21623
1.52779
1.42259
0.664679
1.77208
2.57791
1.79739
1.73509
1.6538
1.81163
1.62938
1.66259
1.97277
1.83553
1.56096
1.61156
1.64513
1.61158
1.75319
2.00421
2.00699
1.94014
1.8336
1.9178
2.02772
2.16751
2.10278
2.09646
2.03792
1.80524
1.57725
1.4894
1.51779
1.46242
1.30749
1.26074
1.09793
1.13122
1.15326
1.18348
1.18172
1.19508
1.20441
1.21369
1.18481
1.1802
1.23339
1.56256
1.36002
0.664679
1.77208
2.55971
1.80121
1.687
1.83902
1.60774
1.65955
1.71866
1.65622
1.85027
1.68175
1.73481
1.75168
1.56185
1.79502
1.93005
1.99638
2.03436
1.92588
1.9718
2.03078
2.1542
2.13979
2.12375
2.07669
1.86177
1.60871
1.55245
1.57239
1.41322
1.33455
1.38316
1.30491
1.07721
1.11968
1.20001
1.20788
1.18477
1.22422
1.22018
1.19486
1.18019
1.19036
1.53654
1.2762
0.664679
1.77208
2.61905
1.71362
1.80582
1.88229
1.67884
1.62856
1.65133
1.8052
1.82103
1.69062
1.76562
1.7526
1.78696
1.8355
1.88172
2.04872
1.9138
1.96799
2.05737
2.14365
2.2639
2.21387
2.16712
2.1313
1.86481
1.68083
1.6217
1.53576
1.44758
1.34495
1.37264
1.34583
1.16916
1.12904
1.19046
1.17589
1.20166
1.20641
1.2544
1.2116
1.20416
1.18425
1.56786
1.5652
0.664679
1.77208
2.68555
2.08696
2.29243
1.70061
1.58823
1.5517
1.68901
1.92811
1.64183
2.05498
2.01949
1.85882
1.82503
1.80645
1.89954
1.98063
2.03967
2.05175
2.11375
2.2173
2.18317
2.32313
2.29059
2.14754
1.8753
1.66155
1.51488
1.49116
1.42075
1.40353
1.47861
1.39483
1.3534
1.2083
1.17978
1.20879
1.20218
1.21159
1.23351
1.20507
1.19204
1.16145
1.50413
1.42428
0.664679
1.77208
2.55339
2.29478
2.10898
1.65859
1.5363
1.58777
1.64259
1.77722
1.82565
1.88043
1.68126
1.74335
1.73691
1.8819
2.01517
2.06533
2.00736
2.03314
2.10487
2.39438
2.37291
2.26383
2.3669
2.21154
1.98694
1.61784
1.51235
1.51618
1.5452
1.51886
1.45426
1.38829
1.28271
1.18503
1.20575
1.20367
1.17694
1.20744
1.21554
1.19846
1.19768
1.15955
1.55417
1.40464
0.664679
1.77208
2.58983
2.10813
1.35427
1.65957
1.4673
1.74879
1.55617
1.87461
1.69252
1.93738
2.06454
2.00028
1.99508
2.15224
1.90484
1.87014
2.00098
1.99727
2.10347
2.18121
2.5231
2.48062
2.37517
2.24356
1.99121
1.70958
1.49032
1.63813
1.57529
1.49062
1.50707
1.29309
1.16907
1.27189
1.22969
1.24942
1.19835
1.22328
1.22643
1.22195
1.20041
1.17589
1.524
1.432
0.664679
1.77208
2.55967
2.18778
1.76217
1.5988
1.40489
1.91357
1.59878
1.86016
2.1013
1.59244
1.48668
1.90927
1.90971
2.12924
2.00983
1.87037
1.96765
2.04407
2.10792
2.16667
2.37031
2.44871
2.32306
2.1931
2.10051
1.83574
1.59239
1.59783
1.58976
1.48485
1.45009
1.45133
1.31065
1.34019
1.0559
1.35103
1.21097
1.22948
1.19701
1.21474
1.20348
1.10795
1.49613
1.4232
0.664679
1.77208
2.51036
1.95721
1.62268
1.61542
1.92947
1.66414
1.80635
1.74317
1.87296
1.8352
1.61128
1.49876
1.63835
2.02205
1.84793
1.87326
2.04361
2.0186
2.04783
2.12923
2.27265
2.37716
2.33418
2.18074
1.99589
1.74515
1.63473
1.62716
1.54591
1.71463
1.69335
1.45381
1.36403
1.20915
1.37739
1.33035
1.27601
1.22957
1.21654
1.22263
1.2098
1.12992
1.48951
1.41483
0.664679
1.77208
2.45858
1.87446
1.55151
1.65228
1.66593
1.2971
1.92848
1.8556
1.87598
1.78989
1.49278
1.40965
1.50638
1.76095
1.88245
2.05941
2.07591
1.94292
1.9816
1.86237
2.19922
2.2588
2.28138
2.21066
2.10552
1.69799
1.7786
1.75746
1.5714
1.67184
1.65268
1.5934
1.46519
1.39091
1.28616
1.29507
1.29738
1.21896
1.23905
1.21422
1.20142
1.13601
1.42011
1.43502
0.664679
1.77208
2.48697
2.03299
1.67275
2.08368
1.77653
1.72451
1.89657
1.86936
1.89091
1.83373
1.79293
1.46527
1.4895
1.97851
1.87094
1.89344
1.85929
1.89859
1.94958
1.97522
2.03553
2.20642
2.38339
2.36244
2.12914
1.86832
1.8222
1.87031
1.58679
1.68944
1.80048
1.77523
1.33482
1.37901
1.39831
1.32089
1.27913
1.224
1.23653
1.24895
1.20083
1.11928
1.4137
1.45636
0.664679
1.77208
2.40581
1.88607
1.50613
1.80948
1.75468
1.78953
1.6209
2.03545
1.91152
1.58218
1.31541
0.776758
0.667563
1.86365
2.04095
1.93033
1.9101
1.9205
1.97367
1.84077
2.00366
2.25451
2.41266
2.40071
2.12877
1.96972
1.87283
1.87762
1.60403
1.36867
1.72055
1.87371
1.45962
1.37722
1.37263
1.32766
1.25153
1.24899
1.24174
1.21808
1.22127
1.14609
1.30231
1.46838
0.664679
1.77208
2.48615
1.73527
1.62778
1.93033
1.85513
1.48269
1.56536
2.22616
1.82587
1.36532
0.74638
0.506823
0.449047
1.01258
1.92882
1.95383
1.92712
1.84556
1.82192
1.79059
1.98931
2.26768
2.29218
2.37857
2.31113
2.03099
1.88661
1.81074
1.71357
1.58864
1.81853
1.88613
1.37764
1.48585
1.38565
1.30809
1.2301
1.2622
1.25852
1.22173
1.21997
1.16656
1.32543
1.45322
0.664679
1.77208
2.5187
1.77402
1.64652
1.96085
1.70283
1.55803
1.76813
2.17978
1.63527
1.05953
0.556455
0.733242
1.01886
0.862619
1.41363
1.68644
1.80621
1.9147
1.55218
1.72327
2.01975
2.13742
2.25778
2.30096
2.24545
1.97271
1.91198
1.94525
1.86873
1.78247
1.65137
1.41544
1.44401
1.43005
1.36213
1.28245
1.28827
1.2868
1.22657
1.23171
1.23882
1.14858
1.32902
1.46528
0.664679
1.77208
2.5245
1.82208
1.75116
2.01832
1.61445
1.65205
1.50785
2.02134
1.26626
0.828802
1.01598
1.11785
1.15554
0.994949
1.09609
1.48483
1.59839
1.68414
1.50708
1.70865
2.16249
2.24357
2.26828
2.28828
2.29584
2.08417
1.86301
1.76643
1.87385
1.76349
1.38556
1.49997
1.38051
1.41996
1.38515
1.37795
1.34715
1.29009
1.25905
1.25373
1.22592
1.17158
1.33942
1.44814
0.664679
1.77208
2.4344
1.86869
1.61867
2.0926
1.53418
1.5551
1.61288
1.52142
0.74758
0.816982
1.29414
1.25654
1.04702
1.05893
1.10223
1.68631
1.48317
1.56604
1.5308
1.76554
2.17222
2.23011
2.25458
2.23029
2.25559
2.03289
1.87356
1.7904
1.9195
1.90798
1.56472
1.46034
1.38931
1.3437
1.3713
1.37415
1.36015
1.31861
1.28449
1.27136
1.23037
1.14755
1.3192
1.46051
0.664679
1.77208
2.42114
1.94898
1.44685
1.87061
1.78403
1.42592
1.56248
1.512
0.748185
0.870251
1.359
1.27706
0.99006
0.940521
0.835054
1.30294
1.32445
1.49467
1.38514
1.80466
2.14939
2.24982
2.2123
2.17681
2.02698
1.75118
1.63946
1.88046
2.025
1.70638
1.54119
1.44863
1.45338
1.37551
1.38036
1.34557
1.36385
1.33949
1.31432
1.27369
1.25438
1.12478
1.3275
1.46659
0.664679
1.77208
2.38344
2.04304
1.58112
1.9837
1.73635
1.3814
1.70617
1.47958
0.819554
1.00752
1.40417
1.20208
0.994285
0.945715
1.39392
1.31451
1.38435
1.3061
1.4912
1.81757
2.10618
2.17721
2.12336
1.93234
1.4974
1.22062
1.39686
1.86
1.96523
1.48222
1.4189
1.4059
1.38478
1.34722
1.3532
1.31987
1.32123
1.35386
1.34499
1.29362
1.26023
1.17102
1.36734
1.46396
0.664679
1.77208
2.40769
1.97306
1.39718
1.78692
1.61542
1.89965
1.78072
1.52912
1.24862
0.866534
1.27365
1.08313
1.08761
1.3778
1.56836
1.61068
1.40912
1.44489
1.86455
2.04013
2.13738
2.2554
1.94044
1.55587
1.31762
1.10448
1.23601
1.63984
1.74585
1.41084
1.35121
1.34518
1.36482
1.34695
1.29237
1.27714
1.28099
1.3009
1.32515
1.29336
1.25158
1.1837
1.38893
1.46441
0.664679
1.77208
2.64979
1.86863
1.46982
1.59216
1.60887
1.65182
1.81638
1.52273
1.30759
0.952253
0.8593
1.00168
1.04375
1.45094
1.38357
1.17594
1.2747
1.57511
2.04072
2.13951
2.23051
2.11313
1.8401
1.50737
1.36678
1.20385
1.22792
1.4329
1.46674
1.28493
1.31915
1.3313
1.33844
1.28763
1.25182
1.28872
1.25453
1.28683
1.32653
1.34055
1.27283
1.21871
1.35311
1.51066
0.664679
1.77208
2.45707
1.53735
1.43219
1.63455
1.79567
1.88721
1.96949
1.77297
1.21697
1.42049
0.613917
0.648688
0.698108
0.843385
1.21176
1.25855
1.79793
1.78921
2.09835
2.15568
2.18001
2.11298
1.96902
1.50406
1.33759
1.23139
1.22615
1.32141
1.29475
1.30939
1.26328
1.25712
1.27789
1.25994
1.25563
1.24184
1.23638
1.25099
1.28835
1.33091
1.27996
1.17625
1.35476
1.52824
0.664679
1.77208
1.75562
1.69111
1.46351
1.69337
1.78488
1.99988
1.84128
2.14603
1.59914
1.44119
1.21147
0.840363
0.792135
0.62244
0.803381
1.25887
1.74262
1.92424
1.98905
2.11785
2.21438
2.20388
2.06768
1.76365
1.33621
1.19273
1.21977
1.27501
1.25452
1.2242
1.21649
1.21113
1.22561
1.24169
1.23214
1.25002
1.24709
1.25981
1.29391
1.30223
1.29571
1.19282
1.36113
1.53568
0.664679
1.77208
2.23277
2.08299
1.61318
2.14757
1.70365
1.9904
1.87278
1.21114
1.77346
1.64836
1.27188
1.01256
1.30574
1.08392
1.12236
1.54178
1.82497
1.79527
1.92032
2.08212
2.17498
2.10317
1.87503
1.66616
1.50448
1.33636
1.28385
1.26886
1.21007
1.1356
1.19337
1.19166
1.17715
1.17139
1.21207
1.22118
1.23032
1.22965
1.22573
1.32232
1.29248
1.21528
1.34212
1.55259
0.664679
1.77208
2.23881
2.11162
1.48487
1.60218
1.77374
1.62835
1.69066
1.96094
1.75952
1.72316
1.6285
1.34284
1.50723
1.55867
1.55447
1.68246
1.92473
1.76654
1.93711
2.12109
2.085
1.95188
1.81547
1.79251
1.67349
1.35013
1.29792
1.30176
1.19275
1.12443
1.11076
1.1307
1.15386
1.169
1.19722
1.20362
1.22154
1.22748
1.21817
1.2989
1.29268
1.22955
1.29175
1.61743
0.664679
1.77208
2.41635
2.05943
1.61327
1.93845
1.53078
1.90305
1.89852
1.80738
1.63491
1.79913
1.54228
1.55092
1.4219
1.69232
1.7927
1.79388
1.85306
1.84319
1.98335
2.16609
2.11442
1.96886
1.94273
1.84414
1.51513
1.32269
1.25233
1.24811
1.20456
1.126
1.14746
1.10594
1.10493
1.15547
1.19141
1.21142
1.25068
1.20389
1.24882
1.27624
1.25511
1.27115
1.25323
1.56447
0.664679
1.77208
2.40167
1.98234
1.73332
1.35011
1.5077
1.73381
1.96297
1.91045
1.62172
1.5544
1.63973
1.61761
1.55646
1.56892
1.78071
1.76496
1.83659
1.87931
2.05889
2.2072
2.1818
2.17573
2.003
1.80437
1.38517
1.23878
1.21623
1.24047
1.16144
1.13497
1.11806
1.09767
1.11951
1.14336
1.12235
1.22883
1.20389
1.22681
1.24312
1.2646
1.26111
1.27427
1.25439
1.58008
0.664679
1.77208
2.47387
1.88112
1.83905
1.91533
1.54179
1.60274
1.74487
1.77726
1.47773
1.45277
1.74385
1.54957
1.53276
1.68704
1.6887
1.75563
1.86441
1.92648
2.02531
2.27677
2.3528
2.1694
1.76854
1.53356
1.31564
1.17633
1.21375
1.21872
1.13917
1.1443
1.08959
1.11212
1.10517
1.10196
1.12464
1.19426
1.19954
1.20558
1.21927
1.25679
1.27241
1.27942
1.24187
1.65304
0.664679
1.77208
2.37861
2.01491
1.49732
1.46601
1.80256
1.53387
1.94452
1.68412
1.29467
1.66794
1.72862
1.74413
1.60554
1.79361
1.67227
1.94593
1.80799
1.94762
2.0136
2.18356
2.12718
1.9344
1.55805
1.43932
1.25345
1.12431
1.08857
1.13537
1.1278
1.20007
1.12837
1.10386
1.11323
1.13332
1.16367
1.2197
1.21073
1.20599
1.23251
1.2736
1.27607
1.25778
1.25187
1.61936
0.664679
1.77208
2.40462
1.8201
1.77665
1.86699
1.33396
1.7878
1.43538
1.53018
1.711
1.47325
1.70631
1.81415
1.5034
1.65685
1.83295
1.86638
1.88596
1.86719
1.97745
2.0868
1.86001
1.55865
1.45913
1.46098
1.34182
1.17084
1.06818
0.892129
1.02489
1.09354
1.03527
1.10544
1.1342
1.15747
1.16961
1.16916
1.18623
1.21726
1.24303
1.26226
1.27894
1.24336
1.27029
1.61178
0.664679
1.77208
2.31759
1.68954
1.93045
2.1759
1.48604
1.78581
1.46763
1.78579
1.66819
1.63007
2.07249
1.73464
1.55297
1.64394
1.83451
1.94438
1.98986
1.86354
1.99122
2.04425
1.63628
1.44333
1.42389
1.42805
1.42379
1.40287
1.388
1.41586
1.07267
0.964156
0.970944
1.09705
1.18975
1.15306
1.17669
1.14724
1.183
1.24484
1.22679
1.22768
1.26751
1.27189
1.30037
1.5651
0.664679
1.77208
2.36953
1.69972
1.88607
2.37024
1.41461
1.65804
1.73834
1.48959
1.5758
1.84561
1.5758
1.81812
1.72549
1.59089
1.55371
1.8944
1.97446
1.88682
2.01198
1.87302
1.64364
1.434
1.44748
1.43053
1.41102
1.53395
1.90667
1.96668
1.55876
1.13701
0.992567
1.1602
1.21159
1.23023
1.17186
1.16965
1.20426
1.20142
1.23657
1.26664
1.28516
1.24481
1.31098
1.60259
0.664679
1.77208
2.36385
1.90267
1.93619
2.02929
1.54225
1.65024
1.84333
1.74687
1.8153
1.65443
1.60004
1.26401
1.69321
1.72426
1.66819
1.72813
1.87066
1.91099
2.10173
1.90613
1.60141
1.47276
1.41458
1.46516
1.3724
1.53143
2.10056
2.34635
2.53979
1.285
1.2005
1.17034
1.24391
1.25069
1.18277
1.21048
1.22159
1.22848
1.21516
1.24456
1.25422
1.23299
1.31516
1.59735
0.664679
1.77208
2.12989
1.95305
2.0631
2.13466
1.45889
1.51623
2.10246
2.05506
1.9683
1.72806
1.62584
1.41401
1.52854
1.72873
1.6919
1.78258
1.80137
1.97689
1.90891
1.82426
1.50216
1.47298
1.39093
1.37194
1.30736
1.28697
1.77339
2.04038
1.59427
1.44497
1.36751
1.24594
1.20207
1.19337
1.18034
1.19965
1.23593
1.23978
1.22917
1.22238
1.26996
1.24949
1.32721
1.54251
0.664679
1.77208
2.19728
2.14654
2.06398
2.11214
1.87369
1.54574
1.85817
1.90205
1.82904
1.70945
1.59003
1.73332
1.67046
1.74177
1.61545
1.74096
1.79266
1.7848
1.75408
1.67443
1.52909
1.38303
1.29397
1.35675
1.33375
1.24049
1.37072
1.57704
1.56124
1.47429
1.41242
1.29605
1.24472
1.19738
1.18934
1.2295
1.24961
1.25906
1.22739
1.23105
1.22361
1.27479
1.35468
1.56763
0.664679
1.77208
2.22767
2.07941
2.00648
1.87155
1.49819
1.70108
1.55864
2.12693
1.97613
1.77489
1.62691
1.8639
1.63499
1.64967
1.70366
1.81503
1.77426
1.54428
1.5279
1.62063
1.53453
1.35513
1.32157
1.32611
1.30785
1.29157
1.2607
1.31358
1.26601
1.32949
1.36232
1.40525
1.43672
1.29631
1.20352
1.22769
1.22181
1.20586
1.2229
1.24499
1.27921
1.26903
1.37451
1.61244
0.664679
1.77208
2.30905
2.07006
2.10444
1.91132
1.46437
1.83389
1.68583
1.78134
1.95262
2.01152
1.89505
1.80684
1.67956
1.7397
1.6827
1.87724
1.79601
1.39098
1.56932
1.59783
1.56536
1.39034
1.30019
1.29505
1.25525
1.23658
1.37447
1.42553
1.43191
1.35465
1.2227
1.22154
1.26221
1.19984
1.19698
1.20404
1.18878
1.22834
1.24273
1.24961
1.31624
1.25662
1.3716
1.56519
0.664679
1.77208
2.26394
2.21829
2.13286
1.85565
1.67503
1.79588
1.91845
1.90934
1.71983
1.86547
2.00213
1.78255
1.676
1.45118
1.64301
1.81795
1.82509
1.55731
1.47572
1.77523
1.63098
1.39693
1.31168
1.26311
1.15084
1.21427
1.27949
1.38362
1.27598
1.26269
1.24184
1.19865
1.15947
1.144
1.15578
1.13007
1.17407
1.20947
1.20575
1.23332
1.25154
1.26001
1.40323
1.56202
0.664679
1.77208
2.10937
2.26274
2.01124
1.95528
1.73369
1.92878
1.69773
1.6998
1.56639
1.57491
1.80129
1.65786
1.39237
1.62889
1.56362
1.62409
1.7251
1.75724
1.58399
1.86027
1.74718
1.47552
1.34731
1.24965
1.12409
1.08484
1.11034
1.17296
1.19933
1.16462
1.16519
1.11617
1.14661
1.11955
1.1249
1.13979
1.1893
1.19686
1.20211
1.22521
1.29566
1.27061
1.43796
1.51095
0.664679
