1.01468
1.41141
1.31718
1.11577
1.08939
1.08323
1.12595
1.00493
0.945763
0.903795
1.05381
1.12035
0.947265
0.872948
0.782082
0.923595
0.949374
0.952197
1.14513
1.08347
1.0356
1.20138
1.03303
0.891214
0.886636
0.863402
0.699305
0.462173
0.596043
0.659028
0.596482
0.636288
0.686598
0.777578
0.816707
0.879974
0.872049
0.863445
0.931986
0.919071
0.89241
0.873906
0.884099
0.99738
1.09958
0.692077
1.01468
1.40502
1.31539
1.24805
1.17366
1.03003
1.21211
1.17777
0.866477
0.82632
1.0396
1.16009
0.878071
0.906973
1.05327
1.10171
1.16459
1.10884
1.0481
0.995966
0.83385
1.14701
1.07706
0.907167
0.836376
0.906805
0.740577
0.507358
0.565331
0.6652
0.616823
0.565903
0.719157
0.765445
0.870117
0.888915
0.929597
0.93462
0.919891
0.903057
0.861127
0.917663
0.886872
1.03616
1.15091
0.692077
1.01468
1.37755
1.34323
1.20054
1.09582
0.757354
1.02784
1.03414
1.1056
1.02424
0.72123
1.00562
1.08362
0.903542
1.22496
1.32897
1.24832
1.14671
0.766039
0.706739
1.0484
0.988917
1.0746
0.928238
0.81717
0.933015
0.658849
0.30143
0.345431
0.551096
0.574
0.550423
0.727512
0.810057
0.866795
0.914978
0.895627
0.923802
0.917575
0.843425
0.913214
0.890323
0.883334
0.996064
1.1213
0.692077
1.01468
1.42346
1.3428
1.15266
1.04876
0.781417
0.868428
1.06814
1.25265
1.02844
0.924913
0.995475
0.972389
1.25151
1.40657
1.31974
1.27047
0.950024
0.758915
0.86256
1.13847
1.12272
1.1522
1.07836
0.978354
0.894054
0.5795
0.36364
0.447033
0.549056
0.681069
0.72289
0.778984
0.862171
0.866226
0.906058
0.929311
0.884588
0.941175
0.912311
0.871814
0.861357
0.838076
1.01182
1.10941
0.692077
1.01468
1.41989
1.33433
1.14219
0.79619
0.803548
0.862401
1.03045
1.08897
0.982667
1.08832
1.17894
0.747751
1.09291
1.34086
1.27517
1.1535
0.935775
1.00217
1.13401
1.27142
1.38151
1.57786
1.24897
0.974629
0.760036
0.549169
0.485331
0.531308
0.640724
0.639532
0.734044
0.813897
0.862236
0.888003
0.923359
0.942753
0.916334
0.92532
0.89613
0.89919
0.859533
0.82383
0.946459
1.13718
0.692077
1.01468
1.42595
1.27141
1.11467
1.06443
1.06852
0.861218
0.916551
1.28376
1.05813
1.02473
1.20945
1.27168
1.12586
0.995236
1.0809
1.06266
0.953134
1.05992
1.10105
1.32619
1.41265
1.30137
1.16231
0.762628
0.775604
0.498143
-0.0822844
0.191914
0.758013
0.84318
0.738402
0.837658
0.886381
0.842936
0.883315
0.934473
0.92857
0.952014
0.912024
0.866794
0.866454
0.828544
0.983144
1.1098
0.692077
1.01468
1.43153
1.3604
1.09087
0.96727
1.34051
0.983803
0.935435
1.05801
1.02111
1.07629
1.27669
1.21571
1.01045
1.08221
1.09944
1.0895
1.02641
1.09395
1.18215
1.52656
1.42014
1.47007
1.25471
1.18344
0.808729
0.702917
1.07157
1.5296
1.56339
1.11819
0.689694
0.778142
0.896159
0.819788
0.955983
0.937364
0.955721
0.97124
0.971727
0.878462
0.8564
0.842901
0.999434
1.15562
0.692077
1.01468
1.45059
1.30805
1.07997
0.974257
1.07593
1.04849
0.883441
1.10438
0.93382
1.16912
1.21083
1.21059
1.03921
1.10049
1.24282
1.26843
1.35087
1.28088
1.28798
1.62681
1.74656
1.39697
1.51586
1.37094
1.00187
0.498953
1.16396
2.38653
2.00436
1.28801
1.11928
0.881907
0.787833
0.964947
1.0625
1.01865
0.973878
1.02681
0.95011
0.910743
0.863661
0.8473
1.0005
1.18202
0.692077
1.01468
1.45731
1.30252
1.14654
1.10058
1.09162
1.20375
1.0102
0.884694
1.15741
1.09447
1.17467
1.25205
1.05336
1.18777
1.26358
1.35877
1.50501
1.50025
1.46328
1.70365
1.94485
1.74318
1.4507
1.80535
1.56677
0.861299
2.2992
2.07296
1.6461
1.32464
1.1055
1.42994
0.829142
1.06202
1.16771
0.953921
1.01171
1.04757
0.918559
0.939179
0.889861
0.851909
0.949846
1.18917
0.692077
1.01468
1.43412
1.28416
1.17324
1.13582
1.08352
1.19734
1.15672
1.17073
1.19068
1.33702
1.10195
1.15067
1.08365
1.30779
1.35816
1.50756
1.67894
1.82612
1.91213
2.15736
2.24185
1.8428
1.86075
1.94557
1.97024
2.3673
2.43808
2.64672
1.54946
1.5115
1.11834
1.41997
1.0456
1.08202
1.1386
0.906553
1.0815
1.06031
0.924831
0.876286
0.858002
0.788625
0.926661
1.17281
0.692077
1.01468
1.4558
1.24173
1.06311
1.00736
1.00354
1.07186
0.958582
1.11585
0.946077
1.18706
1.07378
1.19133
1.21447
1.33023
1.40441
1.65659
2.00373
2.15685
2.29424
2.1295
2.03199
2.04038
1.9548
1.72445
1.83873
2.17133
2.36008
1.89027
2.03088
1.62899
1.26136
1.34848
1.22022
1.12242
1.1135
0.941078
1.03694
1.0345
0.947066
0.898401
0.865162
0.776325
0.926013
1.16655
0.692077
1.01468
1.45775
1.23241
0.973553
1.01547
1.01149
0.962349
1.19909
1.13939
1.04793
1.01422
1.09842
1.18731
1.18575
1.44951
1.60204
1.93658
2.39503
2.6465
2.83651
1.9346
2.38688
2.11186
2.25999
2.03676
1.8014
1.9603
2.14752
2.10254
1.96483
1.68676
1.44397
1.41872
1.54951
1.19632
1.08534
1.06652
1.03859
0.960931
0.972743
0.985594
0.808458
0.826812
0.91402
1.15318
0.692077
1.01468
1.28349
1.25275
1.01248
0.973163
1.10912
1.2212
1.07703
1.10044
1.01574
1.00999
1.06638
1.21145
1.34613
1.53997
1.74215
2.16311
2.59357
2.7434
2.58219
2.17516
1.87624
1.8878
1.62934
1.64636
1.57462
1.55724
1.80798
1.98648
1.98298
1.7352
1.69062
2.03731
2.1006
1.36474
1.04899
1.07256
1.03069
0.931404
0.960834
0.930438
0.851753
0.817401
0.942406
1.21252
0.692077
1.01468
1.26319
1.21843
1.01594
1.12132
1.13268
1.14838
1.01357
0.917333
0.974532
1.19998
1.18172
1.17115
1.27298
1.50498
1.81102
2.26003
2.60213
2.68766
2.41954
2.17192
1.54288
1.41629
1.68241
1.01875
1.65139
1.91718
1.86742
2.13903
2.16005
2.01665
1.89971
2.44775
2.40916
1.65691
1.0644
1.09255
1.07559
0.943628
0.935507
0.935174
0.870588
0.797958
0.934482
1.20406
0.692077
1.01468
1.30414
1.17273
0.994463
1.09534
1.12441
1.11859
1.13098
0.878835
0.858904
1.15877
1.17835
1.04304
1.11037
1.57324
1.86269
2.08009
2.50405
2.74361
1.99107
1.96482
1.3554
0.838338
1.13637
1.57437
2.05365
1.78333
1.71328
1.73588
2.08915
1.88525
1.82331
2.26636
2.4088
1.93707
1.18796
1.12728
1.02304
0.952735
0.95749
0.950354
0.924855
0.78666
0.955488
1.2168
0.692077
1.01468
1.31107
1.17561
1.00576
1.03934
1.08813
1.0513
1.04944
1.2291
1.18634
1.24108
1.06646
1.02083
1.46326
2.10098
2.61022
2.49939
2.44707
2.24168
2.13172
1.81803
1.23826
0.900896
1.51608
1.4488
2.24043
2.52481
1.81436
1.63618
1.57142
1.56835
1.43876
2.013
1.95931
1.49593
1.38098
1.27787
1.01114
0.983646
0.952402
0.963159
0.897081
0.745158
1.01918
1.21501
0.692077
1.01468
1.32555
1.15642
0.921069
1.06272
1.05764
1.02164
1.06456
1.09063
1.24906
1.40149
1.11701
1.46183
1.71085
1.67364
1.56886
1.58157
1.711
1.9216
1.98595
1.59189
1.13191
0.984765
1.18842
1.74659
1.66572
1.55226
1.61558
1.66207
1.6199
1.45185
1.48001
1.48047
1.41511
1.3466
1.33306
1.29852
1.09768
1.04275
0.956416
0.965044
0.868487
0.773872
1.01507
1.25578
0.692077
1.01468
1.32021
1.23348
1.04764
1.07752
1.0713
0.984618
1.00031
0.879703
1.1188
1.05326
1.08409
1.8184
1.71827
1.35484
1.3422
1.35373
1.43926
1.53741
1.63321
1.31835
0.677684
0.976858
0.862648
1.19199
1.28833
1.44184
1.145
1.3057
1.55438
1.39217
1.34694
1.35879
1.39616
1.21835
1.35931
1.2853
1.10986
1.03096
0.987144
0.902718
0.824243
0.764124
0.97715
1.22932
0.692077
1.01468
1.35657
1.31024
1.11745
1.1192
0.914293
0.972014
1.14448
1.13438
1.07605
0.926425
1.11792
1.32845
1.66746
1.42751
1.2075
1.12291
1.19879
1.23153
1.27369
1.32493
0.779072
0.869397
0.829003
0.727035
0.651927
0.705697
0.806728
0.998639
1.16372
1.21825
1.31518
1.53902
1.508
1.08546
1.29937
1.12073
1.13482
0.998219
0.934067
0.899368
0.891534
0.765212
0.994015
1.27353
0.692077
1.01468
1.34684
1.19666
1.31438
1.0748
1.05917
0.916928
0.975062
0.913843
0.852787
0.897279
1.2647
1.31331
1.68132
1.3659
1.15614
1.13138
0.965817
1.02315
1.12704
1.05764
0.724291
0.807749
0.568943
0.86167
0.795365
0.760926
0.791194
0.934697
1.15482
1.28135
1.37024
1.23638
1.51562
1.46582
1.05416
0.964837
0.997565
0.999771
0.925724
0.88947
0.874246
0.788204
0.951955
1.26499
0.692077
1.01468
1.38575
1.24991
1.12635
0.914532
0.76076
0.999897
0.941501
0.76539
0.918003
1.11855
1.26713
1.29425
1.47509
1.74045
1.45798
0.999782
0.926724
0.89782
1.04693
0.795263
1.19572
0.786803
0.893354
0.783025
0.716757
0.52584
0.632368
0.874103
1.16587
1.2606
1.21862
1.46265
1.56516
1.3652
0.734845
0.863215
0.908727
0.990615
0.89649
0.870538
0.880197
0.780947
1.01772
1.30071
0.692077
1.01468
1.38537
1.12905
1.07475
1.13537
0.990239
1.03727
1.0848
0.850541
0.976263
1.2436
1.34786
1.33641
1.26137
1.39828
1.48499
1.24453
1.13197
0.910234
0.571987
0.53151
0.851243
0.901461
1.0148
0.950546
0.91324
0.715275
0.81705
0.817328
0.95524
1.15509
1.2275
1.55848
1.46663
1.34619
0.885681
0.853593
0.874762
0.936721
0.871226
0.781469
0.837247
0.801278
0.894676
1.32201
0.692077
1.01468
1.43647
1.15863
1.05006
1.04094
0.933488
0.923846
0.983317
0.968273
1.09306
0.63007
1.13162
1.21526
1.19086
1.10635
1.40254
1.08039
1.22709
1.2262
0.209607
0.317608
0.62651
0.915185
0.872127
0.86649
0.960454
0.830361
0.841794
0.886867
0.959111
1.04232
1.05401
1.17088
1.45101
1.2491
1.19987
0.93592
0.913642
0.921506
0.85591
0.819332
0.854352
0.795508
0.98432
1.27355
0.692077
1.01468
1.44672
1.00612
1.02951
0.898451
0.938109
1.00752
0.899252
1.04206
1.06817
1.0421
1.08959
0.998715
1.10876
1.19499
0.983077
1.10795
1.25164
1.29355
0.2272
0.817861
-0.0169491
0.28359
0.804329
0.749212
0.76829
0.647817
0.762717
0.890656
0.663079
0.79537
1.02937
1.14135
1.26831
1.29877
1.18002
0.988186
0.8614
0.928853
0.784784
0.833917
0.842269
0.763211
1.09372
1.26106
0.692077
1.01468
1.41246
1.08046
1.00691
0.884812
1.00734
0.916124
0.9986
1.03463
0.681757
0.800067
0.94566
1.07253
1.08425
1.10583
0.635428
0.97861
1.10541
1.1492
0.442806
0.809115
0.536309
0.685511
0.694537
0.707983
0.715776
0.586107
0.660639
0.842095
0.684868
0.775074
1.0733
0.99734
1.17256
1.11622
1.00475
0.934259
0.829462
0.864727
0.842049
0.824698
0.826526
0.809651
0.992813
1.26041
0.692077
1.01468
1.58576
1.06763
1.07864
0.922063
0.926306
0.970042
0.919323
1.03808
0.612279
0.355806
0.742138
0.76469
0.978893
0.879787
0.591397
0.615337
0.614434
0.674857
0.0905987
0.648912
0.560619
0.67478
0.605011
0.817112
0.595981
0.512842
0.406559
0.508735
0.442144
0.660323
0.753833
0.783458
1.0197
0.865061
0.856678
0.831337
0.781493
0.812341
0.844205
0.86223
0.860021
0.828287
0.940126
1.2547
0.692077
1.01468
1.58401
1.04882
0.931869
0.902941
0.950565
0.708229
0.893277
0.786644
0.318274
0.379218
0.361978
0.580925
0.83579
0.835991
0.718807
0.639787
0.613163
0.27027
-0.116281
0.572069
0.503653
0.787625
0.734242
0.628829
0.507774
0.272564
0.286511
0.36596
0.473147
0.510798
0.558868
0.622034
0.730256
0.754264
0.734143
0.787489
0.825426
0.814197
0.820757
0.853104
0.862394
0.788811
0.84706
1.27199
0.692077
1.01468
1.48406
1.08935
0.932752
0.868102
0.953562
0.795392
0.883266
0.790961
0.254157
0.291544
0.247807
0.457056
0.604025
0.859494
0.676805
0.673341
0.619433
0.53452
0.173242
0.770827
1.14574
0.860189
0.753953
0.602919
0.430828
0.175605
0.266748
0.336539
0.419413
0.611108
0.601687
0.672559
0.774707
0.690438
0.756765
0.765788
0.81002
0.798513
0.817033
0.853913
0.919209
0.872449
0.853785
1.20802
0.692077
1.01468
1.60508
1.054
0.916359
0.886515
1.06991
1.04514
1.01372
0.737248
0.253498
0.300883
0.190099
0.477651
0.550785
0.86298
0.609028
0.611831
0.625183
0.333923
0.523422
0.49052
0.797144
0.885055
0.591024
0.64816
0.386663
0.156505
0.412018
0.473282
0.516223
0.591734
0.568005
0.652519
0.716923
0.748608
0.746876
0.782393
0.800493
0.806833
0.821479
0.825797
0.912022
0.856983
0.902301
1.16675
0.692077
1.01468
1.6087
1.02591
0.908032
0.975753
0.949047
0.873577
0.774308
0.980328
0.692348
0.363864
0.532624
0.612025
0.644611
0.939804
0.746985
0.301498
0.44962
0.0381207
0.339999
0.431401
0.813579
0.660867
0.618831
0.592419
0.553161
0.497348
0.559472
0.575629
0.57088
0.576946
0.609142
0.600295
0.66874
0.740072
0.777548
0.721423
0.753381
0.814075
0.860696
0.84367
0.856151
0.83866
0.949327
1.1127
0.692077
1.01468
1.68479
1.01166
0.877935
1.06011
0.839549
0.889595
0.874212
0.903674
0.933943
0.792216
0.893508
0.786351
0.752045
0.834567
0.725293
0.491725
0.333856
-0.0723215
0.281759
0.567224
0.599398
0.822498
0.806017
0.820094
0.72716
0.665946
0.745755
0.6109
0.603609
0.542028
0.575057
0.58695
0.653505
0.732483
0.716469
0.710586
0.765583
0.784556
0.820148
0.840453
0.896637
0.853145
1.00056
1.07711
0.692077
1.01468
1.64798
0.998736
0.971836
1.01021
1.11014
1.00527
0.845014
0.959784
0.733392
0.876109
0.97458
0.759124
0.840172
0.81417
0.681258
0.507978
0.494214
0.391352
0.407251
0.663266
1.06341
0.994769
0.983346
0.928408
0.732847
0.770829
0.844219
0.68423
0.535768
0.517851
0.563301
0.589692
0.658607
0.718875
0.725981
0.791706
0.768162
0.87066
0.826108
0.835198
0.880532
0.851464
1.05738
1.03335
0.692077
1.01468
1.64354
0.991722
0.942484
1.01687
1.02656
1.10107
1.09867
0.914492
0.81583
0.732277
0.972739
0.717442
0.937132
0.95887
0.665763
0.553064
0.542925
0.36487
0.57292
0.838767
0.963503
0.888502
1.02174
0.96399
0.775683
0.783128
0.928331
0.917528
0.7093
0.582681
0.489528
0.562969
0.643357
0.686688
0.746595
0.757456
0.785491
0.820183
0.82839
0.871759
0.900834
0.817197
1.0619
1.02587
0.692077
1.01468
1.65489
1.04055
0.976233
1.02837
0.921437
0.968137
0.947427
1.07694
0.902103
0.935453
1.02768
0.984838
0.907275
1.02211
0.792505
0.721575
0.424465
0.419827
0.565003
0.839206
1.04227
1.08714
1.11876
1.08957
0.823072
0.681729
0.824918
0.96773
0.87614
0.686718
0.565953
0.539829
0.686025
0.690572
0.725235
0.784467
0.806373
0.77948
0.820107
0.908824
0.885568
0.798008
1.1026
1.10818
0.692077
1.01468
1.63149
1.03586
0.9319
0.900524
1.02007
0.948488
1.00112
0.914177
0.8499
0.948467
1.0406
0.94075
0.955197
0.989795
0.989974
0.820721
0.695859
0.441973
0.5958
0.877385
1.18579
1.17544
1.22943
1.22671
0.84314
0.711854
0.935816
1.00825
0.957352
0.834486
0.784963
0.622893
0.664256
0.74009
0.774137
0.796366
0.755908
0.828532
0.83396
0.843631
0.860104
0.850267
1.13735
1.13449
0.692077
1.01468
1.65096
0.98664
0.983176
0.911997
1.03169
0.976478
0.932623
1.10848
0.996366
0.83078
0.958608
0.924688
0.871388
0.985113
1.05953
0.91372
0.790878
0.754044
0.758056
1.02593
1.25191
1.3041
1.33093
1.31168
0.910806
0.754518
0.849072
0.962015
0.988668
0.855764
0.880669
0.703365
0.732656
0.803645
0.809373
0.837404
0.843659
0.807419
0.837756
0.809623
0.846939
0.805101
1.1704
1.14088
0.692077
1.01468
1.62384
1.01651
0.948849
1.01558
0.845415
0.963962
0.980374
0.978651
1.03825
0.919275
0.974336
0.959657
0.768971
0.965833
1.02665
0.99874
0.943839
0.771242
0.812083
1.04372
1.24383
1.40338
1.37125
1.39692
1.07434
0.765221
0.837311
0.92045
0.89622
0.897171
0.840908
0.893329
0.748289
0.768752
0.848341
0.812892
0.819296
0.831676
0.78579
0.825251
0.863243
0.84804
1.17161
1.03387
0.692077
1.01468
1.66415
0.935381
1.0297
1.10687
0.916649
0.953393
0.909165
1.0254
0.990619
0.823817
0.911712
0.938606
0.933426
0.933299
0.999167
0.98485
0.809481
0.753549
0.918295
1.19229
1.4217
1.38077
1.45669
1.47094
1.09407
0.886393
0.93466
0.969791
0.958983
0.868405
0.890066
0.969002
0.777193
0.803279
0.854798
0.809744
0.804189
0.854557
0.792247
0.862072
0.874653
0.891161
1.20452
1.17895
0.692077
1.01468
1.71869
1.24632
1.37081
0.975735
0.899246
0.903796
0.977629
1.08959
0.878394
1.07318
1.07258
0.951592
0.941438
0.967177
1.02049
0.997
1.0314
0.886278
1.00915
1.26839
1.39977
1.5611
1.5808
1.43484
1.22955
0.989714
0.817756
0.937087
0.928921
0.932256
1.00088
0.987594
0.920578
0.873859
0.908628
0.808426
0.8259
0.893215
0.841937
0.843315
0.898447
0.870899
1.17024
1.13684
0.692077
1.01468
1.65348
1.38828
1.22407
0.962577
0.841629
0.920117
0.938773
1.03079
0.974215
0.998211
0.870235
0.83042
0.832568
0.988252
1.0322
1.04335
1.02729
1.07304
1.16754
1.53578
1.46145
1.43107
1.64829
1.53954
1.32819
0.882303
0.849696
1.00224
1.02422
1.00615
0.966923
0.994823
0.891199
0.847862
0.895473
0.803554
0.848758
0.891329
0.871826
0.839427
0.902303
0.867418
1.22317
1.16452
0.692077
1.01468
1.65796
1.24742
0.818542
0.926296
0.831179
0.982127
0.865932
1.0356
0.880124
1.02908
1.11732
1.04342
1.00098
1.08653
0.9771
0.999404
0.997578
1.12351
1.26113
1.41489
1.71289
1.62642
1.58111
1.54788
1.31014
1.04163
0.86425
1.10273
1.12459
0.997451
1.07454
0.911076
0.778797
0.878908
0.917064
0.900344
0.868242
0.877292
0.871333
0.888777
0.916353
0.899597
1.19751
1.21766
0.692077
1.01468
1.61224
1.2499
1.02635
0.896821
0.74594
1.12511
0.879324
1.03438
1.12072
0.863083
0.852645
1.12443
0.992614
1.06438
1.05451
0.929446
0.981574
1.12606
1.26956
1.4716
1.62056
1.62901
1.53398
1.49447
1.50699
1.19312
1.0261
1.09589
1.13446
0.965171
1.02746
1.00454
0.888617
0.937861
0.743711
0.94175
0.906667
0.897054
0.898214
0.873698
0.920834
0.889858
1.17799
1.22395
0.692077
1.01468
1.55839
1.12586
0.963521
0.908195
1.11845
0.991972
1.02073
0.936941
0.990776
1.02549
0.889643
0.893639
0.769288
0.986539
0.945346
0.969164
1.09199
1.07619
1.35238
1.60946
1.5149
1.48596
1.52878
1.51141
1.41234
1.11376
1.04841
1.13636
1.11664
1.22201
1.17456
1.06268
0.959689
0.872471
0.977818
0.974425
0.905418
0.91697
0.946741
0.879799
0.917786
0.853939
1.18979
1.24543
0.692077
1.01468
1.4977
1.05441
0.909949
0.920004
0.923432
0.76991
1.10902
0.957302
0.914862
0.947416
0.837653
0.954654
0.893343
0.893411
1.00794
1.14794
1.17721
1.03984
1.37348
1.39713
1.43777
1.33841
1.30808
1.37584
1.54476
1.14665
1.21137
1.21598
1.10061
1.19379
1.16183
1.12566
1.04753
0.984348
0.919409
0.923711
0.924236
0.899717
0.864888
0.869042
0.891372
0.829949
1.10386
1.24605
0.692077
1.01468
1.52309
1.16515
0.967799
1.17153
0.976672
1.04658
1.11604
0.958988
0.885543
0.54517
0.597686
0.498295
0.703753
1.0463
0.951617
0.957085
0.970205
1.05622
1.39292
1.48644
1.20562
1.15116
1.31772
1.52045
1.61617
1.3609
1.21291
1.29418
1.11536
1.16712
1.2431
1.29198
0.978456
1.00413
0.957525
0.920112
0.897212
0.86706
0.88088
0.901302
0.903359
0.788692
1.09663
1.26088
0.692077
1.01468
1.47068
1.13247
0.903845
1.03076
0.949703
1.11612
0.892862
1.05732
0.811864
0.417975
0.278681
-0.174689
-0.226916
0.674363
1.01942
0.975747
0.934952
1.04218
1.45489
1.39043
1.13341
1.12679
1.31857
1.60795
1.5821
1.49
1.26439
1.26799
1.1056
0.926192
1.21246
1.42851
1.13579
1.01595
0.894794
0.957781
0.873856
0.883121
0.901939
0.913735
0.924678
0.832318
0.992647
1.28323
0.692077
1.01468
1.5256
1.03477
0.985802
1.04386
1.00117
0.887123
0.872373
1.19538
0.864891
0.339983
-0.085369
-0.554079
-0.661558
-0.119614
0.854679
0.971791
0.911057
0.913007
1.26766
1.33422
1.1296
1.22158
1.25022
1.5553
1.85203
1.64993
1.35745
1.2328
1.16176
1.01273
1.30217
1.41764
0.990073
1.0899
0.997734
0.907944
0.877804
0.893301
0.86846
0.879566
0.896957
0.78388
1.00733
1.26003
0.692077
1.01468
1.55959
1.04641
1.02194
1.07453
0.925399
0.972167
1.17238
1.16898
0.975209
0.352351
-0.342974
-0.195369
0.160528
0.0437129
0.431718
0.668318
0.797228
1.03894
0.99813
1.10601
0.886802
0.995115
1.26031
1.4463
1.73689
1.53654
1.36494
1.30844
1.18871
1.2263
1.14565
0.980035
0.986906
1.00566
0.92485
0.869588
0.869118
0.89123
0.881059
0.895661
0.925851
0.809542
1.01965
1.24138
0.692077
1.01468
1.57009
1.06423
1.05789
1.1114
0.81374
1.08425
1.05799
1.45621
0.788901
-0.112879
-0.0322875
0.353186
0.427731
0.417404
0.283223
0.695087
0.798131
0.962986
1.096
1.00557
1.03087
1.07648
1.29806
1.53454
1.75936
1.63515
1.24136
1.07155
1.20155
1.16819
1.0008
0.979496
0.95455
0.961013
0.919977
0.941229
0.955148
0.929346
0.889133
0.896348
0.924253
0.844038
1.0292
1.18982
0.692077
1.01468
1.51325
1.09249
0.96275
1.17249
0.755491
1.00446
1.11671
1.10922
0.458281
-0.30875
0.253953
0.380059
0.407075
0.575976
0.652618
0.932985
0.866893
1.09641
1.30247
1.06558
1.08288
1.13475
1.26851
1.38741
1.64121
1.45236
1.17677
0.99815
1.14203
1.22154
1.03875
0.950164
0.862552
0.863802
0.882931
0.926615
0.959892
0.944656
0.918588
0.941792
0.901664
0.837559
1.03092
1.20869
0.692077
1.01468
1.52107
1.15271
0.870947
1.06678
0.946658
0.781882
0.950515
0.904863
0.237427
-0.22393
0.321295
0.485307
0.413866
0.430799
0.551597
0.857422
0.939726
1.32108
1.32958
1.15187
1.11943
1.2458
1.18787
1.39286
1.36951
1.08414
0.750364
0.953896
1.16666
0.947589
0.914662
0.877725
0.828066
0.868522
0.90642
0.933538
0.935844
0.986885
0.942135
0.943687
0.928511
0.864864
1.01672
1.21821
0.692077
1.01468
1.50826
1.21436
0.932171
1.12815
0.976484
0.673228
0.880191
0.648575
0.277617
0.0858199
0.262608
0.222911
0.247022
0.294833
0.696831
0.880893
1.15991
1.39222
1.45852
1.05347
0.998163
1.03032
1.19422
1.25494
0.831884
0.376012
0.309463
0.868053
1.07367
0.74874
0.723277
0.809763
0.78226
0.784459
0.837694
0.893935
0.943519
0.968913
0.935386
0.948051
0.925167
0.880505
1.0286
1.22434
0.692077
1.01468
1.51823
1.19001
0.818609
1.01065
0.910116
0.961778
0.912933
0.658068
0.184243
-0.0392148
0.0460923
0.0616736
0.229316
0.543386
0.716129
1.06433
1.2791
1.65842
1.88519
1.29931
1.1133
1.26398
1.00415
0.741215
0.48545
0.168768
0.17239
0.632499
0.874833
0.680422
0.596732
0.694117
0.71863
0.775376
0.84087
0.842782
0.912269
0.930606
0.990489
0.961817
0.898267
0.879631
1.07122
1.20487
0.692077
1.01468
1.64907
1.10098
0.84623
0.905303
0.93144
0.823721
0.81879
0.671666
0.465627
0.0142984
-0.0923005
0.150666
0.322462
0.669694
0.716618
0.875572
1.19325
1.59439
1.88455
1.41838
1.31293
1.28693
0.871152
0.659874
0.501453
0.380021
0.399523
0.591279
0.788515
0.545501
0.592629
0.670171
0.637893
0.775894
0.76518
0.807149
0.867107
0.897477
0.98038
0.986199
0.951632
0.872802
1.05146
1.23506
0.692077
1.01468
1.4984
0.906562
0.770844
0.919623
0.982294
0.937935
0.964668
0.759754
0.484813
0.444771
-0.201451
-0.0406879
0.271137
0.510012
0.808764
1.0035
1.40721
1.47588
1.64362
1.29731
1.20776
1.28207
1.14392
0.71971
0.747219
0.619829
0.611713
0.604389
0.667819
0.623742
0.594126
0.639312
0.614032
0.745482
0.7857
0.885289
0.877403
0.911695
0.969859
1.01658
0.937202
0.873047
1.02581
1.22433
0.692077
1.01468
0.99236
0.87133
0.800738
0.962921
1.05103
1.09003
0.969297
1.12993
0.884531
0.824491
0.60228
0.41914
0.643108
0.588898
0.734648
1.00289
1.17173
1.26784
1.11721
1.04739
1.25402
1.43768
1.48118
1.22541
0.870561
0.769372
0.603811
0.571007
0.626954
0.57758
0.557388
0.606165
0.619977
0.682274
0.75044
0.860007
0.862334
0.950423
0.972674
0.963456
0.964268
0.882684
1.02807
1.2233
0.692077
1.01468
1.26496
1.18098
0.902227
1.21912
1.01942
1.15845
1.02415
0.634512
1.02834
0.991706
0.82607
0.674524
1.05856
0.979617
0.910574
1.07285
1.08939
0.945413
0.966106
1.00891
1.20712
1.37542
1.32493
1.17086
1.02009
0.844738
0.682616
0.531368
0.550322
0.560665
0.505892
0.451526
0.576762
0.680716
0.745591
0.815844
0.871441
0.904176
0.979273
0.935151
0.993781
0.877223
0.984276
1.24527
0.692077
1.01468
1.32605
1.2718
0.885062
1.01617
1.05254
0.921016
0.902216
1.01682
1.0244
1.06797
1.01492
0.954888
1.11602
1.13451
0.966737
1.03793
1.11248
0.779108
0.860677
1.06129
1.15927
1.21607
1.17944
1.23834
1.14398
0.773885
0.640721
0.602285
0.61045
0.522583
0.508461
0.427486
0.522786
0.599044
0.701586
0.79861
0.885401
0.894945
0.904933
0.94318
0.948256
0.891358
0.960255
1.28168
0.692077
1.01468
1.45423
1.23981
0.914376
1.14944
0.945294
1.11091
1.11244
1.04023
1.01504
1.12489
0.969051
0.922196
0.934801
1.11196
1.0381
0.96503
0.971697
0.866355
1.02365
1.18342
1.14966
1.1596
1.23798
1.23646
0.938057
0.79441
0.630922
0.547145
0.573577
0.477786
0.436991
0.433652
0.60758
0.631755
0.704222
0.849701
0.870605
0.894615
0.924217
0.954062
0.961941
0.895179
0.921524
1.23531
0.692077
1.01468
1.46968
1.15531
0.971629
0.847193
0.915662
1.0853
1.26205
1.15269
1.06086
0.93932
1.01297
0.870719
0.862635
0.964028
0.967007
0.96206
0.995349
1.00116
1.15447
1.19038
1.16854
1.29789
1.34676
1.30921
0.856169
0.740444
0.616598
0.519127
0.525104
0.533833
0.529245
0.564323
0.619413
0.606216
0.733231
0.796134
0.825518
0.898269
0.899425
0.959029
0.932529
0.895239
0.876218
1.21054
0.692077
1.01468
1.52703
1.10975
1.09165
1.08208
0.905439
1.03318
1.09942
1.0959
1.00107
0.913408
1.10012
0.87458
0.874037
1.00667
0.887328
1.0602
1.13182
1.15682
1.10176
1.30121
1.31436
1.2416
0.950816
0.850657
0.772544
0.682744
0.64327
0.56448
0.506823
0.554548
0.513542
0.522664
0.616869
0.675723
0.737166
0.776365
0.81634
0.868007
0.882893
0.879789
0.925788
0.851153
0.916814
1.23372
0.692077
1.01468
1.5009
1.19218
0.909838
0.878686
1.04404
0.91478
1.20237
1.03462
0.734694
0.974836
1.05008
1.03104
0.906953
1.13955
1.05927
1.23659
1.06325
1.09743
1.04431
1.25119
1.14285
0.92738
0.644632
0.747799
0.746023
0.675488
0.710384
0.648858
0.504511
0.611764
0.629104
0.572664
0.646189
0.644015
0.750579
0.834544
0.79895
0.866044
0.882125
0.926752
0.943424
0.856725
0.886126
1.20381
0.692077
1.01468
1.50839
1.07382
0.95282
0.97826
0.711119
1.05937
0.794513
0.887074
0.98148
0.882165
0.981878
1.11507
0.890876
1.10227
1.26975
1.17684
1.18602
0.977836
0.985703
1.03672
0.852539
0.457085
0.502573
0.657486
0.703697
0.72801
0.78454
0.636163
0.576028
0.625857
0.550179
0.644396
0.701352
0.726462
0.795491
0.840702
0.824798
0.923816
0.906633
0.919938
0.919923
0.843315
0.898479
1.16307
0.692077
1.01468
1.46163
1.03318
1.19271
1.25019
0.771016
1.04796
0.797221
1.04629
0.987565
0.937171
1.21362
1.093
0.999198
1.10821
1.26995
1.24445
1.15945
0.976573
0.962588
1.00988
0.545845
0.483616
0.473787
0.645848
0.912726
0.874856
0.802476
1.05567
1.00672
0.709513
0.583713
0.665044
0.699284
0.766037
0.79727
0.831898
0.827578
0.856684
0.889949
0.910274
0.911648
0.905017
0.895475
1.12288
0.692077
1.01468
1.47216
1.03737
1.18446
1.41591
0.791018
0.946989
0.954186
0.775908
0.864095
1.0423
1.00006
1.15464
1.11649
1.01801
0.848017
1.15523
1.00999
0.860042
0.93047
0.866226
0.587083
0.547291
0.52338
0.657242
0.94573
1.11715
1.3693
1.37007
1.27879
1.11973
0.616895
0.601251
0.729405
0.763936
0.822788
0.882245
0.857807
0.837067
0.890907
0.890875
0.904673
0.908584
0.959877
1.13288
0.692077
1.01468
1.47792
1.15748
1.1496
1.22724
0.912733
0.98721
0.962312
0.893575
1.01986
0.986709
0.985572
0.823032
1.07694
1.03347
0.852443
0.894793
0.915259
0.816504
1.06592
0.8499
0.555414
0.435616
0.471038
0.629385
0.813938
1.03546
1.55383
1.76914
2.10182
1.10487
0.727447
0.617665
0.745202
0.783426
0.83924
0.899541
0.877541
0.846087
0.91945
0.905481
0.869191
0.915046
0.911798
1.13452
0.692077
1.01468
1.3605
1.19741
1.24121
1.27876
0.877565
0.932016
1.21578
1.13075
1.15706
0.954284
0.970804
0.840415
0.96744
0.998534
0.899466
0.888603
0.784914
0.893946
0.833654
0.785297
0.456273
0.602972
0.658856
0.656905
0.760858
0.744758
1.15354
1.49534
1.3483
1.14974
0.916235
0.723619
0.832815
0.871848
0.863772
0.851176
0.88416
0.918502
0.867448
0.906096
0.87245
0.889523
0.949184
1.10727
0.692077
1.01468
1.35438
1.29413
1.213
1.23519
1.08391
0.952275
1.08981
1.08746
1.00249
0.933495
0.902303
1.03686
0.98967
1.04778
0.937276
0.858637
0.800967
0.732443
0.666884
0.673417
0.605509
0.625662
0.631917
0.718767
0.774734
0.689928
0.773727
0.93119
1.03601
0.975521
0.919942
0.848605
0.764895
0.816209
0.878296
0.927718
0.914825
0.923741
0.895107
0.881544
0.880857
0.849167
0.966715
1.14536
0.692077
1.01468
1.40711
1.25786
1.17647
1.05829
0.854317
1.01592
0.894883
1.26697
0.985743
0.846389
0.956619
1.15156
0.98208
0.94841
1.01556
0.917079
0.851761
0.576393
0.431137
0.606429
0.650125
0.646918
0.778309
0.745068
0.887562
0.78972
0.664243
0.706631
0.749463
0.818992
0.891227
0.948895
1.07355
0.92649
0.916885
0.905666
0.936351
0.900543
0.887983
0.91984
0.901883
0.840233
0.93639
1.18604
0.692077
1.01468
1.45922
1.25847
1.24171
1.10325
0.86475
1.04715
0.918143
1.03424
1.1577
1.0886
1.07225
1.05477
0.967042
1.10821
1.07308
1.10529
0.929763
0.503497
0.477143
0.548521
0.660058
0.682482
0.688556
0.765343
0.884327
0.742103
0.703891
0.79204
0.766338
0.725889
0.596649
0.736244
0.890303
0.89858
0.93422
0.922028
0.927652
0.867005
0.899223
0.901217
0.933596
0.822832
0.935454
1.14511
0.692077
1.01468
1.46848
1.33832
1.28034
1.11736
1.05263
1.07882
1.0992
1.14552
1.10173
1.14812
1.26656
1.11803
0.937197
0.954815
0.974077
0.943825
1.05252
0.772734
0.420344
0.812577
0.805372
0.77381
0.70774
0.835142
0.818673
0.682198
0.625686
0.786604
0.653796
0.597494
0.710669
0.656088
0.763981
0.864086
0.902527
0.909764
0.902458
0.883476
0.921609
0.886085
0.874935
0.829981
0.976505
1.1072
0.692077
1.01468
1.38156
1.35177
1.17433
1.20631
1.10282
1.15006
1.01351
1.05298
0.882019
0.94355
1.10479
0.988879
0.777445
0.989314
0.890729
0.749088
0.92023
1.01437
0.742114
0.89153
0.963746
0.881025
0.812867
0.826506
0.849092
0.645956
0.456546
0.60675
0.641432
0.508649
0.64321
0.699319
0.785787
0.833025
0.84577
0.811659
0.926348
0.904994
0.896885
0.898701
0.872783
0.864795
0.990293
1.04436
0.692077
