1.43038
1.43122
1.42318
1.42482
1.42716
1.43319
1.44536
1.45975
1.48253
1.50043
1.52456
1.54609
1.5684
1.58843
1.61236
1.63692
1.65707
1.67594
1.69193
1.7091
1.72217
1.72748
1.72989
1.73069
1.72851
1.72432
1.71842
1.70733
1.69485
1.68205
1.6673
1.64997
1.63293
1.61474
1.59009
1.56457
1.54554
1.52701
1.50432
1.4864
1.47719
1.46303
1.45133
1.4447
1.44668
1.44668
1.445
1.44579
1.44417
1.44809
1.44769
1.45016
1.45618
1.45773
1.46
1.46298
1.4635
1.45811
1.45483
1.45527
1.45116
1.4482
1.44058
1.43781
1.47542
1.46231
1.46024
1.45533
1.46728
1.48736
1.49861
1.51854
1.53648
1.55266
1.55697
1.55682
1.54993
1.54522
1.54511
1.54935
1.55739
1.56797
1.5853
1.60764
1.63143
1.65005
1.65724
1.65081
1.6376
1.62453
1.60487
1.59122
1.58865
1.58688
1.58485
1.59664
1.61606
1.61614
1.61704
1.61358
1.59662
1.57195
1.54835
1.53345
1.51203
1.49693
1.48454
1.4906
1.50177
1.51701
1.52277
1.54626
1.57471
1.59809
1.62226
1.64243
1.66024
1.67582
1.6853
1.68842
1.68787
1.68465
1.67912
1.65624
1.62371
1.58147
1.53576
1.49167
1.69307
1.70714
1.69341
1.6684
1.65547
1.65258
1.638
1.63645
1.64371
1.64952
1.64205
1.62367
1.58593
1.52621
1.47653
1.41956
1.38888
1.39456
1.42825
1.467
1.53224
1.58628
1.60556
1.58363
1.52759
1.47432
1.43103
1.40608
1.40804
1.47279
1.54998
1.63189
1.70921
1.75028
1.75325
1.74045
1.70693
1.67504
1.65541
1.64076
1.63375
1.64169
1.64541
1.64948
1.66446
1.67857
1.70277
1.69918
1.69219
1.6795
1.65946
1.65794
1.68119
1.73788
1.78334
1.79107
1.76611
1.74221
1.71558
1.69226
1.67316
1.66418
1.65218
1.66314
1.8396
1.84912
1.82462
1.76694
1.70685
1.63339
1.57704
1.5393
1.56126
1.61482
1.66092
1.67666
1.65585
1.61638
1.56324
1.5047
1.44727
1.42137
1.45637
1.51525
1.61523
1.70885
1.73846
1.70777
1.64168
1.57634
1.53297
1.51092
1.53881
1.62251
1.74203
1.84296
1.90101
1.88379
1.7981
1.68955
1.61483
1.60654
1.64083
1.69057
1.7293
1.7283
1.71283
1.70829
1.73268
1.78214
1.83002
1.80693
1.71815
1.64035
1.57546
1.5323
1.54803
1.60393
1.66597
1.717
1.70971
1.65868
1.62127
1.62326
1.62236
1.6534
1.69618
1.77933
1.76427
1.74414
1.74111
1.74796
1.73427
1.63296
1.53104
1.53962
1.60151
1.63058
1.58423
1.52512
1.48776
1.49481
1.56059
1.61469
1.58854
1.48985
1.42364
1.37014
1.43001
1.52741
1.56641
1.54855
1.5639
1.6105
1.67323
1.72523
1.75253
1.77223
1.79759
1.80897
1.82756
1.79762
1.71494
1.61319
1.55766
1.59553
1.7269
1.85719
1.85278
1.75981
1.65109
1.58525
1.60911
1.71591
1.81541
1.87094
1.84341
1.78449
1.73228
1.71453
1.71404
1.76233
1.8523
1.90704
1.88248
1.80196
1.75843
1.7491
1.7858
1.84667
1.84463
1.80583
1.67273
1.63721
1.68193
1.81324
1.92642
1.88303
1.79281
1.73402
1.70037
1.67179
1.57037
1.45635
1.36057
1.33899
1.39083
1.49048
1.48098
1.3448
1.15011
1.06393
1.13111
1.32048
1.44866
1.4492
1.47441
1.56107
1.68735
1.79541
1.80036
1.74591
1.65522
1.61191
1.66991
1.75647
1.74082
1.69219
1.68387
1.72991
1.82162
1.88602
1.84688
1.72099
1.60218
1.58937
1.64418
1.70652
1.73281
1.74238
1.74396
1.80251
1.89971
1.91414
1.83952
1.78095
1.80314
1.89307
1.90067
1.81682
1.73082
1.72935
1.85462
1.98985
1.98214
1.81571
1.69967
1.6865
1.73414
1.85443
1.90486
1.77994
1.60216
1.4661
1.48141
1.63329
1.72919
1.58885
1.57433
1.57595
1.47917
1.38571
1.38753
1.29425
1.19499
1.1176
1.20919
1.37742
1.54089
1.58989
1.57414
1.62878
1.75988
1.80096
1.76753
1.69887
1.64976
1.67084
1.71972
1.77413
1.77009
1.71506
1.62041
1.52464
1.45408
1.43941
1.44773
1.46782
1.57751
1.72823
1.82823
1.85466
1.74913
1.63546
1.61675
1.74223
1.93844
1.94012
1.80636
1.64913
1.60165
1.68845
1.78312
1.73892
1.6503
1.62038
1.70596
1.83299
1.85224
1.75775
1.82109
1.87644
1.74425
1.6155
1.53245
1.41867
1.26205
1.26548
1.42137
1.7162
1.80042
1.88039
2.01695
1.95697
1.64517
1.3534
1.2445
1.4502
1.59712
1.52744
1.54278
1.62804
1.71622
1.68482
1.61863
1.66059
1.79555
1.71321
1.58285
1.54929
1.65596
1.69874
1.61299
1.56283
1.52532
1.43726
1.29268
1.20276
1.1854
1.34363
1.45744
1.5058
1.57848
1.59051
1.54623
1.58673
1.65307
1.68511
1.68795
1.74237
1.81522
1.83283
1.74984
1.63913
1.66197
1.8117
1.90466
1.86949
1.7405
1.67792
1.69052
1.67665
1.62997
1.64329
1.82622
1.90384
1.56804
1.37763
1.5349
1.6166
1.54251
1.74806
1.93694
1.91311
1.91332
1.99246
1.83644
1.57531
1.50491
1.25943
1.03487
1.44903
1.80006
1.71447
1.71535
1.82729
1.7769
1.62107
1.43359
1.51583
1.67576
1.51681
1.34098
1.40075
1.61288
1.59178
1.3868
1.25792
1.31372
1.35382
1.32451
1.44298
1.6083
1.93859
2.08817
2.03611
1.77702
1.4852
1.26935
1.25122
1.44232
1.61971
1.73568
1.78221
1.6887
1.62006
1.66816
1.82236
1.87859
1.7973
1.69335
1.64676
1.55036
1.60262
1.75965
1.73502
1.51484
1.48426
1.72721
1.68846
1.32381
1.38274
1.8507
1.83301
1.4134
1.51129
1.94611
2.21064
2.28147
1.90517
1.60619
1.58902
1.39347
1.08636
0.756103
1.17187
1.53515
1.53326
1.70238
1.84261
1.68325
1.46129
1.37271
1.57792
1.49545
1.33325
1.30668
1.5583
1.50655
1.31737
1.23852
1.26816
1.54248
1.71394
1.77714
1.80452
1.90649
2.03056
2.08073
1.99178
1.7706
1.60118
1.5397
1.51142
1.52386
1.49664
1.51951
1.61634
1.56731
1.3931
1.4969
1.87484
1.83667
1.36231
1.15878
1.47861
1.57672
1.40346
1.57041
1.74366
1.54372
1.4486
1.68513
1.60001
1.34003
1.51152
1.80087
1.26217
1.10226
1.6967
1.65586
1.76412
2.0505
1.90519
1.43339
0.975386
0.587296
0.844719
0.809297
1.07026
1.17785
1.21373
1.32586
1.45214
1.21059
1.17017
1.41915
1.56845
1.32554
1.25498
1.65701
1.87293
1.41587
1.17444
1.52634
1.75364
1.8237
1.90976
2.02938
2.02094
1.90443
1.73242
1.65708
1.73146
1.76791
1.76967
1.84348
1.85421
1.83328
1.61639
1.28747
1.46431
1.60579
1.45434
1.40946
1.71858
1.53603
1.03242
1.6841
2.29645
2.26319
1.90065
1.59637
1.53612
1.47123
1.45083
1.57528
1.63063
1.35347
1.55167
1.64816
1.09968
1.75594
2.2553
2.14355
2.17234
1.9347
1.61868
1.43435
0.666789
0.353955
0.788267
0.972795
1.11588
1.10887
1.05964
1.063
1.18673
1.08322
1.07518
1.28506
1.51704
1.32465
1.34286
1.83502
1.93064
1.41165
1.47123
1.88021
1.90448
1.71258
1.86146
2.04887
2.03109
1.83733
1.70446
1.7855
1.94573
1.94888
1.89017
1.76836
1.73547
1.71589
1.49812
1.28158
1.40281
1.41196
1.33746
1.28682
1.43144
1.40423
1.42796
2.07126
2.28974
2.27517
2.12571
1.62318
1.28475
1.43789
1.36992
1.40674
1.53134
1.22034
1.35122
1.59924
1.39236
1.79499
2.02011
2.14916
2.36029
2.05523
1.74155
1.64786
1.34319
1.08962
1.08945
0.950564
0.763308
1.08246
1.28708
1.25341
1.34292
1.44925
1.33714
1.1536
1.44445
1.42715
1.34451
1.68034
1.79181
1.52519
1.625
1.87905
1.77989
1.65185
1.84062
1.95798
1.81282
1.69548
1.84741
2.08443
2.09022
1.88829
1.77929
1.63385
1.53978
1.2353
1.14264
1.39815
1.3409
1.20151
1.17167
1.29662
1.31894
1.35172
1.59988
1.94071
2.11401
2.17482
2.01229
1.14261
1.12179
1.42987
1.19385
1.35467
1.49914
1.15223
1.18583
1.54646
1.11498
1.43194
1.99189
2.13833
1.99259
1.66921
1.75086
1.79074
1.77262
1.55128
1.40821
0.960661
0.44562
0.629573
1.0607
1.13906
1.28024
1.51807
1.32679
1.03563
1.09674
1.31442
1.31114
1.43399
1.6573
1.51834
1.50714
1.63704
1.7139
1.87643
1.97942
1.8733
1.67694
1.75239
1.94235
2.10694
2.008
1.78857
1.81939
1.72866
1.78763
1.378
0.786588
1.38095
1.46473
1.44461
1.46909
1.59038
1.50408
1.11029
1.36858
1.68714
1.65398
1.69204
1.29491
0.563125
1.30801
1.5506
1.12277
1.408
1.571
1.15673
1.22981
1.49443
1.2222
0.766651
1.0769
1.19181
1.14703
1.66049
1.81561
1.68465
1.58763
1.52637
1.56522
1.27855
0.703833
0.438716
0.977564
1.05135
1.001
1.34784
1.45553
1.02477
0.955995
1.2446
1.41789
1.37914
1.50611
1.41722
1.36964
1.55071
1.72478
1.926
1.94872
1.82964
1.8252
1.83931
1.85406
1.95119
1.90562
1.68047
1.76275
1.77484
1.7014
1.57242
1.25959
1.38052
1.55688
1.86877
1.87305
1.89963
1.74157
1.05649
0.872343
1.43729
1.37099
1.15667
1.0743
1.11444
1.5055
1.41452
1.11959
1.38814
1.34914
1.03254
1.30918
1.38394
1.21471
0.987103
1.14647
0.822854
1.01263
1.60502
1.61563
1.51339
1.42693
1.41305
1.4616
1.51
1.30636
1.10571
1.6134
1.5499
1.20268
1.27729
1.73092
1.55874
1.3001
1.12123
1.1522
1.23656
1.26914
1.19512
1.43033
1.70259
1.69953
1.72715
1.77851
1.75648
1.80576
1.73438
1.56016
1.71739
1.80887
1.59238
1.54656
1.6591
1.75809
1.90497
1.89096
1.62828
1.82612
1.97045
1.76947
1.75381
1.90569
1.54097
0.80514
0.736157
0.846541
1.01161
1.1954
1.25746
1.2923
1.21155
1.15418
1.46666
1.11481
1.04579
1.38734
1.41908
0.962132
1.5204
1.83015
1.42687
1.46356
1.58152
1.45433
1.3881
1.29737
1.41325
1.40233
1.47622
1.55599
1.27059
1.37123
1.56385
1.45307
1.6564
1.77517
1.44624
1.10058
0.772564
0.862489
1.09816
1.20978
1.08418
1.3615
1.5931
1.57045
1.64177
1.73639
1.75119
1.71773
1.62031
1.48334
1.62875
1.71344
1.51725
1.46462
1.55085
1.56076
1.75109
1.92237
1.79895
1.89161
1.89016
1.43721
1.38012
1.86365
1.88772
1.60905
1.20572
0.810696
0.873187
0.93864
0.814281
0.995108
1.16628
1.38338
1.6616
1.47875
1.20409
1.54212
1.65934
1.3549
1.77536
1.78743
1.54548
1.64477
1.46431
1.35915
1.28486
1.17569
1.44817
1.36942
1.37334
1.41063
0.42111
-0.0561001
1.09785
1.53411
1.56933
1.15954
0.71443
0.401038
0.629032
0.752839
1.03015
1.26112
1.1525
1.20485
1.36582
1.45375
1.64082
1.75347
1.75109
1.66202
1.58606
1.54205
1.64251
1.61902
1.47715
1.53166
1.55549
1.19684
1.40736
1.65689
1.67044
1.69876
1.67209
1.44991
1.59361
1.84509
1.80653
1.79926
1.65094
1.44528
1.33399
0.995675
0.905099
0.910224
1.05365
1.39796
1.78249
1.86455
1.40459
1.33256
1.65254
1.68978
1.76992
1.66578
1.60927
1.61471
1.52865
1.47125
1.20167
1.16062
1.41305
1.30801
1.32838
1.50811
0.839063
0.0500316
0.961801
1.46858
1.00565
0.225774
0.291591
0.70397
0.920989
0.768882
0.931819
1.23795
1.27818
1.35191
1.4292
1.51223
1.61759
1.72264
1.8119
1.69701
1.53126
1.54835
1.69354
1.62395
1.49498
1.63185
1.69103
1.4091
1.56013
1.76326
1.73115
1.56659
1.514
1.52714
1.61163
1.69334
1.6304
1.5141
1.53723
1.62171
1.66797
1.48582
1.34213
1.18554
0.993445
1.25657
1.83
1.82504
1.55994
1.18763
1.38957
1.57718
1.7724
1.79876
1.65402
1.74437
1.8259
1.52586
0.79263
1.0172
1.46443
1.47461
1.17216
1.34025
1.27639
0.868233
1.36513
1.55535
1.05789
0.421686
0.876893
1.18946
1.11886
0.728118
1.04238
1.29656
1.42366
1.46888
1.55165
1.6109
1.59865
1.62228
1.75253
1.6683
1.39152
1.39063
1.66732
1.71893
1.63676
1.56263
1.66105
1.71594
1.80234
2.00847
2.13542
1.99371
1.7577
1.65633
1.63167
1.64336
1.6179
1.50645
1.341
1.41217
1.42477
1.23528
1.10995
1.27889
1.44188
1.65851
1.56981
1.75674
1.80911
1.6069
1.45942
1.35915
1.64471
1.84684
1.72341
1.61342
1.67217
1.27871
0.892178
1.17316
1.57165
1.47185
0.479647
0.566732
0.864742
1.26444
1.46592
1.33037
1.06584
0.874238
1.15333
1.06767
0.847912
0.953562
1.33302
1.51538
1.71054
1.72464
1.57919
1.50204
1.48569
1.44501
1.32619
1.16853
1.11684
1.30683
1.70636
1.80064
1.57177
1.33131
1.42786
1.78401
1.95948
1.89777
2.12317
2.26576
2.14755
1.84205
1.60094
1.59118
1.75113
1.7024
1.35968
1.04528
0.962838
0.904786
1.06715
1.46498
1.73549
1.66965
1.26041
1.64199
1.93977
1.84598
1.54386
1.2847
1.42849
1.66263
1.6865
1.641
1.59946
1.45501
1.26005
1.2551
1.43308
1.3052
0.699274
0.750138
1.02637
1.31137
1.30253
1.10322
0.914449
1.01465
1.11301
1.0331
1.13284
1.52622
1.64806
1.71224
1.82184
1.72696
1.40719
1.15561
1.29911
1.34669
1.07551
0.889543
1.1068
1.47211
1.72113
1.68399
1.40483
1.12359
1.01326
1.11454
1.33544
1.41586
1.63356
2.02329
2.18469
2.01119
1.74023
1.48306
1.54444
1.54965
1.2188
0.997923
0.966461
1.07602
1.21506
1.35274
1.36877
1.18825
1.06677
1.48424
1.64134
1.58903
1.45258
1.28594
1.27409
1.32638
1.31463
1.36639
1.40703
1.37561
1.30456
1.28008
1.24741
1.21606
1.25621
1.28823
1.30743
1.32183
1.31408
1.29623
1.3216
1.36342
1.28183
1.23812
1.50825
1.69354
1.51762
1.39728
1.52123
1.52158
1.1831
1.00621
1.30118
1.43419
1.22683
1.17094
1.36231
1.5598
1.58514
1.37535
1.16513
1.1211
1.13258
1.23702
1.28959
1.11481
1.09635
1.6288
2.02821
2.06277
1.7276
1.32785
1.29403
1.38032
1.25428
1.14276
1.17211
1.11404
1.09694
1.0904
1.04669
0.941869
1.32052
1.20303
1.18199
1.26098
1.40393
1.4604
1.3994
1.25768
1.17216
1.18786
1.19493
1.12512
1.11647
1.19265
1.29263
1.27939
1.22909
1.14029
1.03096
1.01081
1.11321
1.34286
1.47867
1.3912
1.10404
0.951488
1.26841
1.40384
1.27533
1.16578
1.32062
1.34704
1.14538
1.10728
1.36229
1.4546
1.36127
1.36229
1.49233
1.54265
1.41964
1.28411
1.17641
1.27996
1.4247
1.46549
1.41631
1.2946
1.28071
1.64976
1.96517
1.9769
1.56403
1.28997
1.40644
1.54341
1.50946
1.27556
1.21029
1.11079
1.16779
1.33664
1.44174
1.42144
1.38972
1.24077
1.21415
1.40131
1.59056
1.69472
1.59204
1.44736
1.36239
1.31101
1.24142
1.13758
1.15048
1.1907
1.21213
1.10133
0.849278
0.66901
0.734712
0.85176
0.985839
1.17496
1.24947
1.10353
0.697003
0.629083
0.865755
1.20241
1.36689
1.35936
1.35104
1.2766
1.25108
1.32352
1.44415
1.35923
1.20539
1.21558
1.37367
1.49776
1.50447
1.42537
1.27075
1.30036
1.32311
1.25314
1.21843
1.37068
1.65651
1.94576
2.09107
1.96032
1.6302
1.37842
1.43729
1.52903
1.46574
1.27715
1.21463
1.25501
1.41042
1.55437
1.6188
1.55387
1.39832
1.41669
1.42904
1.44781
1.4508
1.43124
1.39361
1.37229
1.33983
1.27423
1.18665
1.15177
1.19654
1.24393
1.21524
1.04603
0.795477
0.647539
0.755974
0.885887
1.01038
1.14743
1.24942
1.12535
0.748731
0.817546
1.05138
1.30615
1.46492
1.41375
1.29126
1.2638
1.34537
1.46425
1.46497
1.34056
1.22675
1.23865
1.37521
1.55348
1.61695
1.50442
1.40504
1.46842
1.52304
1.48938
1.54717
1.73553
1.89858
2.01716
2.05362
1.93114
1.65774
1.42718
1.3605
1.35073
1.31777
1.27397
1.3656
1.49991
1.54599
1.45139
1.34678
1.29959
1.41254
1.44379
1.4111
1.31023
1.19695
1.16002
1.2403
1.27485
1.28876
1.20262
1.11197
1.12548
1.17421
1.14876
1.15688
1.10261
0.957344
0.817116
0.802034
0.852706
0.986866
1.15433
1.29055
1.24448
1.15238
1.2446
1.35991
1.43581
1.42225
1.36698
1.32058
1.30999
1.35185
1.39938
1.40956
1.40853
1.44268
1.50997
1.54177
1.60934
1.61137
1.52738
1.49525
1.56334
1.58079
1.59355
1.67113
1.79817
1.86333
1.89147
1.88035
1.76434
1.55526
1.35797
1.24981
1.19179
1.23193
1.31662
1.43979
1.54967
1.54103
1.42198
1.33391
1.34337
1.37363
1.31965
1.20693
1.1351
1.10907
1.15984
1.28565
1.39046
1.44886
1.38128
1.23317
1.15357
1.13408
1.1486
1.17883
1.14771
1.03527
0.924904
0.877106
0.882388
0.94297
1.1002
1.25144
1.33242
1.36573
1.37168
1.36739
1.36844
1.37164
1.38698
1.39589
1.40014
1.36838
1.30369
1.24037
1.25621
1.30809
1.39726
1.50359
1.53437
1.51256
1.44146
1.3969
1.4043
1.41837
1.46657
1.52758
1.5864
1.62487
1.63944
1.57743
1.4675
1.32218
1.19504
1.11968
1.12901
1.15066
1.2267
1.28704
1.32762
1.35683
1.35507
1.36057
1.36538
1.33915
1.28517
1.23426
1.22531
1.22943
1.24289
1.27198
1.34792
1.40133
1.39843
1.33068
1.2572
1.20685
1.17345
1.16785
1.12979
1.07394
1.01974
0.970691
0.957358
0.962256
1.02514
1.10629
1.16474
1.19778
1.21125
1.19485
1.20295
1.259
1.34098
1.42788
1.44986
1.3927
1.2921
1.18831
1.13555
1.12287
1.1357
1.15993
1.17316
1.17348
1.16501
1.16518
1.18904
1.19846
1.23139
1.28459
1.32797
1.35633
1.33792
1.30978
1.27596
1.25348
1.23905
1.225
1.21213
1.21709
1.21595
1.21659
1.21176
1.22904
1.29981
1.34254
1.35879
1.33114
1.26951
1.19695
1.1486
1.12395
1.11677
1.11797
1.11099
1.09527
1.07225
1.06138
1.05789
1.04147
1.03197
1.06341
1.0717
1.08707
1.1114
1.12561
1.14223
1.15619
1.15915
1.15854
1.13666
1.08661
1.08991
1.0774
1.08682
1.12665
1.22523
1.32056
1.3865
1.41641
1.40142
1.3548
1.30507
1.27522
1.24915
1.24062
1.25861
1.26755
1.26757
1.25705
1.24249
1.24301
1.2353
1.23195
1.19504
1.15609
1.13338
1.11902
1.11598
1.15128
1.20629
1.27207
1.32978
1.35883
1.34834
1.32701
1.33094
1.3625
1.40773
1.40951
1.38097
1.36721
1.31241
1.21966
1.16885
1.12271
1.08518
1.05949
1.04895
1.04277
1.06528
1.09353
1.12143
1.13252
1.14076
1.14367
1.15073
1.16932
1.17898
1.19181
1.20115
1.20458
1.20691
1.1946
1.17091
1.15143
1.14161
1.13261
1.13637
1.16283
1.20352
1.24797
1.28012
1.31139
1.3364
1.3529
1.37823
1.39236
1.39356
1.39657
1.38769
1.36491
1.34846
1.33451
1.33949
1.33224
1.31366
1.29383
1.2693
1.23411
1.1782
1.1313
1.09433
1.06767
1.07748
1.09632
1.12762
1.15897
1.1865
1.22344
1.27524
1.35966
1.41467
1.42032
1.40327
1.83816
1.83809
1.81821
1.78034
1.72688
1.66074
1.58531
1.50472
1.42275
1.34232
1.26602
1.19723
1.13621
1.08167
1.03419
0.993158
0.959471
0.930129
0.907508
0.88947
0.874835
0.863917
0.857851
0.858357
0.860805
0.869455
0.885361
0.905456
0.932874
0.962928
0.994735
1.02301
1.04466
1.0585
1.06341
1.05824
1.04293
1.01961
0.989561
0.953354
0.91549
0.874638
0.832471
0.790553
0.75013
0.715828
0.690736
0.674043
0.668405
0.6717
0.688162
0.722362
0.781669
0.859072
0.955341
1.06423
1.18298
1.30475
1.42303
1.53339
1.63091
1.71232
1.77503
1.81719
