2.37599
2.37046
2.36734
2.36704
2.36466
2.36657
2.37205
2.37656
2.38164
2.38851
2.39426
2.3999
2.40978
2.41239
2.42114
2.43037
2.44372
2.45332
2.46503
2.47826
2.48885
2.49643
2.50372
2.50738
2.5063
2.50194
2.49631
2.48862
2.47959
2.47038
2.46175
2.44592
2.43188
2.4183
2.41041
2.40521
2.40218
2.39761
2.39227
2.38934
2.39032
2.39247
2.39886
2.40441
2.41374
2.42053
2.42441
2.43149
2.43715
2.44163
2.44381
2.44739
2.45105
2.45352
2.45551
2.44894
2.44507
2.44088
2.42978
2.41822
2.40793
2.39931
2.38975
2.38425
2.48273
2.4734
2.47153
2.47325
2.47832
2.4834
2.49149
2.49625
2.50048
2.50592
2.51947
2.52642
2.5278
2.52958
2.52958
2.52862
2.534
2.54393
2.55205
2.5607
2.57596
2.58555
2.59371
2.59885
2.60056
2.59941
2.58534
2.56806
2.55671
2.53551
2.51702
2.50661
2.49748
2.4959
2.50576
2.51364
2.52162
2.52951
2.53373
2.54189
2.54159
2.53847
2.53577
2.52589
2.52563
2.52403
2.52975
2.53713
2.5479
2.5649
2.58421
2.60335
2.61993
2.64981
2.66789
2.69212
2.70688
2.70737
2.69149
2.6589
2.61341
2.56951
2.53164
2.50295
2.56029
2.60218
2.63983
2.66934
2.67663
2.67393
2.65664
2.63726
2.62559
2.62869
2.62409
2.61647
2.59968
2.57748
2.54494
2.51204
2.48137
2.46604
2.46135
2.45882
2.47054
2.48993
2.51339
2.54205
2.57125
2.5812
2.57949
2.57266
2.56513
2.55685
2.55114
2.55272
2.57185
2.59519
2.61373
2.62454
2.627
2.63736
2.65323
2.65965
2.66943
2.67628
2.67927
2.66981
2.6606
2.65141
2.65073
2.62805
2.60973
2.59611
2.58441
2.58632
2.59928
2.62257
2.66151
2.71377
2.76032
2.77847
2.75637
2.7014
2.6294
2.57109
2.53723
2.53329
2.70898
2.81903
2.87162
2.86894
2.78618
2.67303
2.58505
2.54139
2.53012
2.55303
2.58033
2.58292
2.55942
2.53349
2.50931
2.50109
2.49792
2.49845
2.52183
2.55107
2.56903
2.59081
2.61897
2.6513
2.65298
2.64817
2.65258
2.64491
2.64541
2.6604
2.67507
2.68397
2.68533
2.69559
2.70305
2.67852
2.65334
2.62091
2.58664
2.5758
2.5835
2.60286
2.63103
2.65687
2.67893
2.69842
2.72019
2.73954
2.75665
2.75502
2.72272
2.66208
2.61797
2.60279
2.6377
2.70856
2.78533
2.81378
2.78209
2.68538
2.59089
2.53533
2.54763
2.60915
2.8308
2.86511
2.82337
2.73544
2.60655
2.5023
2.44517
2.44962
2.51467
2.59591
2.59279
2.54052
2.47484
2.44042
2.47484
2.5462
2.60599
2.62485
2.63043
2.63648
2.661
2.67573
2.70848
2.72523
2.7141
2.68301
2.66598
2.67523
2.70121
2.72274
2.72201
2.70785
2.69263
2.68218
2.67718
2.66015
2.63105
2.59772
2.58218
2.58437
2.61588
2.66221
2.70357
2.7178
2.68992
2.65942
2.67435
2.74516
2.83461
2.90375
2.91885
2.84946
2.76209
2.72112
2.72629
2.80598
2.88538
2.91852
2.86491
2.75497
2.64548
2.60081
2.65113
2.73743
2.78584
2.70012
2.64499
2.64839
2.66806
2.67756
2.69664
2.71114
2.69332
2.5942
2.44708
2.30524
2.2401
2.29243
2.40004
2.50397
2.56157
2.42925
2.31361
2.30198
2.36243
2.44665
2.56561
2.61242
2.59318
2.56433
2.59391
2.6443
2.69098
2.70206
2.68604
2.65334
2.62682
2.6184
2.62852
2.63018
2.63891
2.63563
2.61726
2.60298
2.61561
2.67988
2.76776
2.79907
2.74632
2.65983
2.62662
2.6655
2.7405
2.80839
2.83274
2.82524
2.80251
2.78262
2.75506
2.75901
2.81831
2.84247
2.81315
2.72521
2.67189
2.68764
2.74398
2.79993
2.62833
2.55727
2.55615
2.65735
2.75293
2.72469
2.56628
2.38236
2.22637
2.10493
2.10785
2.23272
2.4248
2.53286
2.54898
2.51132
2.44103
2.31349
2.2601
2.22655
2.28923
2.42284
2.54063
2.52377
2.48038
2.45945
2.4824
2.55191
2.55768
2.52436
2.51602
2.5206
2.49509
2.47406
2.45823
2.40603
2.32903
2.27717
2.26245
2.24746
2.2552
2.32073
2.44909
2.54975
2.58699
2.58039
2.58739
2.60932
2.62078
2.5944
2.59844
2.64661
2.73138
2.74515
2.65391
2.5667
2.57398
2.61359
2.6024
2.52845
2.48582
2.55033
2.64247
2.66938
2.38121
2.4177
2.40644
2.35011
2.29475
2.09923
1.84479
1.69257
1.65579
1.99624
2.53526
2.90515
3.00458
2.91828
2.59184
2.28773
2.202
2.38803
2.49507
2.41749
2.39702
2.39178
2.38126
2.31218
2.21972
2.18058
2.22334
2.21833
2.14239
2.11541
2.16083
2.17026
2.0664
1.97324
1.97743
1.98551
1.87666
1.76577
1.76786
1.84285
1.89424
1.97988
2.09251
2.13059
2.14913
2.19717
2.2639
2.34339
2.42108
2.42354
2.39305
2.42464
2.48824
2.46826
2.31578
2.20728
2.27333
2.35849
2.31488
2.21133
2.19005
2.26616
2.3055
2.34803
2.1088
2.20011
1.99239
1.67832
1.6012
1.5197
1.37603
1.49586
1.94395
2.44671
2.87636
3.16474
3.13446
2.78793
2.46565
1.86901
1.618
2.14145
2.53652
2.46415
2.25108
2.04809
1.89394
1.87564
1.76399
1.68511
1.71816
1.67308
1.51788
1.48157
1.62604
1.67071
1.46706
1.31961
1.38881
1.4915
1.43785
1.31685
1.41489
1.75765
1.82105
1.78791
1.76468
1.78231
1.73152
1.73749
1.80009
1.87429
2.00372
2.08088
2.05073
2.02653
2.03667
1.97868
1.85751
1.73753
1.76307
1.75812
1.65219
1.65918
1.85067
2.05308
2.02592
1.96347
1.64566
1.73345
1.3845
1.03818
1.10326
1.2039
0.93371
0.478826
0.543161
1.23495
2.28065
2.92822
2.94056
2.2317
1.92564
1.52937
1.33618
1.68167
1.96417
1.89179
1.62108
1.41706
1.35562
1.33606
1.19357
1.06726
1.11932
1.1035
0.870767
0.888236
0.965145
1.05759
0.900028
0.626761
0.619552
0.940128
0.928606
0.943969
1.27946
1.64723
1.67559
1.58703
1.49908
1.54595
1.66488
1.71315
1.75497
1.67071
1.68001
1.71701
1.71796
1.68183
1.62904
1.64514
1.60854
1.40749
1.32149
1.36702
1.29872
1.3405
1.53381
1.73672
1.6657
1.61446
1.30597
1.23088
1.0461
0.61496
0.638829
0.447484
0.476875
0.0833234
-0.472203
-1.00261
0.329011
1.8882
2.28439
1.65496
1.20782
1.31156
1.35241
1.08838
0.955072
0.78831
0.44663
0.705718
0.786567
0.632275
0.527965
0.514229
0.621695
0.655906
0.70187
0.566037
0.244722
0.180355
0.277219
0.207661
0.355107
0.62942
0.909845
0.895428
1.16432
1.37996
1.27231
1.24839
1.37956
1.56884
1.62548
1.60505
1.63408
1.60235
1.55002
1.5042
1.49535
1.42695
1.31069
1.29099
1.2036
1.08433
1.17975
1.55992
2.03898
1.42682
1.46697
1.48011
1.5007
1.45352
0.876743
0.438432
0.510733
0.281874
-0.0236913
0.375664
0.650356
0.815883
1.99771
1.39508
-0.0154457
0.734015
1.6679
1.30155
0.881989
1.44989
1.42932
0.735487
0.330414
0.294268
-0.557348
-0.202864
-0.05041
0.0709609
-0.0892156
-0.0786986
-0.0619308
0.0972226
0.461904
0.334172
-0.392566
-0.140123
0.250518
0.206637
0.114911
0.446475
0.725952
0.69407
1.05362
1.27203
1.18633
1.27128
1.55627
1.7172
1.7743
1.57571
1.42351
1.4825
1.44282
1.29866
1.14597
1.16059
1.07115
0.981814
0.883343
0.772864
1.02694
2.05231
2.93272
2.24788
1.21719
0.971656
1.19742
1.15785
0.421374
0.538423
0.518659
-0.404768
-0.275552
-0.141258
-0.364828
2.07022
3.26458
3.03965
1.8289
0.563837
1.58352
1.84343
1.59698
1.63005
1.03342
0.0594119
-0.279047
0.0641958
-0.340521
-0.765913
-0.917753
-0.260064
-0.245912
0.0337052
-0.235585
-0.536286
-0.461137
-0.622057
-0.718081
-0.429842
0.249907
-0.21006
-0.461401
0.287533
0.785878
0.617242
0.956053
1.33465
1.41755
1.58543
1.64279
1.60547
1.6635
1.21927
0.905294
1.08618
1.03455
0.786659
0.382125
0.373721
0.507465
0.427729
0.365132
0.506897
0.995526
1.4437
2.32278
1.78813
0.409494
0.26696
0.90303
0.854834
0.899946
1.07445
0.796297
0.131683
-0.116486
0.00376202
-2.27901
1.14248
2.71151
2.6982
1.68148
0.574702
1.84543
2.33143
2.25285
1.77348
0.929071
-1.18111
-3.19111
-1.50864
-0.986699
-0.647895
-0.559406
-1.01278
-0.811128
-0.102021
-0.0304676
-0.0287056
-1.45717
-0.481447
-0.724504
-0.444869
0.205881
0.314204
0.443764
0.937152
0.987148
0.709448
0.899755
1.30765
1.61725
1.80274
1.64598
1.64873
1.87234
1.093
0.52952
0.703652
0.770491
0.388989
0.0999567
-0.414404
-0.299616
-0.0686998
0.125416
0.245883
0.526804
0.65509
0.43821
-0.0276629
-0.917107
-0.0905082
1.22546
1.02518
1.14132
1.34539
0.963401
0.406336
0.28176
-0.301099
-1.7122
-3.79317
0.0274719
0.944966
1.38785
1.72033
2.19698
2.4651
2.36764
1.93103
1.1185
-0.107388
-0.738713
-0.00772491
-0.328068
-1.47625
-1.62342
-1.62709
-1.36251
-0.875724
-0.0196421
-0.0832408
-1.55596
-0.894831
-0.907455
-0.660191
-0.319103
0.41709
0.805249
0.863692
0.960142
1.16379
1.26644
1.41186
1.83029
2.0447
1.85889
1.83653
2.17438
1.62865
0.087675
-0.554442
-0.440285
0.258086
0.175193
0.355222
0.766584
0.14746
-0.514236
-0.842815
-0.258454
-0.0923844
-0.227972
0.324221
1.01199
1.2224
1.18038
0.965385
1.0892
1.04509
0.797897
0.438432
-0.618145
-0.290323
-1.50724
-0.463606
-0.269638
0.777463
2.2349
2.58443
2.67687
2.60186
2.45255
1.9136
1.37618
1.31725
1.29544
1.62211
1.58184
0.525835
0.114478
0.765505
0.452614
-2.87615
-1.15304
-3.35952
-3.4034
-2.6517
-1.7167
-0.958173
-0.496468
0.266702
0.323541
0.563944
1.15063
1.67491
1.5267
1.34181
1.92744
2.24721
2.04379
1.96826
2.27346
2.20672
1.31647
0.213225
-0.171115
0.442981
0.845774
0.871374
1.22279
1.42961
0.436576
-1.38091
-0.410553
0.254548
0.272885
-0.201626
0.350112
0.6993
0.691294
0.776265
0.195817
-0.0644474
0.0299922
-0.299331
0.00919585
-1.13194
-1.26281
0.927935
1.57988
2.16634
2.84789
3.13104
2.88325
2.66217
2.63535
2.25653
1.86942
1.8064
1.17252
1.18455
2.12271
1.92044
1.40714
1.63399
1.1499
-1.37469
-5.83863
-8.41341
-5.66756
-4.45346
-0.819186
-1.10018
-0.641076
-0.144517
0.215056
0.942281
1.68951
1.93496
1.68135
1.61271
2.09597
2.30038
2.19042
2.21128
2.36116
2.28954
2.23426
2.22466
2.00458
1.96304
1.89948
1.17598
1.02555
2.04833
2.22383
0.935613
-0.861066
-2.01728
-2.56067
-2.61083
-0.57489
-0.112242
0.281556
0.702577
0.686225
-0.203107
-0.755302
0.140131
0.39368
0.128496
0.0493343
1.01523
1.78689
2.40495
3.21777
3.28587
2.92518
2.59038
2.87011
2.6175
2.15284
1.91857
0.673325
-0.831532
1.4129
1.88884
1.47406
0.505882
-0.720219
-2.74473
-4.03152
-4.32606
-3.15739
-1.61261
-1.057
-0.978687
-0.620531
0.259474
0.747606
1.40192
1.99178
2.18789
2.04607
1.95047
2.21088
2.28731
2.10527
2.19449
2.25527
1.88964
2.06822
2.53752
2.48057
2.24583
2.11504
1.53965
1.29433
2.08906
2.54769
2.14866
1.33824
0.901317
0.426658
-0.500588
-0.424131
-0.868285
-0.444132
0.416923
0.794014
1.02107
0.0940517
-0.178794
0.370809
0.932433
1.06945
1.29898
1.72221
2.35424
3.03084
3.27857
2.4667
1.95765
2.73363
2.552
2.1593
2.26769
1.5341
-0.24963
1.12785
1.71265
1.11651
-1.8041
-2.0846
-0.972773
-1.20621
-1.81531
-1.30539
-0.63573
-0.473028
-0.299686
0.1529
0.715552
1.01611
1.38605
1.80189
1.90791
1.82018
1.88958
2.03201
1.89382
1.56896
1.59131
1.71701
1.2504
1.59533
2.23935
2.23083
1.80814
1.63029
1.70025
1.65231
1.863
2.0269
1.83853
1.68671
1.85974
1.81042
1.40714
0.760573
-0.0717015
-0.0702644
0.32789
1.43358
1.70969
0.971424
-0.145773
0.223444
0.873663
1.33325
1.53713
1.63306
1.98871
2.25074
2.15195
1.23797
1.6834
2.42183
2.2395
1.44895
1.89049
1.89866
1.24415
1.86677
2.01296
1.46045
-0.656788
0.426755
0.685778
-0.0165767
-0.53337
-0.66274
-0.416031
-0.31273
-0.000304113
0.555808
0.875842
0.99147
1.09356
1.23613
1.44835
1.55189
1.5979
1.61575
1.55859
1.20428
0.742615
0.610437
0.604464
1.06956
1.66722
1.99377
1.7576
1.46627
1.51684
1.52519
1.51747
1.52989
1.54107
1.49668
1.59102
1.73146
1.60892
0.936111
0.491796
0.415174
0.78994
1.34165
1.46145
1.36052
1.07372
0.714229
0.4113
0.810273
1.25042
1.30083
1.28614
1.50554
1.61524
1.66012
2.0794
2.19426
1.77978
0.902389
0.951702
1.37229
1.63585
2.01995
1.86714
1.22881
0.542253
1.06926
0.649656
-0.228332
-0.777128
-0.208113
-0.156313
-0.0106036
0.749736
0.980658
0.913326
1.15137
1.24415
1.12287
1.07598
1.346
1.55903
1.52372
1.25186
0.780144
0.550387
0.57286
0.468687
0.244228
0.136245
0.676712
1.08106
1.23477
1.15232
1.00454
1.07496
1.45926
1.68813
1.52463
1.14151
0.934988
0.687743
0.53556
0.972661
1.39766
1.35367
0.267289
0.84727
1.42571
1.53431
1.20107
0.67911
0.529725
0.843799
1.07229
1.24239
1.60674
1.90627
2.09559
2.17447
2.0329
1.72804
1.43262
1.52367
1.62859
1.65587
1.58516
1.26895
0.856819
0.766026
0.707442
0.259283
-0.0406247
0.308116
0.432809
0.22781
0.687502
1.31806
1.1344
0.7946
1.12762
1.3451
1.09072
0.915948
1.16947
1.32942
1.18313
1.25435
1.3807
1.01662
0.787553
0.61363
0.331306
-0.0797932
-0.0768182
-0.00150091
0.302439
0.843526
0.855677
0.674209
0.958134
1.2938
1.25193
1.07144
0.839233
0.649286
0.78321
0.953967
0.960242
0.593519
0.806994
0.941357
1.18921
1.29953
1.29144
1.15488
1.03125
0.980253
1.04685
1.27898
1.61649
1.72159
1.65965
1.78195
2.00509
2.1002
2.14189
2.16215
2.05568
1.90628
1.6859
1.44959
1.32726
1.23596
0.942137
0.71307
0.708489
0.827537
0.676611
0.510625
0.949575
1.26245
1.00251
0.727541
1.11504
1.49201
1.42684
1.36485
1.45553
1.56274
1.61184
1.68009
1.55073
1.40832
1.17225
1.00595
0.9112
0.833753
0.590463
0.401883
0.626669
1.02979
1.13411
0.71365
0.553677
1.0607
1.4081
1.47708
1.38349
1.20512
1.11025
1.11274
1.06254
0.967356
1.78352
1.50868
1.27416
1.2511
1.51186
1.70885
1.72086
1.62191
1.49482
1.4638
1.44347
1.35305
1.30621
1.50642
1.91626
2.176
2.12636
1.96606
1.93297
1.93328
1.8612
1.76667
1.67059
1.48423
1.46991
1.39498
1.26055
1.17301
1.15649
1.18988
1.33826
1.40656
1.28235
1.23037
1.45335
1.70789
1.77289
1.81074
1.88642
2.05285
1.94024
1.83955
1.80227
1.78871
1.74579
1.63146
1.49916
1.41617
1.20091
0.963443
1.14161
1.59588
1.66778
1.40521
1.32133
1.72442
1.90467
1.81208
1.66195
1.59324
1.64966
1.7956
1.91725
1.941
2.0887
1.94835
1.86726
1.90716
2.05427
2.15573
2.16274
2.10106
2.00445
1.86746
1.7093
1.59784
1.64461
1.88319
2.0728
1.97232
1.58972
1.39161
1.57941
1.89287
1.92434
1.91968
1.84077
1.77672
1.7303
1.55463
1.37221
1.5103
1.77242
1.81131
1.78995
1.77324
1.80368
1.82176
1.82042
1.84136
1.93391
2.13059
2.39264
2.49585
2.28776
2.09198
2.04052
2.07573
2.07664
1.97066
1.86527
1.81092
1.87482
1.93423
2.0577
2.13862
2.09639
1.94073
1.94342
2.16797
2.19388
1.98058
1.91285
1.94857
2.12428
2.29099
2.30955
2.2259
2.19002
2.24393
2.32756
2.36416
2.32488
2.25191
2.20772
2.21648
2.20943
2.11244
1.97093
1.88379
1.95516
2.16749
2.23897
2.05138
1.81664
1.6631
1.67356
1.88326
1.95962
1.96996
1.91575
1.88339
1.86879
1.75134
1.64824
1.89824
2.09019
2.06755
2.01072
2.04524
2.13332
2.16794
2.1173
2.07456
2.15375
2.38344
2.64076
2.7228
2.56738
2.34712
2.32932
2.41217
2.43966
2.35633
2.25775
2.29754
2.5153
2.67599
2.64867
2.4891
2.31154
2.12535
2.03671
2.06767
2.14129
2.14879
2.2032
2.30688
2.44165
2.46872
2.36674
2.23297
2.30839
2.33423
2.38146
2.36438
2.29146
2.22214
2.19896
2.24512
2.27839
2.24817
2.16224
2.07972
2.0391
2.08264
2.10291
2.06774
1.99408
1.91139
1.89891
1.94279
2.02816
2.11952
2.15673
2.12483
2.08052
2.0525
2.13453
2.25739
2.25174
2.17644
2.13969
2.18079
2.23717
2.25739
2.21851
2.19896
2.28267
2.45151
2.66943
2.8237
2.82848
2.74509
2.74561
2.7304
2.69827
2.63695
2.60741
2.65258
2.71735
2.78313
2.7358
2.62391
2.4633
2.27084
2.06363
1.96466
1.97945
2.08771
2.26024
2.44253
2.55319
2.54986
2.45148
2.35712
2.24829
2.22479
2.24497
2.27277
2.30833
2.33191
2.38487
2.46916
2.52871
2.53604
2.50133
2.41128
2.27738
2.15518
2.091
2.07309
2.04226
1.99824
1.9808
2.00715
2.067
2.16041
2.263
2.33189
2.34484
2.34213
2.34998
2.34889
2.31725
2.28353
2.26026
2.24027
2.23472
2.21872
2.1782
2.15381
2.21093
2.31693
2.46292
2.60682
2.68904
2.70178
2.68034
2.64012
2.57758
2.54739
2.56348
2.60555
2.63268
2.6364
2.6014
2.53216
2.41961
2.26228
2.08354
1.98103
1.93872
2.00771
2.17126
2.33419
2.44486
2.45939
2.4072
2.32062
2.17327
2.15171
2.11461
2.08264
2.06318
2.06859
2.10968
2.17826
2.26734
2.36182
2.41797
2.40442
2.33706
2.26401
2.21088
2.17912
2.13745
2.11571
2.08447
2.05568
2.03631
2.05026
2.05173
2.04379
2.03129
2.00779
2.01949
2.05683
2.12343
2.18882
2.23606
2.26963
2.28655
2.27513
2.20028
2.13162
2.09149
2.09226
2.14576
2.21527
2.31258
2.37234
2.36977
2.3506
2.32426
2.33084
2.35604
2.35727
2.34339
2.3296
2.28323
2.2335
2.2029
2.17458
2.12333
2.06974
2.0406
2.05169
2.10072
2.16929
2.20658
2.22866
2.2223
2.20069
2.43167
2.39095
2.31618
2.22076
2.12054
2.04411
2.00659
2.00411
2.01528
2.03318
2.04238
2.05846
2.0703
2.07221
2.07646
2.08261
2.09335
2.10663
2.10633
2.09419
2.06959
2.02403
1.97725
1.94097
1.9177
1.90834
1.919
1.95723
2.01127
2.0667
2.14414
2.21888
2.27798
2.29857
2.29108
2.26588
2.23845
2.23175
2.24657
2.26534
2.27926
2.28015
2.27457
2.25052
2.21187
2.17389
2.1272
2.09061
2.07547
2.04941
2.04544
2.03499
2.03902
2.05645
2.06996
2.07306
2.08807
2.12123
2.1692
2.21896
2.28353
2.34712
2.40016
2.43435
2.63625
2.66349
2.65088
2.62105
2.57337
2.50614
2.43326
2.35599
2.27701
2.21304
2.16456
2.12921
2.11156
2.10096
2.10216
2.10741
2.13453
2.1614
2.178
2.18375
2.17409
2.16492
2.14045
2.11257
2.09819
2.08568
2.0845
2.10452
2.12817
2.16209
2.19684
2.23236
2.26611
2.30075
2.33576
2.36004
2.38485
2.4053
2.40302
2.40002
2.37853
2.34916
2.3126
2.26314
2.20107
2.14761
2.09258
2.05065
2.00749
1.98259
1.97573
1.97793
1.9863
1.9926
2.00634
2.02776
2.06882
2.12398
2.17173
2.24152
2.31748
2.40732
2.50243
2.58085
2.50903
2.50414
2.48382
2.44397
2.3903
2.33343
2.26696
2.20407
2.14442
2.08824
2.04084
1.99997
1.96323
1.94093
1.9165
1.89286
1.87753
1.8639
1.85451
1.84812
1.84428
1.84073
1.84087
1.84043
1.8413
1.84792
1.85266
1.86307
1.87329
1.88467
1.8977
1.90826
1.91935
1.92716
1.92857
1.92334
1.91565
1.90753
1.89109
1.86523
1.84187
1.81896
1.79609
1.77377
1.75798
1.74447
1.73526
1.72987
1.72942
1.73441
1.74726
1.7648
1.78902
1.81786
1.86058
1.9187
1.98482
2.05922
2.14289
2.22912
2.31708
2.393
2.45206
2.49072
