0.227295
0.227295
0.230526
0.228067
0.235251
0.243633
0.257775
0.268508
0.279393
0.294532
0.309119
0.323541
0.340543
0.356236
0.371843
0.389945
0.406251
0.422984
0.438384
0.449663
0.45764
0.463833
0.467623
0.470469
0.469513
0.465026
0.458849
0.449139
0.438859
0.427113
0.41845
0.41076
0.403035
0.392855
0.382305
0.371622
0.361992
0.353224
0.343999
0.334152
0.332358
0.328114
0.324879
0.322757
0.318147
0.312199
0.306789
0.3009
0.290435
0.280806
0.273024
0.264298
0.258924
0.253071
0.247138
0.242343
0.237468
0.236562
0.238021
0.237217
0.236336
0.236789
0.236285
0.235857
0.467268
0.457821
0.454021
0.448366
0.457291
0.486487
0.520601
0.542514
0.563944
0.580948
0.57565
0.565919
0.564737
0.564121
0.564015
0.567168
0.558312
0.554586
0.572604
0.595551
0.586261
0.570578
0.586103
0.613673
0.614169
0.589715
0.570111
0.561745
0.546469
0.527656
0.523057
0.527604
0.531785
0.540742
0.552559
0.553106
0.553434
0.554271
0.548512
0.534166
0.524682
0.511589
0.493793
0.468126
0.444295
0.432488
0.435367
0.442887
0.448598
0.450064
0.461739
0.476513
0.489551
0.495517
0.515251
0.532308
0.54108
0.548156
0.554901
0.554259
0.542439
0.527437
0.513391
0.490071
0.693788
0.665497
0.632943
0.601201
0.599151
0.630214
0.664595
0.678373
0.671062
0.675549
0.67684
0.663522
0.658298
0.648848
0.632842
0.608804
0.555469
0.501908
0.489944
0.505462
0.514641
0.558984
0.611352
0.66022
0.644901
0.583051
0.535066
0.523954
0.518185
0.510035
0.517552
0.53011
0.557327
0.610671
0.655993
0.660533
0.635695
0.614771
0.594812
0.583403
0.59619
0.61657
0.629827
0.643571
0.653377
0.669809
0.705282
0.734736
0.72957
0.703455
0.702215
0.731581
0.726271
0.699248
0.699708
0.713726
0.694342
0.655686
0.648536
0.661642
0.680707
0.713373
0.742992
0.73339
0.758874
0.733895
0.717446
0.700859
0.708684
0.720209
0.693481
0.636678
0.593231
0.596014
0.636157
0.673519
0.695473
0.704759
0.69193
0.671293
0.620126
0.574309
0.577457
0.598364
0.619573
0.641315
0.683074
0.726589
0.703033
0.664642
0.644695
0.639397
0.632012
0.61854
0.636307
0.687903
0.733903
0.760897
0.725601
0.648965
0.590976
0.559583
0.567755
0.595673
0.628838
0.660847
0.658431
0.638868
0.63743
0.669187
0.740742
0.808528
0.787517
0.707987
0.670997
0.675852
0.640193
0.58212
0.610021
0.669373
0.641177
0.563884
0.544985
0.573521
0.608205
0.680462
0.763256
0.781763
0.751248
0.78253
0.783589
0.77293
0.770513
0.712473
0.63362
0.622173
0.624086
0.657906
0.663597
0.597004
0.542788
0.581096
0.648233
0.675357
0.627622
0.590307
0.606403
0.646629
0.624406
0.575488
0.587543
0.57763
0.53241
0.53949
0.622566
0.720705
0.737876
0.685276
0.668917
0.685751
0.703377
0.703119
0.63815
0.554852
0.503995
0.50375
0.560182
0.669559
0.794063
0.818984
0.721695
0.595485
0.513604
0.527707
0.640581
0.753422
0.773881
0.735735
0.742285
0.767794
0.740134
0.725667
0.792574
0.834478
0.77529
0.681946
0.663399
0.653589
0.679846
0.767749
0.831716
0.78819
0.730249
0.773501
0.830184
0.864363
0.913051
0.843065
0.729796
0.691568
0.694772
0.747715
0.709567
0.554877
0.510679
0.583131
0.476339
0.583017
0.678364
0.554307
0.407799
0.428362
0.518435
0.612254
0.558096
0.486785
0.409747
0.409578
0.560922
0.742906
0.769887
0.711343
0.643749
0.584512
0.568307
0.584286
0.592077
0.568319
0.606338
0.708897
0.746728
0.821297
0.830178
0.718693
0.607712
0.552778
0.555808
0.645471
0.760083
0.795901
0.760347
0.762506
0.869519
0.950949
0.85584
0.75659
0.765959
0.84547
0.831915
0.754631
0.784724
0.820963
0.856795
0.945508
0.961478
0.826988
0.725438
0.812399
0.865465
0.909492
0.876997
0.743792
0.638339
0.576445
0.634155
0.874911
0.94342
0.797489
0.743157
0.725838
0.675852
0.715552
0.679083
0.535813
0.474143
0.44456
0.534458
0.539177
0.530917
0.600079
0.54098
0.564204
0.721044
0.82904
0.724955
0.673214
0.70193
0.761341
0.712751
0.676675
0.701222
0.742568
0.739557
0.71043
0.631088
0.541105
0.405654
0.346979
0.450972
0.5877
0.678728
0.791087
0.813201
0.775625
0.692239
0.673454
0.901197
0.970119
0.856161
0.734744
0.64795
0.680997
0.725667
0.700626
0.725805
0.828892
0.939349
0.972656
0.87152
0.729772
0.830775
0.899114
0.796554
0.731581
0.653974
0.619646
0.60723
0.650249
0.719447
1.05801
1.082
1.04454
1.03961
1.03387
0.925776
0.692397
0.603285
0.610543
0.592321
0.575292
0.69556
0.773128
0.745645
0.624365
0.548758
0.663616
0.844446
0.763143
0.59141
0.590597
0.893984
0.95686
0.760159
0.635725
0.588272
0.651501
0.62359
0.450418
0.422229
0.501539
0.496431
0.480826
0.51179
0.517433
0.543534
0.606328
0.654475
0.72534
0.762453
0.810038
0.955019
0.875796
0.773077
0.753775
0.795477
0.851032
0.885124
0.820582
0.76815
0.813674
0.90833
0.902422
0.786808
0.70831
1.0408
1.0937
0.71238
0.557411
0.724219
0.881202
0.703756
0.847807
1.09156
1.11744
1.0677
1.13701
0.989196
0.84761
0.928386
0.680689
0.407867
0.575707
0.774853
0.622483
0.66545
0.83538
0.789108
0.604183
0.450126
0.636809
0.767764
0.642049
0.490605
0.52346
0.828576
0.805406
0.583686
0.44954
0.579052
0.658946
0.625724
0.449278
0.237393
0.370846
0.488776
0.621913
0.595397
0.59073
0.465011
0.409341
0.428378
0.63733
0.828847
1.00775
0.991868
0.649491
0.616013
0.868174
0.966423
0.790988
0.769732
0.836533
0.795727
0.686708
0.798706
0.823742
0.663371
0.678245
0.942216
0.872716
0.497013
0.654485
1.01267
0.955404
0.711436
0.347896
0.783768
1.23702
1.38885
1.02375
0.89472
0.703713
0.778874
0.483345
0.0019067
0.0579322
0.35407
0.364457
0.47586
0.731129
0.631088
0.376924
0.140477
0.512738
0.523239
0.479172
0.401107
0.595254
0.717437
0.504213
0.527075
0.637189
0.888937
1.10113
1.16501
1.10544
0.94571
0.850903
0.553057
0.440248
0.407595
0.417372
0.5217
0.585235
0.597377
0.559392
0.636267
0.816685
0.817466
0.395029
0.428863
0.867568
0.762544
0.297213
0.317206
0.84727
0.935593
0.646345
0.544961
0.663446
0.567579
0.650939
0.810508
0.589525
0.498186
0.749914
0.889828
0.456108
0.502372
0.863025
1.00522
1.17301
1.28264
0.961459
0.639984
0.0419056
-0.0496351
0.00740635
-0.346103
-0.29676
-0.182752
-0.187668
-0.0631094
0.136847
0.0597148
0.00838723
0.0891276
0.498242
0.420302
0.348889
0.626576
0.941993
0.538762
0.363104
0.764079
1.08966
1.15942
1.18458
1.30259
1.32756
1.16283
0.674742
0.143358
-0.0303372
0.102022
0.0633709
0.195485
0.556483
0.680924
0.527965
0.291569
0.515331
0.620875
0.42993
0.529071
0.903367
0.665487
0.161008
0.929935
1.56089
1.06468
0.507478
0.276531
0.401056
0.411367
0.626689
0.727297
0.539954
0.605165
0.728402
0.547405
0.343389
0.795553
1.39938
1.40135
1.44767
1.28992
0.911993
0.554562
-0.211711
-0.418437
-0.167926
-0.280901
-0.356537
-0.326979
-0.353126
-0.391988
-0.247982
-0.15202
-0.0358583
0.18845
0.545851
0.163549
0.0926505
0.836362
1.09861
0.28854
0.632741
1.15488
1.29321
0.758132
0.879004
1.30722
1.43781
1.1536
0.76458
0.617053
0.605014
0.459634
0.237669
0.248709
0.321495
0.468539
0.393716
0.528595
0.532206
0.467697
0.328502
0.409392
0.583142
0.57928
0.596619
1.32098
1.4137
1.23396
0.940566
0.10568
-0.0353633
0.403721
0.611575
0.365918
0.299049
0.38351
0.432456
0.378634
0.250664
0.856735
1.08016
1.18648
1.32506
1.18546
1.069
0.911355
0.354416
-0.0229901
-0.0522674
-0.412985
-0.724942
-0.389521
0.0357898
0.111263
0.00919585
0.114878
0.196425
0.0807347
0.203876
0.0180761
0.121855
0.677716
0.951304
0.414706
0.603328
1.14205
1.12613
0.601278
0.925678
1.39436
1.36301
0.88471
0.911866
1.26171
1.24876
0.934892
0.582938
0.594923
0.302634
0.501128
0.442605
0.443216
0.298438
0.0592604
0.155913
0.236512
0.246819
0.416174
0.606693
1.21917
1.25022
1.21503
0.980362
-0.032939
0.065094
0.431332
0.451556
0.111599
0.236386
0.249247
0.272584
0.405688
0.375609
0.655945
1.10168
1.22474
1.0773
0.94177
0.972166
1.02596
0.893229
0.387514
0.100439
-0.545384
-0.738832
-0.683988
-0.601296
-0.436839
-0.204141
-0.033877
-0.079209
0.179121
-0.0400909
0.0473528
0.125091
0.29429
0.692732
0.500387
0.312177
0.593995
0.852199
0.992682
1.2566
1.40668
1.17155
0.974046
1.1547
1.37306
1.24329
1.0146
1.04887
1.0854
0.542713
0.676657
-0.00948356
0.289923
0.196535
0.345824
0.159056
0.0480143
0.425436
0.213146
0.197032
0.685966
0.930521
0.805739
0.291169
-0.321864
0.247851
0.339094
0.114711
0.00285693
0.158543
0.257894
0.24035
0.364101
0.382305
0.379741
0.377069
0.664209
0.978642
0.918135
0.928258
0.986086
0.945557
0.700652
0.207446
-0.4173
-0.765508
-0.904761
-0.789093
-0.768327
-0.56949
-0.200928
-0.0714096
-0.131973
-0.0061407
-0.109596
0.275035
0.0582362
0.46565
0.43183
0.202761
0.44295
0.723415
1.05683
1.23995
1.21796
1.11254
1.07915
1.17228
1.27254
1.18284
1.0035
1.11304
1.11787
0.737805
0.640382
0.409291
0.407119
0.538687
0.971559
0.556857
0.292234
0.108937
-0.258636
-0.280627
0.164947
0.304189
0.0123732
-0.0442545
-0.103209
-0.0025175
0.0977431
0.055875
0.200111
0.115677
0.0841471
0.318042
0.218299
0.435828
0.069853
0.357668
0.649792
1.02465
1.01858
0.987809
0.962791
0.815252
0.725879
0.304447
-0.172237
-0.285687
-0.379572
0.103188
-0.0514159
-0.472808
-0.452668
-0.000156374
-0.0748272
-0.376027
-0.235876
-0.096129
-0.116657
0.033665
0.0167409
0.116475
0.690418
0.762986
0.995275
1.1907
1.21614
1.17146
1.06551
0.990787
1.13434
1.17984
1.06074
1.02338
0.978929
0.991262
1.00152
0.879113
0.488297
0.999292
1.18375
0.583142
0.271888
0.367542
0.27485
-0.0723063
0.225826
0.132612
-0.0517338
-0.270042
0.0394141
0.153449
0.301876
0.280942
0.27515
0.0765676
0.315593
0.342719
0.544787
0.30606
0.76937
1.27351
1.07199
1.04135
1.05843
1.03949
0.930837
0.753843
0.781454
0.511201
0.117702
0.0840756
-0.2922
0.0142685
0.276324
0.044579
0.0227994
0.113107
-0.0582303
-0.264369
-0.278998
-0.237291
-0.242308
-0.18927
-0.255566
0.012331
0.489846
0.625158
1.00307
1.22279
1.23482
1.1352
1.01376
0.95089
1.02366
1.07063
1.03539
0.966963
0.942192
0.8148
0.911184
1.04735
0.963538
1.0289
1.02403
0.570601
0.416174
0.838692
0.8699
0.534775
0.413903
0.196149
-0.0073758
-0.0666899
-0.0551375
0.25404
0.0938418
0.314394
0.533581
0.506424
0.318376
0.526055
1.01077
0.952206
1.13098
1.18913
1.0092
0.90259
1.04891
0.948291
0.857435
0.764228
0.847511
0.713121
0.381963
0.150849
-0.774587
-0.564697
-0.184588
0.207473
-0.0685472
-0.24799
-0.38693
-0.472331
-0.281664
-0.246892
-0.181523
-0.0276074
-0.0678104
-0.0323444
0.120475
0.306897
0.622649
1.03874
1.10305
0.966592
0.859877
0.904348
0.986422
0.953547
0.949649
1.00514
0.946546
0.530661
0.506654
0.979343
1.06793
1.00467
0.949531
0.689779
0.979289
1.16926
1.07354
0.877487
0.707076
0.675577
0.647403
0.392064
0.00616643
-0.116935
0.0722867
0.327931
0.873994
1.031
0.51484
0.443998
0.863947
1.03443
1.04246
1.0484
0.963962
0.884705
1.00966
0.885061
0.678864
0.458683
0.791038
0.479993
0.294003
0.351062
-0.297061
-0.33612
-0.205756
0.0700379
-0.416983
-0.385641
-0.338206
-0.30196
-0.255386
-0.235958
-0.120778
0.0704812
0.12483
0.152135
0.254645
0.40751
0.548881
0.856481
1.02572
0.91889
0.634175
0.613049
0.719248
0.626258
0.666162
0.84622
0.733855
0.467312
0.608023
0.976098
1.05365
0.949795
0.880522
0.799671
0.97744
1.11919
1.03181
0.780929
0.816824
1.00758
0.987505
0.529263
0.225749
0.156337
0.210158
0.47138
0.990099
1.07151
0.680906
0.426739
0.66436
0.887004
1.01883
1.14789
1.02873
0.996271
1.09065
0.711444
0.0180761
0.11304
0.541092
0.0669592
-0.198912
-0.0910541
-0.0501418
-0.0688932
0.0817792
0.181157
-0.222508
-0.172172
-0.0728915
-0.0261474
-0.122899
-0.170709
0.0662514
0.30053
0.425061
0.494683
0.569409
0.585382
0.576882
0.646933
0.809721
0.693815
0.356504
0.316432
0.459015
0.544626
0.811769
0.931707
0.877273
0.786027
0.962317
1.16113
1.23739
1.19215
1.08271
0.994801
1.01937
1.05104
0.991545
0.776294
0.739311
0.829272
0.630794
0.135037
0.100577
0.379668
0.683857
0.881892
0.874609
1.11042
1.17707
0.943608
0.714347
0.663239
0.867291
1.06674
0.985063
0.857742
0.811555
0.265054
-0.0339146
0.1087
0.308073
-0.261505
-0.229501
-0.401647
-0.38601
-0.0506002
0.0463781
-0.107182
-0.137004
-0.0904226
-0.0131745
-0.0564906
-0.0668064
0.0990588
0.378471
0.637239
0.813287
0.797413
0.590641
0.433386
0.357153
0.280077
0.21256
0.0133008
-0.103959
0.0727644
0.45986
0.792336
0.884064
0.765363
0.713709
0.882189
1.05223
1.19044
1.411
1.57512
1.50236
1.2467
1.0525
1.01132
1.11498
0.934342
0.570555
0.3689
0.185287
0.15791
0.427405
0.774495
0.919298
0.831633
0.574783
1.03914
1.23915
0.982827
0.486374
0.46879
0.577193
0.711107
0.649753
0.560289
0.414154
0.225154
0.150572
0.0920185
0.0645703
-0.256639
-0.272158
-0.26512
-0.20651
-0.0985308
-0.130205
-0.229907
-0.172269
-0.00842397
0.084326
0.204418
0.442668
0.618696
0.620271
0.683182
0.786893
0.572523
0.185712
0.0213547
0.0589572
0.0452056
-0.10001
-0.241777
-0.124945
0.221831
0.690435
0.844719
0.735319
0.44576
0.410929
0.555566
0.724636
0.770336
0.981887
1.49697
1.66942
1.47666
1.10711
0.844427
0.948129
0.852895
0.468185
0.320375
0.28142
0.373464
0.603599
0.616654
0.409104
0.2923
0.251005
0.658155
0.787652
0.57702
0.421752
0.356427
0.356236
0.381675
0.341613
0.383025
0.3367
0.292433
0.284589
0.311733
0.289745
0.208791
0.0632207
0.0198637
-0.00906207
-0.0896745
-0.136624
-0.0781367
0.0094084
0.124309
0.23096
0.43401
0.819057
0.907766
0.516297
0.272422
0.334293
0.300182
0.0893398
0.0504571
0.18401
0.249785
0.068223
-0.174645
-0.00667401
0.447933
0.732281
0.706231
0.485991
0.432167
0.52674
0.624158
0.600744
0.548709
0.580777
1.06967
1.59497
1.56172
1.0479
0.650317
0.725609
0.729019
0.556194
0.439759
0.480395
0.435111
0.482559
0.490534
0.307154
0.132196
0.554029
0.398877
0.23782
0.244005
0.374528
0.481858
0.465918
0.397227
0.364532
0.404423
0.428944
0.382071
0.40654
0.438574
0.479359
0.441459
0.335819
0.183213
0.0269824
-0.144366
-0.262974
-0.10726
0.131811
0.283708
0.227938
0.205177
0.466571
0.530686
0.226883
0.0140162
0.0867157
0.108599
0.0435195
0.104624
0.254331
0.318919
0.184294
0.0800128
0.257102
0.613641
0.669084
0.574413
0.410862
0.508893
0.701309
0.812967
0.746821
0.677853
0.507222
1.03322
1.44176
1.41689
0.837298
0.57101
0.724382
0.790313
0.72068
0.612784
0.56091
0.461123
0.47138
0.680535
0.768734
0.641534
0.643512
0.511964
0.319189
0.317708
0.505313
0.685392
0.652324
0.542813
0.469189
0.473414
0.465665
0.41519
0.414572
0.440453
0.431701
0.327584
0.208952
0.106871
-0.0139901
-0.141998
-0.24202
-0.0601614
0.202842
0.17528
0.241646
0.170174
0.0787467
0.110354
0.136372
0.147212
0.147614
0.0713664
0.0516541
0.149958
0.267125
0.305674
0.202189
0.0982629
0.335418
0.722716
0.737693
0.776127
0.534546
0.552814
0.612498
0.629746
0.520745
0.558649
0.893046
1.23469
1.26651
1.18449
0.728865
0.589816
0.663626
0.68533
0.614465
0.527321
0.488339
0.467475
0.542091
0.698831
0.783482
0.71238
0.579898
0.606403
0.514641
0.481729
0.501621
0.561459
0.590296
0.565919
0.501812
0.408562
0.33264
0.315593
0.3369
0.363969
0.357706
0.267125
0.0994044
-0.0362027
-0.103987
-0.125159
-0.119449
-0.00889803
0.00655161
-0.154412
-0.0813198
0.280738
0.236336
0.139407
0.214499
0.27485
0.183668
0.0457531
0.0220983
0.125741
0.278022
0.357992
0.291213
0.219951
0.422524
0.729756
0.700046
0.543348
0.529892
0.534204
0.564844
0.575627
0.710464
0.966207
1.12287
1.09819
1.07438
1.06618
0.849622
0.735295
0.647686
0.50315
0.421736
0.382917
0.437227
0.54695
0.591521
0.531147
0.429736
0.449386
0.496002
0.607026
0.573556
0.462638
0.364326
0.330333
0.352896
0.431701
0.440657
0.345746
0.248219
0.19874
0.19992
0.236739
0.284228
0.271563
0.185712
0.0773679
0.00199317
-0.0387308
-0.040515
0.0499154
0.127072
0.0518468
0.010978
0.069927
0.16563
0.252465
0.352144
0.409307
0.30003
0.153113
0.108261
0.149804
0.266138
0.410642
0.446553
0.418434
0.506681
0.68777
0.755539
0.721456
0.708344
0.777528
0.858206
0.919387
0.926882
0.932459
0.917946
0.863085
0.986369
1.05392
0.944073
0.760083
0.56284
0.374602
0.279211
0.260334
0.381241
0.534394
0.561769
0.469616
0.345236
0.345393
0.526223
0.528917
0.434329
0.341197
0.288361
0.275726
0.326295
0.451955
0.522236
0.493737
0.410322
0.329052
0.296556
0.323004
0.376905
0.371677
0.301464
0.218404
0.117603
0.0509981
0.0392951
0.0884905
0.171639
0.220892
0.248464
0.296029
0.300443
0.305631
0.349433
0.395728
0.374767
0.312516
0.280647
0.283075
0.316243
0.401745
0.439648
0.416674
0.431332
0.534293
0.586554
0.621685
0.661462
0.727883
0.809425
0.855743
0.8296
0.757624
0.713877
0.71536
0.850039
0.94919
0.978016
0.876229
0.759842
0.579784
0.36784
0.252416
0.238598
0.272259
0.329581
0.376851
0.399985
0.438479
0.628092
0.543037
0.423574
0.350655
0.333407
0.347701
0.404936
0.473166
0.534699
0.565198
0.551169
0.51545
0.476774
0.454509
0.445075
0.420137
0.387621
0.3409
0.308223
0.284521
0.310863
0.359608
0.376303
0.358962
0.351564
0.343409
0.309055
0.245365
0.208388
0.232361
0.269163
0.329642
0.390564
0.412024
0.405858
0.41694
0.420253
0.404064
0.404902
0.424097
0.442323
0.450742
0.463071
0.476774
0.469984
0.467356
0.454982
0.430881
0.436497
0.493151
0.590463
0.739818
0.842347
0.838767
0.750855
0.606521
0.446739
0.323747
0.246548
0.24005
0.323747
0.458169
0.558036
0.620469
0.665844
0.615361
0.535699
0.479877
0.456427
0.451879
0.445137
0.42586
0.41044
0.396966
0.405824
0.424392
0.449201
0.47182
0.473195
0.470131
0.490001
0.530213
0.570671
0.633509
0.695832
0.65023
0.586295
0.524227
0.471585
0.452247
0.413199
0.350364
0.307175
0.296095
0.305394
0.352511
0.418749
0.467134
0.500977
0.538787
0.573498
0.602603
0.642712
0.686466
0.709702
0.717171
0.72006
0.706351
0.676337
0.645216
0.605833
0.562067
0.550045
0.579463
0.591699
0.594945
0.598823
0.585348
0.498683
0.41484
0.375773
0.349938
0.305072
0.308927
0.390847
0.50255
0.581335
0.646237
0.455576
0.471101
0.474988
0.4935
0.508247
0.4974
0.466527
0.424163
0.355854
0.286681
0.253653
0.240699
0.246129
0.271005
0.32106
0.384533
0.455119
0.511134
0.559308
0.594282
0.614739
0.606543
0.580834
0.558361
0.546839
0.551889
0.549971
0.536243
0.520772
0.507829
0.485807
0.457715
0.439885
0.440453
0.455834
0.513404
0.579624
0.620927
0.661879
0.698205
0.707562
0.709812
0.711706
0.691426
0.660619
0.644192
0.620157
0.575534
0.537088
0.514866
0.490254
0.464266
0.447018
0.421604
0.378325
0.3265
0.294488
0.283799
0.261834
0.249883
0.287354
0.344432
0.385964
0.415841
0.462008
0.422261
0.372617
0.314015
0.250103
0.185174
0.12087
0.06032
0.0102151
-0.0286128
-0.0580763
-0.0795479
-0.0932826
-0.0999334
-0.100251
-0.0941232
-0.0825313
-0.0658704
-0.0458299
-0.0223861
0.00220927
0.0239928
0.0417084
0.0547662
0.064907
0.073755
0.0835385
0.0960754
0.11294
0.134623
0.161488
0.192484
0.230474
0.272445
0.316746
0.361917
0.406796
0.450403
0.492425
0.532742
0.570274
0.606285
0.637189
0.66169
0.679773
0.692133
0.699213
0.701145
0.697918
0.689566
0.676675
0.659935
0.640114
0.618038
0.595529
0.574887
0.557291
0.544031
0.535674
0.530789
0.527037
0.521779
0.510746
0.491306
