2.20025
2.18557
2.17342
2.16744
2.16358
2.16926
2.17782
2.18955
2.20101
2.21572
2.23165
2.24898
2.26423
2.28078
2.29909
2.31603
2.33199
2.34183
2.34813
2.35643
2.36371
2.36936
2.37438
2.37658
2.37339
2.36946
2.36726
2.36088
2.35241
2.33514
2.31475
2.29752
2.28092
2.26316
2.25149
2.24284
2.23193
2.22722
2.22396
2.21801
2.21256
2.20669
2.20782
2.21439
2.22055
2.22912
2.2395
2.24942
2.25998
2.27268
2.28375
2.29119
2.29879
2.30531
2.30696
2.30468
2.30326
2.29966
2.29341
2.2835
2.26865
2.25027
2.23269
2.21622
2.29447
2.27623
2.271
2.27249
2.28058
2.29973
2.32241
2.34782
2.35932
2.37328
2.38084
2.39398
2.39728
2.40093
2.40047
2.39836
2.39843
2.40451
2.40927
2.41165
2.41228
2.42531
2.43361
2.43849
2.43455
2.42653
2.41939
2.40192
2.37822
2.3608
2.34641
2.33445
2.32897
2.32873
2.33658
2.34514
2.35633
2.35929
2.36502
2.35419
2.35212
2.34774
2.33883
2.34183
2.34305
2.34557
2.35106
2.36069
2.37029
2.38947
2.41991
2.45512
2.50015
2.54289
2.58533
2.62069
2.64521
2.64044
2.61784
2.57703
2.52216
2.4506
2.38855
2.33312
2.47631
2.51299
2.55274
2.57982
2.5778
2.55651
2.536
2.51146
2.48074
2.45852
2.44545
2.43791
2.4237
2.39533
2.34885
2.29651
2.26026
2.23769
2.22763
2.22663
2.25423
2.28199
2.31601
2.32432
2.34584
2.35858
2.35524
2.3522
2.35095
2.33405
2.34013
2.37208
2.40668
2.43553
2.46213
2.48327
2.49728
2.51374
2.51775
2.5162
2.50095
2.48937
2.47855
2.47653
2.48633
2.4956
2.49428
2.49205
2.46718
2.44517
2.42734
2.42119
2.44929
2.50633
2.56548
2.63702
2.69546
2.71842
2.70108
2.64328
2.55988
2.48708
2.45346
2.45472
2.71466
2.77136
2.79054
2.77087
2.68611
2.55223
2.4462
2.373
2.36293
2.39745
2.43188
2.44748
2.4351
2.39526
2.35833
2.33572
2.33052
2.35
2.35704
2.37891
2.4131
2.44212
2.44911
2.45272
2.45626
2.46252
2.46136
2.46151
2.47035
2.4776
2.49879
2.54343
2.57184
2.57942
2.5754
2.56437
2.53057
2.49414
2.47022
2.45676
2.45965
2.474
2.49303
2.51428
2.54802
2.58818
2.63411
2.66457
2.66139
2.61065
2.53367
2.4582
2.4283
2.44165
2.52593
2.63972
2.72298
2.76311
2.72665
2.62988
2.52411
2.47789
2.50719
2.60756
2.83348
2.82022
2.76504
2.68172
2.55507
2.42985
2.36082
2.36472
2.43082
2.49094
2.48139
2.42065
2.35027
2.3286
2.34937
2.39433
2.42841
2.42403
2.42229
2.43484
2.47312
2.51907
2.53738
2.52625
2.5182
2.51808
2.533
2.55641
2.59667
2.62031
2.62556
2.6083
2.58792
2.56723
2.53279
2.5146
2.48121
2.45513
2.44985
2.47095
2.49971
2.53317
2.54127
2.52949
2.52771
2.54854
2.61473
2.69949
2.77677
2.80219
2.7797
2.72106
2.63973
2.60741
2.6387
2.7411
2.84337
2.87152
2.83214
2.74031
2.63902
2.60559
2.66565
2.77339
2.76522
2.6974
2.63178
2.63161
2.66873
2.69028
2.67439
2.63443
2.57431
2.46471
2.29796
2.10971
2.03451
2.10921
2.17391
2.24067
2.29226
2.1052
1.90161
1.85335
1.98219
2.21719
2.38403
2.45297
2.47208
2.50969
2.55227
2.60656
2.63436
2.63858
2.61269
2.58596
2.55171
2.54183
2.54954
2.57581
2.5938
2.57914
2.55897
2.53287
2.52368
2.55012
2.5859
2.60449
2.57934
2.5431
2.54205
2.58011
2.65467
2.73286
2.79362
2.8011
2.75536
2.69905
2.68405
2.72018
2.77349
2.79271
2.75507
2.69146
2.67403
2.70527
2.75737
2.78426
2.63104
2.58698
2.63582
2.71633
2.7663
2.68747
2.4915
2.28062
2.11677
1.96354
1.99826
2.2039
2.39028
2.42475
2.34078
2.26366
2.19268
2.04309
1.95441
1.82069
1.86562
2.06629
2.30912
2.41549
2.46297
2.48712
2.52751
2.58188
2.56684
2.54368
2.52856
2.50372
2.47173
2.45834
2.46015
2.46529
2.41612
2.32249
2.2501
2.17629
2.13783
2.18184
2.34266
2.49199
2.59171
2.61173
2.58953
2.56491
2.54456
2.53273
2.58326
2.67178
2.7079
2.65445
2.57461
2.54851
2.59018
2.61545
2.54774
2.48952
2.51065
2.60681
2.66302
2.65606
2.57456
2.69572
2.70574
2.60285
2.47227
2.23704
1.94044
1.77316
1.81774
2.15146
2.61949
2.93757
2.92981
2.81109
2.469
2.12218
2.00949
2.2624
2.42334
2.31313
2.22932
2.23345
2.32373
2.31633
2.30997
2.34569
2.42236
2.42198
2.32127
2.26989
2.32883
2.34402
2.2462
2.1495
2.10319
2.02135
1.86907
1.74179
1.83118
1.97922
1.97183
1.94969
2.05994
2.19257
2.29625
2.35311
2.47619
2.5735
2.57986
2.52043
2.49545
2.56588
2.64246
2.59459
2.47492
2.45722
2.57723
2.61778
2.49506
2.39824
2.4307
2.49431
2.48232
2.49615
2.57403
2.71523
2.55488
2.27189
2.17785
2.09608
1.9923
2.06401
2.25457
2.55554
2.88128
3.00852
2.86883
2.56065
2.37005
1.9267
1.63602
2.17782
2.53095
2.53486
2.41186
2.29161
2.14189
2.01961
1.91798
1.9789
2.11374
2.1179
1.97765
1.95307
2.04056
2.02069
1.76534
1.59827
1.64928
1.69258
1.4979
1.49039
1.84594
2.24665
2.34116
2.2656
2.11025
2.006
1.76904
1.6836
1.96243
2.28117
2.46253
2.51342
2.46954
2.39331
2.39016
2.41049
2.36228
2.33951
2.36708
2.27293
2.03507
1.96577
2.26475
2.44596
2.34244
2.33596
2.43773
2.53358
2.1873
1.86623
2.19819
2.28167
1.89095
1.50148
1.77541
2.01616
2.50514
2.92794
2.71892
2.14594
1.91541
1.63559
1.41509
1.81253
2.13379
2.19449
2.12463
2.07972
1.9312
1.73561
1.6225
1.53552
1.58141
1.61747
1.47819
1.44031
1.48769
1.49899
1.31838
1.13306
1.28427
1.4247
1.25957
1.29658
1.77954
2.12636
2.20906
2.16325
2.12041
2.04999
1.87256
1.77112
1.87313
1.9769
2.04914
2.21301
2.2806
2.12008
2.01523
2.16295
2.24578
1.93408
1.64264
1.68174
1.71705
1.63401
1.99605
2.36105
2.31723
2.20823
2.18949
2.2265
1.72824
1.77567
2.20401
1.72927
0.983351
1.37184
1.57152
1.0016
1.35713
2.25515
2.38727
1.70056
1.26755
1.44428
1.50357
1.52994
1.59993
1.63279
1.49104
1.2545
1.05607
1.03338
1.07159
1.0758
0.870099
0.977586
1.23431
1.21751
0.954358
0.879663
1.07958
1.05023
1.15305
1.27439
1.26766
1.37114
1.68981
1.79945
1.69864
1.71074
1.9157
2.04759
2.1799
2.21384
2.18761
1.96518
1.65605
1.80703
2.03214
1.95126
1.75564
1.9871
2.08156
1.59199
1.78731
2.65665
2.74927
2.2188
2.18585
2.22515
2.1809
2.02946
1.72505
1.94592
1.66331
1.79285
1.9292
1.17199
1.34645
2.56359
2.65816
1.85418
0.693058
1.39071
1.9854
1.42557
0.968016
1.50579
1.59687
1.42685
1.39217
1.45504
1.09426
0.642217
0.364476
0.23396
0.587801
0.838389
0.641781
0.811615
1.40671
1.63175
1.05142
1.00467
1.38012
1.08149
0.75171
1.07019
1.43215
1.52697
1.68765
1.75957
1.6845
1.80076
1.96943
2.03165
2.15427
2.16259
2.0023
1.69939
1.54717
1.44498
1.66474
1.74895
1.58963
1.76385
1.86181
1.53816
2.35511
2.90742
3.17748
2.76334
2.18546
1.67512
1.7929
1.68829
1.47264
1.92283
1.68219
1.8932
2.07976
1.43025
1.78081
2.80688
3.19067
2.98367
1.81941
1.30417
1.98236
1.93389
1.66284
1.68428
1.4031
1.03419
0.934751
1.40875
1.34036
1.14554
0.99378
0.631768
0.542215
1.02979
0.958607
0.719952
1.3004
1.63963
1.38657
1.33546
1.51882
1.15984
0.845017
1.32913
1.6462
1.56305
1.64124
1.86205
2.03056
2.1507
2.06202
2.00333
2.07463
1.87049
1.19607
1.14783
1.55222
1.4817
1.38229
1.41576
1.41594
1.44025
1.45206
1.29592
1.83923
2.54233
2.89414
2.62051
1.72287
1.16047
1.72654
1.46855
1.61472
1.96147
1.66343
1.87123
2.23139
1.69296
1.64178
2.64952
3.12205
2.71248
1.58665
1.1487
2.03024
2.42873
2.14305
1.84757
1.357
0.391447
0.0579702
0.817228
1.11008
1.18267
1.33532
0.998525
0.576088
0.826029
1.04305
0.841866
0.949058
1.5133
1.45641
1.35476
1.47519
1.45093
1.59831
1.94936
1.99009
1.79969
1.79283
1.9912
2.28814
2.37383
2.16465
2.19243
2.32319
1.84779
0.945734
0.690285
1.41392
1.42946
1.32764
1.26841
1.46878
1.45806
1.20618
1.15106
1.64147
1.67862
1.67835
1.4936
0.682452
1.19734
1.90616
1.62637
1.77785
1.94531
1.62445
1.48196
1.80218
1.73713
1.0619
1.11504
1.77412
1.69254
1.67752
1.89926
2.33556
2.49527
2.30348
1.98349
1.5811
1.01845
0.800717
1.21872
1.12476
0.670589
1.14251
1.35526
0.554949
0.617263
0.918911
1.10479
1.09107
1.29658
1.26846
1.29515
1.50325
1.7267
1.87643
1.9569
2.03914
2.12662
2.09864
2.0844
2.36207
2.47672
2.23325
2.33397
2.57587
2.10846
1.18236
0.719207
1.26479
1.44273
1.59138
1.90143
2.07463
1.85452
1.13232
0.765117
1.25037
1.34676
0.937277
1.18932
1.55348
1.87138
1.91921
1.6605
1.819
1.74739
1.49383
1.51322
1.45915
1.39055
1.37601
1.52466
1.49651
1.77875
2.38176
2.60351
2.62604
2.45401
2.34151
1.99193
1.81501
1.78749
1.73081
2.11237
2.19822
1.63972
1.50773
2.04261
1.88458
0.934983
0.659231
1.01047
1.08436
0.976116
1.01339
1.35126
1.58087
1.60104
1.59433
1.73383
2.00393
2.25312
2.10718
2.02674
2.36365
2.55136
2.29541
2.30436
2.55488
2.43471
2.05588
1.79023
1.70749
1.89664
2.05219
2.001
2.14644
2.39
1.95808
0.983617
0.645962
1.12548
1.15378
1.13462
1.47153
1.61478
1.65419
1.69347
1.79491
1.10998
0.98517
1.45185
1.53451
1.19435
1.71041
2.27635
2.30918
2.47337
2.83478
2.71917
2.42147
2.35419
2.49874
2.31698
2.15972
2.2093
1.78502
1.85434
2.4205
2.34484
2.23623
2.48071
2.21181
1.12021
0.391165
0.74351
0.974834
0.909877
0.916775
1.24105
1.3721
1.37427
1.55503
1.87885
2.16423
2.30809
2.12963
2.10237
2.42534
2.5715
2.37186
2.3644
2.51934
2.44188
2.36069
2.52428
2.50409
2.55774
2.55439
2.00108
1.88541
2.55524
2.70092
2.15673
1.37601
1.0535
0.97943
0.977042
1.00147
1.16676
1.39129
1.77775
1.98
1.5738
0.930628
1.23076
1.65134
1.50791
1.73765
2.05381
2.31266
2.59193
2.79025
2.66263
2.44217
2.19268
2.61865
2.56685
2.25409
2.18064
1.27342
0.48711
1.78455
2.29486
2.30155
1.67896
0.713264
0.384192
0.421637
0.620511
0.81504
1.01716
1.06819
1.09753
1.14004
1.28258
1.66148
2.01502
2.30099
2.38286
2.25595
2.21394
2.38858
2.38796
2.26262
2.37572
2.42896
2.14638
2.3429
2.69198
2.71143
2.61562
2.4883
2.09068
1.98819
2.46758
2.79071
2.61994
2.24753
2.0571
1.80639
1.41017
1.22912
0.923601
0.878568
1.4411
1.98945
2.13488
1.44472
0.998835
1.51411
1.85635
1.98326
1.92142
2.25118
2.49132
2.82474
2.90241
2.23649
1.82631
2.49072
2.39522
2.15103
2.30531
1.69242
0.487548
1.40799
2.03084
1.72499
0.0867157
-0.146059
1.0209
1.15839
0.605574
0.829638
1.13472
1.07199
1.14
1.32385
1.53204
1.70208
1.88333
2.12675
2.2304
2.18444
2.19797
2.27958
2.17754
2.00766
2.03463
2.00471
1.61159
2.01381
2.53028
2.53607
2.1577
2.01
2.09356
2.13647
2.26326
2.29061
2.17146
2.1835
2.35445
2.37579
2.19706
1.93483
1.35044
0.872051
1.30088
2.14885
2.28087
1.84789
1.20518
1.36966
1.7901
2.04825
2.05721
2.12195
2.27699
2.63404
2.48434
1.4512
1.61873
2.32183
2.1427
1.54555
1.96867
1.97472
1.49766
1.99256
2.18619
1.73148
0.67554
1.30878
1.85515
1.45321
0.543236
1.00732
1.19761
1.1447
1.32807
1.6166
1.69759
1.69413
1.69866
1.71712
1.76668
1.80229
1.83904
1.95703
2.03121
1.85345
1.55954
1.50741
1.5132
1.75441
2.1013
2.35944
2.23563
2.07004
2.04638
2.01242
2.07144
2.10816
1.96552
1.96071
2.04902
2.16197
2.07298
1.78594
1.59403
1.57458
1.85164
2.03298
2.13255
2.11143
1.77379
1.50015
1.36001
1.70672
1.94449
1.87635
1.81077
1.91743
1.93252
1.75298
1.93421
2.15088
1.75595
0.961516
1.07375
1.49943
1.80657
2.11348
1.97368
1.62035
1.42338
1.77276
1.64081
1.03695
0.834001
1.36363
1.46872
1.51275
1.71451
1.81341
1.62263
1.60821
1.67305
1.51963
1.4287
1.61384
1.79669
1.91807
1.95369
1.68428
1.25076
1.02547
1.12011
1.21917
1.31003
1.67387
2.05131
2.16785
1.94485
1.67648
1.78616
2.11644
2.13978
1.92934
1.67995
1.58889
1.4902
1.53514
1.82235
2.03003
2.03238
1.48427
1.9482
2.24606
2.14829
1.7207
1.37767
1.42739
1.75958
1.84143
1.8691
1.97755
2.0786
2.12418
2.1364
2.01753
1.67368
1.37669
1.50245
1.6801
1.78117
1.74726
1.53233
1.34106
1.39832
1.40788
1.20935
1.08625
1.46121
1.62125
1.49627
1.62276
1.83605
1.67212
1.35582
1.55038
1.72516
1.50488
1.34337
1.58146
1.78791
1.8129
1.75162
1.41071
0.927139
0.77172
0.589804
0.532933
0.34813
0.672947
1.01132
1.57611
1.71715
1.61536
1.58021
1.83051
1.84921
1.64295
1.53796
1.47573
1.43359
1.5945
1.7198
1.66329
1.47677
1.42384
1.75225
1.94062
1.89503
1.71892
1.52833
1.48277
1.54883
1.61854
1.73123
1.84353
1.83658
1.76235
1.84602
1.94078
2.01414
2.09061
2.16693
2.11939
2.02886
1.90541
1.82056
1.83648
1.81676
1.5542
1.197
1.24341
1.51996
1.36103
1.16212
1.45343
1.64164
1.365
1.19593
1.55744
1.84448
1.71057
1.61803
1.82583
1.96052
1.88295
1.59185
1.25127
1.27307
1.34768
1.31948
1.15996
0.937658
0.648038
0.72785
1.33191
1.59037
1.51568
1.3357
1.43881
1.64081
1.66491
1.77725
1.73504
1.63004
1.62073
1.622
1.56625
1.44581
1.89945
1.75196
1.59047
1.57357
1.71675
1.85754
1.84025
1.68716
1.59009
1.59499
1.56322
1.43124
1.35738
1.5742
1.8896
2.07452
2.07708
1.99109
1.9667
1.96967
2.00668
2.07122
2.08704
1.85966
1.37475
0.900192
1.03945
1.36596
1.3471
1.32439
1.53694
1.64603
1.49231
1.41327
1.66522
1.91968
1.86509
1.90087
2.14395
2.20788
1.93869
1.60136
1.54833
1.79651
1.95931
1.94509
1.84511
1.68721
1.39338
1.41069
1.78645
1.94729
1.76587
1.52525
1.60102
1.89358
1.98191
1.94459
1.87764
1.80398
1.83676
1.94517
2.02621
2.0086
2.09374
1.97681
1.8789
1.88623
2.03072
2.16179
2.15721
2.05396
1.97115
1.90728
1.82136
1.65719
1.64603
1.85803
1.97826
1.86472
1.59619
1.4638
1.60545
1.86394
1.96831
2.00475
1.88612
1.42586
1.1494
0.836115
1.09089
1.73581
1.8488
1.76607
1.76615
1.78302
1.76185
1.76829
1.80974
1.85899
1.85345
2.01431
2.28499
2.34431
2.09851
1.89948
1.9187
2.17912
2.26033
2.16853
2.06228
2.0242
2.14107
2.33187
2.44731
2.35015
2.12581
1.92766
1.95757
2.15731
2.15809
1.99596
1.96848
2.00082
2.14283
2.27379
2.2742
2.19775
2.15008
2.16932
2.20558
2.22047
2.1858
2.14656
2.12113
2.12698
2.1248
2.04068
1.93237
1.84293
1.9181
2.112
2.11787
1.89136
1.6826
1.57032
1.63232
1.88295
1.94285
1.95405
1.90024
1.66992
1.43664
1.26515
1.57838
2.05216
2.08955
1.94591
1.87029
1.89946
1.96983
1.9985
1.97142
1.95208
1.96852
2.1068
2.34713
2.52285
2.505
2.37192
2.40492
2.54332
2.59771
2.53127
2.44268
2.49955
2.70864
2.86342
2.81759
2.62829
2.37381
2.13178
2.02123
2.05941
2.11889
2.09764
2.14724
2.2558
2.37431
2.36444
2.24761
2.16631
2.21527
2.25329
2.27596
2.21458
2.1123
2.04336
2.0323
2.09412
2.13094
2.06491
1.97581
1.91875
1.91577
2.00745
2.06285
2.01565
1.93346
1.82209
1.78612
1.88197
1.99467
2.10133
2.16676
2.13335
2.0898
2.24477
2.28171
2.29061
2.17857
2.06002
2.02197
2.04395
2.08149
2.09174
2.08332
2.09597
2.1714
2.27743
2.46243
2.64464
2.74223
2.74436
2.7661
2.78457
2.77926
2.78127
2.80707
2.84712
2.88894
2.88289
2.79102
2.62688
2.40427
2.19042
2.03786
1.96977
1.98337
2.07679
2.23167
2.38687
2.44877
2.39445
2.28684
2.22675
2.21221
2.1829
2.13953
2.10558
2.09861
2.14628
2.24428
2.35401
2.39092
2.351
2.27203
2.19002
2.10575
2.0585
2.03338
2.01288
1.96331
1.8971
1.85006
1.85907
1.94403
2.06453
2.21051
2.30216
2.34524
2.35936
2.33179
2.26562
2.21368
2.20455
2.19973
2.17929
2.14523
2.09708
2.02698
2.006
2.05706
2.18204
2.31944
2.4564
2.56905
2.64483
2.66
2.6455
2.63138
2.64244
2.66999
2.68826
2.68504
2.65905
2.56598
2.43391
2.29345
2.18404
2.08884
2.01351
1.96724
2.00612
2.13136
2.2634
2.33212
2.3354
2.29879
2.25108
2.15891
2.11438
2.04595
2.01149
2.01699
2.05626
2.13421
2.21851
2.28153
2.32824
2.34361
2.31288
2.25375
2.18636
2.1273
2.07817
2.04155
2.00591
1.97807
1.96177
1.96541
1.9938
2.01355
2.02621
2.01762
2.0026
1.98847
2.00134
2.0633
2.13101
2.18327
2.18994
2.16134
2.11461
2.03675
1.94753
1.88991
1.89824
1.97899
2.07875
2.18261
2.27328
2.31475
2.32455
2.32893
2.33686
2.35388
2.35963
2.33714
2.2985
2.24027
2.19499
2.17432
2.16289
2.14308
2.09965
2.041
2.00715
2.0289
2.08533
2.13707
2.16411
2.16997
2.18698
2.39721
2.37164
2.29559
2.19496
2.08799
1.99749
1.93513
1.91069
1.90181
1.93417
1.96605
1.97861
1.98025
1.98064
1.97803
1.9962
2.02444
2.06819
2.09854
2.11404
2.10237
2.0604
2.00514
1.93747
1.87633
1.8413
1.83361
1.87693
1.95611
2.04583
2.13488
2.19874
2.2318
2.2394
2.22233
2.19725
2.17849
2.15603
2.15924
2.17484
2.21389
2.23817
2.24132
2.22066
2.17817
2.12717
2.08027
2.03945
1.99823
1.96583
1.96768
1.99448
2.03354
2.06453
2.08001
2.09191
2.09423
2.10602
2.13296
2.19078
2.24817
2.29951
2.34604
2.38491
2.44358
2.46753
2.47284
2.46061
2.42995
2.38146
2.32303
2.26076
2.19822
2.14245
2.1013
2.07155
2.04995
2.05034
2.06551
2.08785
2.11471
2.14971
2.18096
2.20575
2.2136
2.21069
2.19515
2.17091
2.14389
2.11237
2.09395
2.10237
2.13408
2.17972
2.21514
2.24665
2.28488
2.31919
2.34551
2.37508
2.38732
2.39957
2.40856
2.4114
2.40002
2.37853
2.33622
2.27818
2.21917
2.17094
2.11823
2.05964
2.02395
1.99918
1.97311
1.96319
1.97971
1.99818
2.03266
2.07515
2.11644
2.16536
2.2173
2.25974
2.2968
2.33596
2.37107
2.40754
2.64422
2.63818
2.60876
2.55966
2.49535
2.41951
2.34027
2.25983
2.18749
2.12369
2.0714
2.02743
1.99097
1.96236
1.9396
1.92279
1.90756
1.89916
1.89846
1.89617
1.89363
1.89119
1.88953
1.88726
1.88715
1.88819
1.89516
1.90672
1.92184
1.93753
1.95325
1.96963
1.98378
1.99264
1.99801
1.99937
1.9934
1.98027
1.95937
1.93312
1.90539
1.87919
1.85254
1.82917
1.81024
1.79357
1.78197
1.77786
1.77719
1.7816
1.79193
1.8093
1.83196
1.86558
1.91472
1.97755
2.05442
2.14563
2.24472
2.34631
2.44187
2.52434
2.58748
2.62788
