3.60771
3.59932
3.56968
3.30774
3.61363
3.4389
3.06595
3.17599
3.11035
2.54998
2.36251
2.56084
2.81348
3.21804
3.26461
3.0472
3.17524
2.95129
3.18362
3.56412
3.73176
3.83086
3.72238
3.46886
3.24151
3.11352
3.04801
3.09783
3.29688
3.4597
3.53162
3.4141
3.6459
3.702
3.98541
3.60736
3.62632
3.6716
3.27675
3.69901
3.51897
2.99364
3.19663
3.13563
2.29951
2.40144
2.9027
2.93944
3.37817
3.37078
2.89718
2.96488
2.89221
3.08186
3.58647
3.83635
4.04361
4.04198
3.64699
3.32268
3.01463
2.94554
3.09437
3.34903
3.57361
3.62628
3.39859
3.62126
3.71734
3.97837
3.58199
3.55811
3.56394
3.12272
3.55109
3.60089
3.02083
2.98074
3.06672
2.30824
2.56539
3.04036
2.83595
2.97874
2.98417
2.47375
2.15852
2.46602
2.97053
3.55522
3.90748
4.21191
4.26577
3.87741
3.37825
3.07648
2.91718
3.01929
3.39964
3.55962
3.60595
3.41666
3.65387
3.73191
3.96723
3.64158
3.50952
3.28725
2.9583
3.30129
3.69616
3.16028
3.16005
3.1884
2.33362
3.05444
3.0079
2.65031
2.71636
2.85502
2.70001
2.72746
3.0634
3.02544
3.48317
3.91225
4.25042
4.37498
3.98284
3.54266
3.14704
2.98074
2.96886
3.34071
3.49854
3.57746
3.45782
3.64982
3.71176
4.04068
3.77566
3.46471
3.36416
3.27558
3.30026
3.68642
3.27026
3.31879
3.38705
2.49053
2.98209
2.74546
2.69285
3.07883
3.39477
3.14003
3.03698
3.11331
3.04385
3.42386
3.83837
4.13026
4.2728
3.97001
3.63911
3.38735
3.14856
3.13458
3.44263
3.52069
3.59299
3.47905
3.64286
3.64091
4.01821
3.76252
3.47167
3.41701
3.60841
3.49403
3.69188
3.35421
3.2489
3.44536
2.59706
2.57455
2.49442
2.76954
3.14659
3.32382
2.94741
2.30081
2.47457
2.89348
3.1709
3.65835
4.06763
4.24499
3.99373
3.73344
3.38825
3.2902
3.3058
3.45959
3.55375
3.60754
3.43646
3.63378
3.64284
4.01691
3.68135
3.52346
3.39229
3.48179
3.55233
3.56334
3.30581
3.17989
3.30454
2.74917
2.60424
2.74306
2.95478
3.14892
3.17658
2.97228
2.49571
2.94955
3.26108
2.93203
3.56173
3.8598
4.05121
4.26315
4.03911
3.39327
3.24149
3.33841
3.40649
3.55367
3.59922
3.48086
3.75624
3.67214
4.05205
3.58024
3.58955
3.53015
3.58083
3.78945
3.58048
3.37108
3.2254
3.05132
2.69863
2.69298
2.87543
3.0669
3.30144
3.54396
3.68335
2.91826
3.16612
3.35454
3.03943
3.94276
4.27714
3.88692
3.93479
4.19033
3.45894
3.42075
3.43915
3.40103
3.54892
3.65646
3.51987
3.72627
3.66056
4.05922
3.55352
3.51608
3.52669
3.46565
3.86904
3.68511
3.45235
3.36756
2.91443
2.70022
2.78126
2.87944
2.96102
3.0503
3.17496
3.11492
2.3679
3.1383
3.11638
3.12965
4.16131
4.5999
3.6841
3.51991
4.11538
3.44585
3.38828
3.40971
3.43704
3.55214
3.6613
3.55927
3.59035
3.61684
4.0269
3.55936
3.39227
3.43616
3.247
3.59334
3.465
3.23242
3.17403
2.86473
2.6949
2.80576
2.94283
3.02771
3.05479
3.29044
3.20681
2.51072
2.77982
3.24792
3.11886
3.63558
3.95685
3.5176
3.7426
3.906
3.56279
3.37269
3.25438
3.49076
3.5387
3.61834
3.59841
3.7108
3.59812
4.01841
3.5019
3.37909
3.53345
3.37134
3.70692
3.46046
3.21688
3.11758
2.75437
2.72685
2.98075
3.08682
3.11099
2.92097
3.33329
3.46836
2.8724
3.13738
3.51435
3.44324
3.34896
3.39641
3.52202
3.70646
3.84199
3.93141
3.53347
3.27777
3.69126
3.53733
3.63467
3.66891
3.6724
3.54781
4.1038
3.47146
3.34688
3.47442
3.2457
3.53812
3.27113
3.03974
3.19861
2.79418
2.77202
2.89431
2.73346
2.65362
2.4298
2.61566
2.78299
2.81538
3.2762
3.06714
3.33198
3.52615
3.49363
3.56055
3.40741
3.63227
4.02013
3.86161
3.61627
3.99275
3.57349
3.56772
3.7092
3.6504
3.56632
4.11691
3.54864
3.31249
3.44459
3.17492
3.50376
3.35336
3.1155
3.19396
2.74821
2.58551
2.96319
2.70878
2.59787
2.74535
2.74543
2.43412
2.72708
2.79478
2.93696
3.63539
3.20044
3.05753
3.3627
3.20043
3.4625
4.07714
4.1659
3.95995
4.04841
3.59626
3.56843
3.78744
3.67865
3.63161
4.15372
3.53418
3.32935
3.51407
3.23281
3.53341
3.52558
3.38336
3.29873
2.84885
2.8027
3.2749
3.05233
2.82993
2.83302
3.13208
2.96227
3.09354
2.72169
2.91473
3.91633
3.53841
2.92172
3.20229
3.10311
3.40235
3.80822
3.71082
3.80773
3.96157
3.53595
3.61611
3.75155
3.66833
3.62941
4.16906
3.49591
3.42225
3.41494
3.09124
3.31289
3.253
3.37038
3.38654
3.00551
3.2056
2.92833
2.43794
2.31556
2.58403
2.79018
2.5509
2.89793
2.90991
2.64233
3.03175
3.11088
2.85703
3.28807
3.2729
3.45197
3.48105
3.26323
3.51274
3.82091
3.55907
3.65328
3.72403
3.7232
3.57608
4.15237
3.49337
3.55807
3.56055
3.21783
3.45439
3.27837
3.33139
3.10811
2.83905
3.19585
2.5305
1.97202
2.00252
2.65351
2.6961
2.02826
2.41358
2.59069
2.77221
3.19489
3.1806
2.91839
3.00504
3.25204
3.50709
3.66744
3.44248
3.42991
3.60024
3.54899
3.64597
3.71777
3.76204
3.54586
4.15682
3.50863
3.57149
3.62695
3.20679
3.3863
3.07861
3.07343
2.87885
2.77666
2.97559
2.44171
1.88238
1.72395
2.48051
2.55426
2.04189
2.89897
2.85761
2.65337
3.35073
3.24901
3.01266
2.83274
3.14296
3.32614
3.59748
3.63657
3.38288
3.39828
3.60421
3.58525
3.62908
3.71943
3.51743
4.1841
3.52196
3.43391
3.49184
3.10456
3.28662
2.90258
2.89933
3.18647
3.06495
2.92199
2.51874
2.15074
1.54417
2.36387
2.27791
1.91167
2.69439
3.07125
2.71015
3.02175
3.05019
2.97075
2.9752
3.27219
3.4244
3.74426
3.7662
3.27668
3.28279
3.72434
3.48891
3.63102
3.65891
3.5235
4.21111
3.63617
3.38961
3.71325
3.28651
3.32857
3.16325
3.13708
3.19682
2.98519
2.68304
2.32731
2.18811
1.70584
2.21693
1.89521
1.90736
2.14844
3.21631
3.08679
3.3473
3.3868
3.0663
3.0062
3.17006
3.56555
3.86872
3.82662
3.41298
3.38149
3.69106
3.47364
3.59989
3.66117
3.57331
4.11082
3.52737
3.30868
3.48735
3.1723
3.16083
3.15545
3.0516
2.65746
2.59296
2.39268
2.15769
2.0835
1.92782
2.50307
1.99561
2.80932
3.10382
2.85938
2.97939
3.19955
3.32516
3.22124
3.07983
3.14015
3.56053
3.83734
3.89202
3.75248
3.55249
3.64252
3.51088
3.47677
3.6605
3.64027
4.11717
3.53131
3.25556
3.32555
3.15886
3.30975
3.27933
2.98121
2.54475
2.49685
2.45204
2.23251
1.95477
2.59265
2.94761
2.03592
3.06319
2.97191
2.50363
3.22188
3.33301
3.33834
3.45086
3.09222
3.2489
3.88331
3.94868
3.86165
3.63885
3.39882
3.51665
3.47009
3.42718
3.59816
3.57812
4.12769
3.77105
3.27518
3.58323
3.32973
3.26819
3.26162
3.01858
2.61631
2.92282
2.58572
2.21172
1.77924
2.42961
2.68673
1.98448
2.23195
2.59538
2.64911
3.47835
3.70438
3.62131
3.575
3.13328
3.10357
3.58459
3.78322
3.67152
3.38586
3.26142
3.4503
3.3949
3.45915
3.64778
3.54254
4.15361
3.67732
3.22858
3.42262
3.23256
3.20294
3.10474
2.84954
2.68542
2.93361
2.7532
2.37135
1.78044
2.2101
2.3462
1.94916
2.18141
3.14188
2.87292
3.34174
3.7161
3.65469
3.49567
3.26855
3.01347
3.14339
3.42364
3.38339
3.33571
3.34256
3.44768
3.36754
3.44685
3.63306
3.5149
4.21107
3.60488
3.23858
3.51565
3.43607
3.43912
3.23868
2.83329
2.4638
2.66112
2.60825
2.43451
1.7961
2.48462
3.08746
2.05858
2.2712
3.37831
3.16675
3.38194
3.68535
3.69369
3.54942
3.40829
3.06358
3.21033
3.33212
3.32891
3.2509
3.29921
3.41812
3.40286
3.42297
3.65789
3.58954
4.17883
3.70456
3.25023
3.65479
3.73042
3.55523
3.30862
2.98542
2.58377
2.62304
2.65022
2.21923
1.7573
2.13628
2.63256
2.19386
2.0501
2.76568
3.00463
3.14616
3.51892
3.6716
3.5982
3.44878
3.30622
3.08905
3.1771
3.22394
3.23057
3.29141
3.41822
3.49065
3.32963
3.60646
3.65982
4.14708
3.73849
3.23363
3.54256
3.62203
3.43986
3.24481
3.04257
2.83388
2.92035
2.6881
2.18086
1.99332
1.83365
1.96914
2.10092
2.1634
2.94797
3.25329
3.23874
3.51084
3.68808
3.55252
3.44888
3.47874
3.21552
3.11828
2.99701
3.09323
3.22953
3.32151
3.52025
3.40765
3.61095
3.67365
4.08235
3.66347
3.24697
3.63489
3.75889
3.59797
3.38075
3.07889
2.90475
3.01252
2.66835
2.34096
2.13459
1.82665
2.04016
2.24433
2.48107
3.08989
3.34708
3.37469
3.53896
3.67401
3.51789
3.47151
3.5396
3.34204
3.10499
2.90674
3.0301
3.15455
3.21125
3.54249
3.50853
3.66888
3.73517
4.0848
3.72555
3.24018
3.6758
3.82459
3.78162
3.58613
2.89659
2.74739
2.86593
2.59257
2.35335
2.12163
2.01523
2.08437
2.16822
2.46273
2.83805
2.95499
3.2067
3.48267
3.63755
3.65784
3.484
3.49401
3.43977
3.15893
2.97174
3.12776
3.22254
3.23583
3.53593
3.49377
3.68431
3.75093
4.07602
3.74883
3.25009
3.55127
3.65183
3.64116
3.59536
3.0767
2.91071
2.97789
2.69353
2.48201
2.27181
1.95782
2.09807
2.12532
2.68084
2.98082
3.12595
3.23264
3.35193
3.43334
3.61707
3.64643
3.65428
3.60426
3.36633
3.0748
3.22461
3.27414
3.32152
3.54927
3.47598
3.71094
3.83427
4.09549
3.87189
3.30524
3.50675
3.57889
3.58814
3.70679
3.40849
3.03914
3.02825
2.54964
2.44327
2.44164
2.13541
2.12259
2.37273
2.72992
2.99723
3.13337
3.34545
3.28524
3.34147
3.48352
3.56167
3.70449
3.80677
3.53742
3.19165
3.25308
3.37202
3.36055
3.67985
3.5088
3.69327
3.9122
4.14037
3.69244
3.28011
3.45051
3.49818
3.54376
3.64546
3.45644
3.01851
2.78006
2.3988
2.24293
2.47044
2.28778
2.26697
2.64243
2.89855
2.97579
3.10963
3.37303
3.40165
3.28945
3.32601
3.3866
3.65969
4.01957
3.65227
3.25789
3.30722
3.37203
3.44806
3.64978
3.52248
3.70304
3.89974
4.12062
3.65948
3.39215
3.52564
3.42836
3.49777
3.53377
3.38535
3.14302
2.74271
2.38194
2.28202
2.39554
2.34723
2.4695
2.76555
3.01077
3.14392
3.31594
3.49155
3.43461
3.26731
3.14488
3.1133
3.60062
4.03255
3.63819
3.28443
3.35127
3.49497
3.4596
3.64435
3.6
3.74557
3.92295
4.11298
3.69862
3.56007
3.62725
3.45482
3.49707
3.53897
3.37513
3.21772
2.78338
2.58481
2.38957
2.32977
2.50492
2.68499
2.91095
3.18729
3.24606
3.43022
3.61155
3.4128
3.22974
3.04739
3.09052
3.57514
4.07997
3.70406
3.31173
3.38502
3.44627
3.45097
3.73195
3.53836
3.70932
3.91506
4.10695
3.69384
3.41002
3.50015
3.34026
3.40399
3.45647
3.29531
3.06362
2.53227
2.44726
2.43853
2.42884
2.73777
2.90794
3.08818
3.4092
3.42698
3.35312
3.48515
3.37429
3.13768
3.11676
3.31079
3.78847
4.03429
3.60003
3.30328
3.34226
3.40843
3.45016
3.73861
3.5464
3.72834
3.91852
4.09346
3.86079
3.33054
3.45256
3.37734
3.4518
3.4313
3.33473
3.16269
2.90603
2.98652
2.73398
2.41792
2.63737
2.94606
3.10594
3.38654
3.61486
3.47728
3.51829
3.648
3.41132
3.2917
3.45364
3.88152
4.07084
3.5405
3.33074
3.48027
3.46145
3.38919
3.66705
3.53632
3.70128
3.88307
4.08055
3.8255
3.21916
3.47881
3.36548
3.43745
3.42203
3.29774
2.97755
2.73424
2.95531
2.81174
2.30472
2.52085
3.0205
3.16832
3.28841
3.55667
3.48601
3.4327
3.54765
3.25827
3.1532
3.30662
3.80568
4.11203
3.73456
3.32433
3.3461
3.43912
3.36807
3.57398
3.49576
3.67321
3.82965
4.08697
3.62997
3.1665
3.5474
3.21633
3.32167
3.4104
2.98137
2.55758
2.59911
2.62932
2.37883
2.16733
2.50246
2.91533
3.04603
3.09927
3.19896
3.04025
3.14573
3.25887
3.08807
3.32418
3.46888
3.96911
4.23522
3.77568
3.42728
3.41283
3.52723
3.3809
3.55691
3.53457
3.62673
3.79383
4.13217
3.65842
3.17619
3.67147
3.34491
3.38794
3.46525
2.85457
2.99795
3.13695
2.89297
2.83765
2.39592
2.10351
2.56566
3.0173
3.15447
3.12194
3.14386
3.51694
3.41601
3.29483
3.74334
3.47947
3.87397
4.20798
3.75775
3.51827
3.53264
3.47805
3.46883
3.57698
3.55183
3.61045
3.75449
4.09798
3.63132
3.15708
3.6022
3.29057
3.32224
3.40439
2.88744
2.97291
2.82755
2.75059
3.09283
2.75077
2.15569
2.4165
3.03308
3.25273
3.33086
3.37173
3.59885
3.36743
3.27094
3.79566
3.3572
3.60323
4.12757
3.76351
3.48788
3.48078
3.41583
3.51352
3.6131
3.50003
3.59241
3.75453
4.10785
3.67244
3.13766
3.72692
3.1894
3.27264
3.52073
3.11244
3.1837
2.99022
2.59449
2.86541
2.60043
2.22717
2.37704
2.60183
2.95697
3.23311
3.02778
3.1873
3.42003
3.32288
3.83056
3.56516
3.61861
3.95198
3.74692
3.6045
3.48258
3.36802
3.53327
3.59828
3.55409
3.59621
3.71678
4.16286
3.7337
3.12962
3.8759
3.2536
3.47784
3.66942
3.14095
2.93286
3.32995
2.94122
2.85026
2.64698
2.39587
2.22371
2.40116
2.92359
3.00515
2.7974
2.89888
3.24308
3.1777
3.51912
3.62512
3.63827
3.56511
3.59196
3.56428
3.41398
3.42499
3.48734
3.50564
3.53581
3.63325
3.67797
4.09431
3.68102
3.14289
3.74263
3.2828
3.54118
3.6027
3.08749
2.70405
3.29699
3.05241
2.63724
2.69509
2.75315
2.26682
2.4253
3.09778
3.14287
2.95741
2.97608
3.31691
3.17665
3.25973
3.60821
3.757
3.72807
3.79803
3.59329
3.46932
3.53739
3.58909
3.57743
3.60697
3.57794
3.64648
4.07568
3.63766
3.15765
3.62623
3.41729
3.45623
3.36686
3.07134
2.70725
3.3094
2.92937
2.11966
2.18404
2.30245
2.1409
2.25475
2.72347
2.87628
2.979
3.25634
3.52689
3.26571
3.28529
3.80937
3.7337
3.75689
3.85962
3.57242
3.48047
3.53061
3.62845
3.61265
3.68962
3.65985
3.64878
4.13244
3.61356
3.15104
3.66376
3.6207
3.5733
3.34139
3.11607
2.70687
3.26023
2.86521
1.78298
2.17573
2.39786
2.16824
2.57263
2.65481
2.84619
3.07876
3.22009
3.40228
3.02892
3.12295
3.75189
3.47981
3.59391
3.74367
3.51938
3.43667
3.46931
3.60576
3.64752
3.66069
3.69156
3.68774
4.0996
3.83271
3.07841
3.5799
3.82077
3.72421
3.34582
3.14726
2.68379
2.92086
2.92642
2.38078
2.70196
2.37028
2.37593
3.26171
3.20626
3.25886
3.12693
2.87598
3.11735
3.06504
3.07823
3.65035
3.53405
3.58391
3.7587
3.52842
3.38229
3.41104
3.55413
3.59734
3.62372
3.69155
3.68192
4.10381
3.47621
2.99502
3.39214
3.8033
3.73414
3.30398
3.24011
2.92612
2.65814
2.72321
2.26922
2.55052
2.43232
2.65323
3.17187
3.01151
3.12982
3.24772
3.0488
3.27607
3.37963
3.28222
3.61155
3.47118
3.45953
3.57523
3.3671
3.29704
3.33836
3.48944
3.5641
3.63353
3.75169
3.6732
4.17306
3.30734
2.94356
3.62774
3.83499
3.95683
3.5463
3.34792
3.07891
2.45092
2.60402
2.36382
2.34664
2.56062
2.81876
2.91555
2.82535
3.10055
3.52548
3.44524
3.35993
3.38039
3.28865
3.49173
3.43776
3.34628
3.4864
3.25637
3.20458
3.33053
3.53915
3.54129
3.59217
3.74547
3.66378
4.13746
3.44887
3.02474
3.67166
3.73111
3.94131
3.62567
3.37305
3.10716
2.39973
2.67221
2.30931
2.23009
2.66112
2.597
2.72097
3.08246
3.19553
3.27098
3.44867
3.57466
3.47316
3.37956
3.53853
3.42748
3.23638
3.39193
3.06482
3.10392
3.27063
3.54508
3.51958
3.60838
3.78117
3.64563
4.16931
3.58483
3.05101
3.42153
3.45622
3.7672
3.68881
3.38877
3.19706
2.49182
2.72233
2.59639
2.39963
2.8176
2.71945
2.78895
3.08764
2.7253
2.88844
3.40092
3.63436
3.61064
3.61328
3.69152
3.36523
3.12747
3.41604
3.00232
3.00614
3.26602
3.47884
3.4155
3.59113
3.81181
3.63764
4.19074
3.58229
3.10162
3.44929
3.31961
3.77987
3.86827
3.46073
3.28191
2.82745
2.68197
2.49407
2.39725
2.76139
2.78773
2.98907
3.23256
2.9125
3.12032
3.58215
3.51832
3.59358
3.7762
3.82014
3.5355
3.26575
3.39022
3.01215
3.01572
3.24796
3.5354
3.43564
3.55715
3.78794
3.64439
4.05039
3.6793
3.04863
3.43433
3.22395
3.50829
3.6876
3.33058
3.15276
2.809
2.39405
2.27091
2.30925
2.75426
2.95302
3.11065
3.42219
3.17723
3.11771
3.49923
3.53974
3.70857
3.96101
4.05032
3.83482
3.56751
3.48882
3.03514
3.08375
3.29211
3.48617
3.4044
3.53076
3.81102
3.66736
4.04895
3.64162
2.99723
3.28976
3.1887
3.47998
3.56756
3.21242
3.21682
3.0471
2.55317
2.41094
2.45382
2.92156
3.08319
3.08799
3.38706
3.00253
2.83675
3.13594
3.32582
3.62221
3.97056
4.30962
4.23585
4.03849
3.55494
3.16581
3.11652
3.32135
3.46184
3.3811
3.50197
3.81961
3.66193
4.04164
3.65844
3.18683
3.54045
3.15192
3.34631
3.47764
3.23312
3.26875
3.13448
2.62425
2.37803
2.76688
2.87432
2.81113
2.85616
3.01425
2.48373
2.42249
2.87671
3.02417
3.291
3.58463
4.0753
4.43562
4.34918
3.70983
3.16438
3.16301
3.31281
3.46663
3.44452
3.53537
3.79074
3.66103
3.98823
3.58726
3.26968
3.77875
3.22626
3.39166
3.44006
3.28806
3.4148
3.27567
2.75671
2.32516
2.76408
2.87341
2.77792
2.99288
2.90119
2.46074
2.6584
2.92973
3.07105
3.31509
3.69877
4.25785
4.67978
4.50966
3.80895
3.27436
3.20946
3.35552
3.51434
3.46967
3.50551
3.75186
3.6449
3.96413
3.54899
3.31902
3.59489
3.30891
3.55001
3.58306
3.28772
3.3676
3.21144
2.96891
2.68867
2.65456
2.54741
2.73409
3.07801
2.81466
2.56829
2.99144
2.93479
3.18684
3.4037
3.74819
4.37127
4.74798
4.41257
3.90884
3.44284
3.24954
3.45292
3.55162
3.48911
3.52043
3.76938
3.60758
3.94016
3.58623
3.4215
3.68547
3.39002
3.73305
3.75633
3.44547
3.31578
2.95158
2.86397
2.9843
2.68589
2.4692
2.63308
3.00971
2.60129
2.46313
2.85675
2.94216
3.15643
3.25946
3.50328
4.3013
4.47565
4.09048
3.76928
3.39154
3.23485
3.53993
3.61876
3.52393
3.50242
3.75148
3.60159
3.93014
3.60322
3.47771
3.69679
3.49385
3.78359
3.84112
3.4213
3.13073
2.89703
2.87613
2.84286
2.65809
2.58578
2.63684
2.87783
2.6636
2.52326
2.74594
3.06513
3.26288
3.28243
3.27506
3.69608
4.06799
3.96075
3.69223
3.36471
3.27566
3.53725
3.62685
3.5595
3.46128
3.71214
3.63278
3.94012
3.57961
3.5156
3.52756
3.302
3.69584
3.72232
3.38313
3.04423
3.0427
2.96395
2.61344
2.57201
2.59176
2.45639
2.5318
2.56951
2.53879
2.77967
3.13933
3.4058
3.45892
3.4726
3.79469
3.9628
3.80915
3.79909
3.55449
3.37761
3.52878
3.5876
3.56906
3.49824
3.74525
3.6428
3.98409
3.62004
3.62198
3.68198
3.30291
3.67187
3.73866
3.50157
3.29301
3.27033
3.0415
2.59488
2.86689
2.97242
2.64795
2.51213
2.5752
2.523
2.74548
3.1827
3.42242
3.54148
3.55988
3.6826
3.6959
3.33591
3.36463
3.32096
3.32078
3.47289
3.54686
3.56131
3.46137
3.67867
3.6333
3.96747
3.61509
3.59216
3.63944
3.42885
3.63106
3.56869
3.33064
3.24675
3.30353
2.80488
2.6009
2.81421
2.96241
2.99184
2.86883
2.89806
2.81524
2.75307
3.21665
3.52023
3.60452
3.63732
3.57262
3.5714
3.23686
3.16983
3.11969
3.15838
3.30732
3.44108
3.51452
3.44089
3.63064
3.65019
3.94116
