3.39064
3.29621
3.44205
3.18418
3.29984
3.1428
2.5998
2.82305
2.90979
2.21903
2.04256
2.36692
2.45976
3.16482
3.12083
2.84179
3.16777
3.09658
2.93809
3.21273
3.46447
3.70454
3.79231
3.59899
3.54673
3.45989
3.2968
3.24357
3.25963
3.20856
3.31442
3.37799
3.42543
3.38967
3.73722
3.39978
3.4109
3.52828
3.05642
3.3959
3.25158
2.59341
2.97239
3.04347
2.15181
2.38354
2.93725
2.62259
3.17787
3.36305
2.65146
2.91887
3.05172
2.95081
3.21763
3.52959
3.85267
4.07148
3.8834
3.71422
3.67864
3.41037
3.27246
3.34338
3.2751
3.32359
3.43163
3.47017
3.41016
3.75104
3.39427
3.40139
3.63713
2.99068
3.29449
3.39925
2.70263
2.84366
2.96372
2.21236
2.49454
2.99966
2.53472
2.71152
2.95018
2.52606
2.44985
2.88146
2.89034
3.14942
3.62805
4.02665
4.21683
3.93561
3.82804
3.65701
3.39642
3.29053
3.32459
3.29649
3.40833
3.56177
3.51131
3.43343
3.76376
3.45528
3.30055
3.4758
2.71813
3.20932
3.43737
2.82692
2.91544
3.03547
2.25675
2.97224
2.93167
2.43906
2.62875
2.89187
2.75324
2.94724
3.39449
3.13211
3.00086
3.56896
4.10267
4.31527
3.97408
3.749
3.60175
3.35109
3.30132
3.31225
3.26267
3.33377
3.58365
3.57385
3.50649
3.83625
3.54737
3.24484
3.47063
3.20068
3.22289
3.42196
3.0102
3.09329
3.18239
2.39271
2.8322
2.77391
2.55154
3.04426
3.33148
3.1078
3.05109
3.34663
3.11276
3.01764
3.54089
3.98037
4.21442
3.89077
3.77186
3.67004
3.46071
3.37355
3.2913
3.29477
3.34959
3.58687
3.5589
3.49748
3.84203
3.56996
3.24494
3.57913
3.56413
3.3161
3.3927
3.18517
3.11877
3.20907
2.60461
2.40841
2.40505
2.52446
2.82364
3.07588
2.88415
2.78286
3.02298
3.1038
3.08852
3.46799
3.77323
3.84967
3.84537
3.84051
3.80999
3.70085
3.51662
3.33674
3.50003
3.5267
3.55613
3.49263
3.49767
3.84635
3.53275
3.29131
3.4031
3.53721
3.40505
3.26709
3.14974
3.11377
3.09885
2.73557
2.60447
2.71223
2.74214
2.84757
3.11625
3.07565
2.85623
3.25818
3.33247
3.21803
3.62414
3.75606
3.56314
3.69202
3.82412
3.76806
3.74663
3.61375
3.47628
3.70387
3.56929
3.52663
3.52417
3.53563
3.88192
3.45085
3.41508
3.47107
3.61277
3.55952
3.28306
3.21547
3.16207
3.00032
2.66419
2.69927
2.76262
2.72348
2.82178
3.3097
3.56495
3.00143
3.30966
3.36671
3.34978
4.16664
4.28674
3.51807
3.32177
3.9059
3.71713
3.76738
3.622
3.61053
3.74017
3.44488
3.51849
3.55531
3.51522
3.90163
3.42475
3.34769
3.51551
3.57609
3.59258
3.35159
3.30422
3.33894
2.96441
2.74469
2.73214
2.66814
2.52735
2.50179
2.85289
2.93846
2.54803
3.24717
3.24973
3.2454
4.20756
4.40378
3.44381
3.39282
3.90848
3.86548
3.77503
3.60783
3.75943
3.70818
3.44584
3.45709
3.4585
3.47031
3.88679
3.51508
3.21832
3.3404
3.40545
3.44275
3.21799
3.14018
3.16048
2.8647
2.69229
2.65302
2.53388
2.65166
2.62222
2.9812
3.09914
2.64435
2.99949
3.23245
2.89225
3.1567
3.40326
3.20793
3.50552
4.01595
4.18646
3.94125
3.63136
3.83113
3.72502
3.44147
3.50124
3.49679
3.4872
3.88974
3.47845
3.28489
3.34261
3.48262
3.52739
3.22533
3.16497
3.09197
2.80809
2.72861
2.82953
2.68089
2.80007
2.48416
3.01487
3.4915
2.88871
2.89068
3.09319
3.10009
2.99084
3.20643
3.43074
3.67139
4.29843
4.52053
4.05943
3.63582
3.85183
3.76568
3.52251
3.56737
3.54941
3.48865
3.95077
3.44773
3.25073
3.36306
3.36366
3.41879
3.10962
3.09378
3.3004
2.94684
2.75568
2.5766
2.22731
2.19835
2.07327
2.43149
2.8024
2.52285
2.8407
2.63318
3.09918
3.22041
3.53796
3.82623
3.65207
4.23146
4.38558
4.07707
3.76002
3.8698
3.73965
3.51716
3.59785
3.50664
3.47395
3.95415
3.57407
3.19081
3.3584
3.24116
3.37791
3.16648
3.09749
3.20162
2.75589
2.59095
2.29723
2.17218
2.10371
2.32022
2.50059
2.48523
2.68255
2.42393
2.60247
3.54542
2.7987
2.88758
3.47985
3.4264
3.87145
4.11917
3.95644
3.70412
3.8252
3.64672
3.48622
3.60713
3.47919
3.48759
3.97446
3.61605
3.19554
3.45399
3.27161
3.38853
3.25625
3.21458
3.11977
2.72988
2.61561
2.84998
2.86854
2.6356
2.76699
3.11826
2.86866
2.9074
2.79055
2.64959
3.60227
3.26213
3.04614
3.45616
3.15641
3.76782
4.11693
3.85215
3.67916
3.74591
3.52262
3.45635
3.65262
3.45925
3.52119
3.97395
3.53943
3.24197
3.34334
3.16104
3.28324
3.11475
3.20898
3.05999
2.73388
3.00211
2.61891
2.3518
2.28095
2.32942
2.58844
2.33087
2.66811
2.82314
2.43048
2.61714
2.86162
3.14358
3.53811
3.24973
3.64397
3.91923
3.84539
3.71665
3.76795
3.55465
3.44024
3.58882
3.42252
3.47081
3.96572
3.53712
3.45079
3.46123
3.16191
3.31334
3.11733
3.22224
2.89052
2.64611
3.10413
2.36788
1.99832
2.07747
2.27845
2.54376
2.07186
2.52739
2.76876
2.68095
3.07863
3.1189
3.11931
3.11923
3.19014
3.60744
3.9533
3.96953
3.68239
3.71248
3.59371
3.35284
3.47681
3.38331
3.43041
3.97824
3.56842
3.63938
3.60391
3.15776
3.2952
3.08158
2.98036
2.76034
2.64934
2.9773
2.36955
2.18688
1.81567
2.19181
3.03194
2.50213
3.22201
3.08749
2.59978
3.03356
3.27058
3.1122
3.03396
3.1135
3.42767
3.94078
4.12563
3.70344
3.46825
3.53436
3.26045
3.35343
3.35031
3.35831
3.99797
3.56805
3.40486
3.39465
2.98629
3.25669
3.03538
2.90355
3.00928
2.84786
2.8791
2.59012
2.58554
1.79877
2.70738
3.37246
2.5979
3.34547
3.33124
2.73682
2.89594
3.19359
3.21416
3.20193
3.37451
3.62488
4.05267
4.17151
3.66711
3.34621
3.5064
3.10249
3.30899
3.32642
3.26094
3.99766
3.71961
3.35492
3.6218
3.21402
3.32812
3.16854
3.01063
2.88596
3.00426
2.85489
2.48671
2.63484
1.93562
2.66814
2.70683
2.03887
2.59473
3.28408
3.00238
3.2762
3.62307
3.32797
2.95728
3.17879
3.80961
4.16998
4.15723
3.69928
3.20778
3.30405
3.0542
3.35913
3.3137
3.20978
3.87934
3.71021
3.35435
3.48921
3.15873
3.12609
3.13592
3.00514
2.64179
2.8918
2.79863
2.37037
2.09816
2.36082
2.88552
2.33375
3.06622
3.32599
2.83506
2.83849
2.96826
3.37819
3.4597
2.93534
3.16921
3.85756
4.17513
4.15867
3.7688
3.20581
3.21955
3.02929
3.27316
3.34784
3.276
3.87863
3.61123
3.29407
3.33493
3.19374
3.13058
3.24535
2.98439
2.58979
2.99
2.96629
2.71378
2.03187
2.9133
3.20307
2.21302
3.18955
3.06994
2.46741
3.01433
3.12475
3.48172
3.68449
3.04474
3.26965
3.961
4.17264
4.02308
3.47399
3.00768
3.17712
3.06158
3.23097
3.32103
3.24951
3.88039
3.82935
3.45023
3.59825
3.36499
3.21964
3.43195
3.05795
2.8491
3.25515
3.09673
2.83898
1.85023
2.32837
2.88715
1.9807
2.71297
2.8876
2.61422
3.22372
3.36256
3.536
3.62398
3.00262
3.0622
3.65409
3.94548
3.70466
3.23021
2.97267
3.12008
3.09978
3.27965
3.30959
3.10149
3.93998
3.83735
3.36276
3.50479
3.27921
3.13818
3.25809
2.9335
2.74584
3.16126
3.02728
3.05012
1.82546
2.29332
2.76765
2.16227
2.95214
3.46631
2.87725
3.11595
3.28208
3.38934
3.52284
3.09689
2.99737
3.2913
3.56732
3.29424
3.21743
3.01733
3.10596
3.11291
3.22187
3.27621
3.03086
3.95524
3.68528
3.30617
3.57473
3.46601
3.31647
3.25611
2.82922
2.71258
2.9408
2.7286
2.89029
1.95853
2.63479
3.4013
2.56159
2.95336
3.63191
3.10957
3.13268
3.23412
3.38599
3.62065
3.27043
3.17053
3.3802
3.40625
3.141
3.07
2.9132
2.983
3.13067
3.26193
3.33591
3.13193
3.87156
3.74821
3.40978
3.71401
3.65016
3.46645
3.32985
2.79887
2.65586
2.86152
2.79439
2.49217
1.72694
1.91003
3.03488
3.00698
2.34491
2.67509
2.76951
2.80765
3.17987
3.46441
3.6828
3.37914
3.32011
3.36652
3.28484
3.00585
3.05917
3.03538
3.04158
3.11081
3.26109
3.39226
3.32324
3.81594
3.7754
3.43824
3.66107
3.60378
3.36345
3.24659
2.90263
2.6316
3.07094
2.82661
2.56666
2.54681
1.79634
2.34922
2.57899
2.25182
2.75364
3.21296
2.99625
3.27136
3.48831
3.60431
3.39812
3.34461
3.48496
3.35307
2.90531
3.08838
3.11849
3.07274
3.17435
3.17649
3.37878
3.36465
3.7802
3.68558
3.37539
3.71918
3.65759
3.42568
3.27557
2.79983
2.6721
3.05351
2.70447
2.45152
2.77306
2.12666
2.33975
2.90157
2.92776
3.14201
3.23225
3.10805
3.19893
3.43696
3.64605
3.57916
3.43079
3.7192
3.57366
2.93527
3.02409
3.03523
2.92565
3.23959
3.14961
3.42657
3.47227
3.81015
3.71589
3.39828
3.74539
3.68969
3.52918
3.39238
2.70886
2.56309
2.92197
2.75141
2.6496
2.80325
2.43737
2.63032
3.0351
2.67028
2.4322
2.53713
2.86456
3.14796
3.40653
3.74219
3.79832
3.58558
3.77101
3.73255
2.91724
2.97923
3.087
3.00901
3.28248
3.16337
3.43908
3.4892
3.81793
3.74362
3.42715
3.64619
3.55425
3.43945
3.33775
2.7041
2.81088
3.09245
2.8322
2.81345
3.00614
2.61699
2.60832
2.94949
2.91026
2.77412
2.86103
3.07396
3.15501
3.25452
3.63759
3.83465
3.70542
3.84784
3.77409
3.13171
3.10551
3.12568
3.12124
3.40463
3.23357
3.44173
3.505
3.8464
3.84271
3.47168
3.60978
3.53632
3.38274
3.3122
2.90233
3.0122
3.11107
2.83111
2.79778
2.97572
2.91473
2.9388
2.99151
2.76027
2.898
2.98792
3.19721
3.18443
3.16146
3.46515
3.68033
3.67316
3.86963
3.81328
3.2568
3.18082
3.13776
3.15204
3.40239
3.26131
3.42661
3.55185
3.87368
3.79019
3.47179
3.55194
3.48534
3.32948
3.3223
2.91316
2.78597
2.80379
2.59306
2.59406
2.93226
2.9678
3.1256
3.19625
2.9482
2.88373
2.92141
3.21483
3.29288
3.18063
3.39917
3.47271
3.60985
3.87475
3.75593
3.2579
3.14032
3.06786
3.03248
3.41466
3.25244
3.4009
3.6068
3.82655
3.70098
3.45989
3.54215
3.37883
3.24095
3.21883
2.86026
2.6842
2.86592
2.68885
2.63901
2.83896
2.9078
3.00997
3.15307
3.13288
2.97416
3.00655
3.15726
3.26946
3.26744
3.38991
3.34875
3.53784
3.86868
3.76528
3.39448
3.33432
3.16819
3.03971
3.42031
3.28284
3.43487
3.67598
3.85386
3.72259
3.64204
3.5928
3.36561
3.27677
3.17168
2.89514
2.95462
2.95903
2.73005
2.50463
2.63098
2.94087
2.90713
3.08874
3.12348
2.85982
2.95584
3.17992
3.23861
3.24754
3.39228
3.54669
3.6432
3.86203
3.92321
3.54717
3.42957
3.42667
3.25988
3.49052
3.3212
3.43537
3.66073
3.88023
3.62272
3.55721
3.43411
3.29275
3.21773
3.10025
2.86193
2.90267
2.80775
2.41607
2.52795
2.70675
3.06926
2.99585
3.02735
3.17647
2.96031
2.95862
3.1323
3.24646
3.14292
3.35302
3.62193
3.70049
3.86471
3.92687
3.52867
3.31996
3.31751
3.30592
3.49632
3.35716
3.46544
3.63928
3.86297
3.6775
3.37646
3.37381
3.38834
3.2626
3.07768
2.96656
2.95672
2.98588
2.9686
2.91756
2.5989
2.82862
2.93983
2.88509
3.12508
3.26106
3.14663
3.18567
3.39541
3.27101
3.42761
3.58616
3.7214
3.9532
3.83243
3.44907
3.31511
3.33452
3.31214
3.45486
3.37798
3.51162
3.69125
3.85811
3.72231
3.27915
3.39805
3.41907
3.22903
3.04887
2.99364
2.73208
2.55984
2.62483
2.70524
2.63541
2.73338
2.94948
2.92465
3.00268
3.21409
3.09793
3.19644
3.21052
3.12597
3.34191
3.55498
3.80185
4.12979
3.91489
3.51573
3.25706
3.31457
3.30235
3.42019
3.45849
3.58933
3.69318
3.87078
3.55847
3.19231
3.46826
3.26856
3.00131
2.93154
2.73268
2.49845
2.22717
2.14729
2.53631
2.74228
2.8344
2.87522
2.72465
2.75328
2.87098
2.87195
3.12604
3.09688
3.02681
3.39476
3.56402
3.90296
4.24989
3.98538
3.62581
3.42551
3.36863
3.29524
3.34654
3.53654
3.5857
3.63406
3.9208
3.58556
3.23684
3.65435
3.29009
3.11671
3.1044
2.66196
2.81937
2.92159
2.59597
2.96759
2.98413
2.65678
2.64396
2.83797
2.8883
2.85582
2.94874
3.33028
3.21943
3.15658
3.60037
3.51859
3.91661
4.27203
4.03455
3.72946
3.53859
3.43591
3.34423
3.30837
3.62956
3.55166
3.57179
3.91467
3.54852
3.21552
3.50679
3.19067
2.96029
3.06219
2.67429
2.88809
2.84281
2.59533
3.02395
3.26369
2.72248
2.54077
2.97717
3.02341
3.0759
3.14026
3.31178
3.20126
3.15535
3.59858
3.384
3.76364
4.21044
3.97146
3.7331
3.55787
3.34897
3.29754
3.38468
3.64827
3.50805
3.49914
3.91985
3.59215
3.1716
3.56634
3.07081
2.93508
3.1674
2.91677
2.89321
2.76451
2.45845
2.62673
3.06206
2.86294
2.32047
2.57606
2.63555
2.90169
2.8975
3.07006
3.27729
3.29265
3.61002
3.51009
3.72708
3.98623
3.85215
3.75432
3.5351
3.27705
3.28451
3.39206
3.60368
3.40427
3.48203
3.93358
3.70161
3.19319
3.82072
3.15281
3.26284
3.28817
3.04167
2.78744
2.96918
2.6898
2.78381
2.8806
3.05003
2.13024
2.3125
2.58942
2.75829
2.85642
3.01433
3.26352
3.31134
3.40423
3.45388
3.67283
3.72505
3.86126
3.70371
3.4449
3.35466
3.24993
3.37386
3.58334
3.44664
3.45074
3.83157
3.75178
3.20648
3.74549
3.21214
3.3514
3.37182
3.0009
2.54301
2.68525
2.64853
2.58894
2.72324
3.10987
2.38663
2.58138
3.0671
3.11987
3.08485
3.07531
3.4213
3.42592
3.46008
3.61358
3.74541
3.90016
3.98256
3.63129
3.36062
3.42365
3.30665
3.36008
3.56537
3.45001
3.44131
3.81593
3.78741
3.16901
3.62702
3.30303
3.23304
3.3255
2.96687
2.4959
2.69974
2.48869
2.0034
2.59035
2.75321
2.40531
2.30042
2.71157
3.00729
3.16488
3.24627
3.62531
3.53131
3.65822
3.85038
3.7091
3.91486
3.87415
3.45612
3.2887
3.33939
3.33352
3.37628
3.59256
3.4447
3.4324
3.89054
3.70506
3.12218
3.70135
3.43245
3.279
3.28968
3.03532
2.58177
2.85385
2.39191
1.91841
2.98736
2.85247
2.52134
2.54007
2.61988
3.02418
3.30872
3.22609
3.34379
3.42223
3.65556
3.82796
3.57111
3.78078
3.70757
3.29064
3.29534
3.32021
3.3574
3.40876
3.49452
3.48575
3.42191
3.8494
4.00954
3.16666
3.6641
3.60654
3.36488
3.22659
3.19944
2.63613
2.8266
2.59633
2.33762
2.8969
2.79689
2.94248
3.32754
3.20192
3.40034
3.44229
3.14403
3.35101
3.50267
3.59307
3.73997
3.54221
3.66184
3.49985
3.22567
3.16545
3.2837
3.34362
3.38263
3.50419
3.49187
3.44151
3.80236
4.07917
3.0463
3.59282
3.6368
3.35728
3.14864
3.10437
2.68501
2.66485
2.50083
2.19987
2.56717
2.86611
3.05578
3.238
3.08647
3.30269
3.54144
3.43974
3.56493
3.6938
3.6402
3.73879
3.48611
3.45748
3.35919
3.20951
3.09907
3.28036
3.24147
3.24213
3.50251
3.52045
3.46298
3.84228
3.53168
3.07892
3.76101
3.69491
3.48273
3.28038
3.13041
2.94062
2.54049
2.32956
2.14404
2.41559
2.948
2.97905
2.82089
2.78944
3.2437
3.60144
3.64963
3.5842
3.6016
3.61819
3.73907
3.46773
3.37436
3.33541
3.34383
3.18879
3.15372
3.21077
3.187
3.48771
3.52703
3.42523
3.80329
3.54533
3.27756
3.7633
3.63709
3.43992
3.23305
3.10131
2.9363
2.4366
2.39052
2.64556
2.51395
2.90338
2.74509
2.48439
2.8626
3.17835
3.27396
3.41747
3.61879
3.66933
3.68952
3.78045
3.4715
3.36926
3.35011
3.30285
3.09957
3.11082
3.16806
3.12935
3.48025
3.56338
3.35303
3.82721
3.57885
3.25553
3.47854
3.43719
3.39835
3.19845
3.1343
3.05639
2.57971
2.68953
2.81147
2.68306
3.07742
2.87042
2.66268
2.99469
2.85061
3.0122
3.34147
3.53314
3.71614
3.85369
3.86084
3.60999
3.54162
3.39175
3.16491
3.02536
3.12767
3.18137
3.09298
3.44075
3.57355
3.28782
3.89467
3.54207
3.20587
3.36589
3.29714
3.48013
3.363
3.20657
3.12848
2.79756
2.53506
2.50283
2.57668
2.89751
2.87627
2.97007
3.10526
2.90037
3.10833
3.37137
3.33531
3.6379
3.95626
3.98066
3.72615
3.63684
3.45238
3.13603
3.05362
3.05209
3.18453
3.16362
3.41946
3.55492
3.23777
3.7426
3.56302
3.27251
3.47679
3.20309
3.30062
3.26426
3.07156
2.98786
2.83537
2.29074
2.30532
2.54798
2.81444
2.79554
3.02037
3.25833
3.10325
3.06496
3.22816
3.17482
3.66477
4.10549
4.17144
3.8474
3.77827
3.51997
3.13703
3.02355
3.06239
3.17921
3.18407
3.34421
3.49688
3.2478
3.71197
3.57733
3.17415
3.34488
3.12349
3.22747
3.21126
2.95492
3.01298
2.92148
2.41599
2.58217
2.79438
2.87138
2.73749
2.98322
3.35972
3.11861
2.85319
2.96814
3.06257
3.53131
4.09656
4.31513
3.93874
3.84418
3.65294
3.12587
2.92757
3.03878
3.22807
3.16984
3.36361
3.52964
3.23006
3.71298
3.60976
3.23177
3.50762
3.00302
3.18787
3.15343
3.00573
3.07678
2.83158
2.39761
2.38261
2.89793
2.787
2.47848
2.78771
3.09882
2.75477
2.72173
3.07739
3.00023
3.23368
3.78981
4.09727
4.0034
3.90325
3.72211
3.20162
2.98044
3.01232
3.22929
3.18268
3.34943
3.50363
3.26434
3.64358
3.51371
3.41678
3.8459
3.05459
3.22726
3.13772
3.03865
3.14678
3.0317
2.57367
2.28496
2.89393
2.79899
2.62359
2.93978
3.0407
2.57018
2.79358
3.1075
3.11096
3.44035
3.93181
4.16059
4.14687
4.05732
3.76388
3.32108
3.03847
3.13154
3.21587
3.17451
3.35913
3.48128
3.30463
3.64554
3.42939
3.36198
3.68082
3.15201
3.31977
3.13912
2.98559
3.11586
2.95589
2.69242
2.34665
2.46169
2.37956
2.53077
3.05674
3.02879
2.59599
3.06533
2.98473
3.13671
3.47616
3.79761
4.20034
4.2781
4.18359
3.89506
3.48274
3.0827
3.24811
3.2376
3.19033
3.39911
3.58191
3.30668
3.65962
3.4389
3.37195
3.67392
3.18748
3.34497
3.37738
3.12561
2.9921
2.52824
2.39254
2.45359
2.28644
2.19889
2.59632
3.16463
2.83659
2.46749
2.85865
2.8222
2.88898
3.21128
3.51474
3.87393
4.08888
4.04885
3.86568
3.46166
3.19811
3.2727
3.26131
3.26539
3.4092
3.55905
3.26073
3.63922
3.47601
3.3907
3.81799
3.36132
3.30461
3.46456
3.01854
2.87474
2.45891
2.40835
2.26922
2.33113
2.403
2.75063
3.16478
2.85878
2.54885
2.63252
2.84924
2.9853
3.14565
3.4128
3.55359
3.69368
3.95563
3.8516
3.5002
3.33371
3.32807
3.2887
3.3194
3.34675
3.49025
3.26917
3.62596
3.44482
3.32601
3.56344
3.20115
3.24844
3.3057
2.97102
2.65428
2.56551
2.58545
2.06085
2.42215
2.64723
2.58436
2.73105
2.83642
2.65875
2.68549
2.92846
3.14888
3.35471
3.591
3.69737
3.59113
3.75811
3.74022
3.57016
3.38255
3.32304
3.32216
3.28955
3.38625
3.50912
3.32009
3.65504
3.45648
3.42712
3.62298
3.23632
3.32785
3.35123
3.04763
2.8068
2.80139
2.62379
2.12666
2.70066
2.98842
2.805
2.69861
2.81162
2.57828
2.6496
2.86152
3.14266
3.35571
3.60443
3.67417
3.46724
3.38425
3.40673
3.31245
3.37045
3.30747
3.28089
3.35096
3.39056
3.45743
3.3308
3.63754
3.4282
3.37007
3.62417
3.31288
3.34677
3.19074
2.8118
2.81819
2.93609
2.37344
1.9141
2.46138
2.7544
3.04454
2.95887
2.98683
2.95443
2.76626
2.86251
3.17978
3.3838
3.57967
3.64311
3.50805
3.34561
3.26358
3.11658
3.18453
3.24055
3.20216
3.34318
3.36125
3.3943
3.32728
3.65643
