3.7765
3.75766
3.77655
3.80923
3.83669
3.56427
3.35463
3.29888
3.10865
2.76224
2.48091
2.44989
2.80566
3.24102
3.33972
3.31442
3.59342
3.53563
3.6974
3.88225
4.03837
4.15686
4.16972
4.08204
3.87886
3.60219
3.41971
3.33835
3.48717
3.70488
3.75872
3.72025
3.75626
3.84371
4.21398
3.76969
3.82649
3.85829
3.70463
3.85834
3.61233
3.3281
3.33668
3.15833
2.72834
2.51655
2.94246
2.95215
3.42813
3.45977
3.15989
3.43305
3.47081
3.70372
3.91743
4.0905
4.2527
4.26609
4.1548
3.93045
3.59631
3.38209
3.3486
3.51019
3.67814
3.74777
3.72325
3.74073
3.82459
4.19964
3.76353
3.76709
3.86915
3.60816
3.76723
3.66526
3.35137
3.28127
3.12102
2.71577
2.57628
3.05627
2.89905
3.09361
3.16089
2.88494
2.9656
3.3238
3.71008
3.93715
4.1668
4.36125
4.40474
4.28592
4.03463
3.6764
3.44672
3.36087
3.54827
3.66064
3.76611
3.7532
3.75098
3.82527
4.20014
3.81916
3.7032
3.69241
3.54195
3.67013
3.72837
3.384
3.32914
3.18007
2.7522
3.01304
3.03931
2.76196
2.81468
3.01
3.00035
3.26592
3.65655
3.77816
3.94739
4.14703
4.36044
4.49036
4.41178
4.11994
3.74537
3.45361
3.36011
3.53984
3.65222
3.81181
3.84364
3.76704
3.86211
4.27999
3.90685
3.65587
3.80113
3.67133
3.65167
3.7214
3.41496
3.3905
3.26124
2.79407
2.95642
2.81592
2.77037
3.12383
3.50109
3.38591
3.40233
3.58727
3.73858
3.98201
4.21515
4.39549
4.50143
4.43052
4.24129
3.90501
3.53587
3.40921
3.59249
3.71033
3.8315
3.8682
3.79787
3.8786
4.26425
3.8743
3.64686
3.96564
3.9564
3.74074
3.71509
3.45565
3.36317
3.2967
2.77841
2.58614
2.54894
2.8033
3.11672
3.35377
3.11671
2.92481
3.24809
3.64761
3.91557
4.19854
4.45595
4.49644
4.37379
4.34134
3.96376
3.5902
3.49584
3.60316
3.72746
3.8095
3.87842
3.88401
3.90887
4.27167
3.8108
3.67477
3.93405
4.03476
3.81036
3.63935
3.41443
3.34919
3.1932
2.72104
2.59104
2.67744
2.94548
3.14765
3.2137
3.13893
2.9869
3.32979
3.66876
3.85119
4.13782
4.33885
4.41031
4.48813
4.55202
3.95925
3.6002
3.53391
3.55146
3.73166
3.81818
3.89132
3.94762
3.91579
4.30312
3.78487
3.78758
3.98369
4.1603
3.97131
3.69732
3.47854
3.35246
3.08998
2.67129
2.61107
2.756
3.00116
3.26556
3.58049
3.8858
3.21628
3.29429
3.56688
3.70201
4.22051
4.4673
4.23604
4.4266
4.67957
3.9873
3.69512
3.55723
3.57742
3.7654
3.83301
3.90136
3.95819
3.88084
4.29113
3.79044
3.71373
3.97285
4.13908
4.08039
3.7843
3.5529
3.40451
3.02376
2.76348
2.62533
2.67766
2.85825
3.01913
3.21212
3.18665
2.8219
3.21005
3.33458
3.58891
4.3262
4.60377
4.15608
4.35726
4.67374
3.99718
3.63585
3.53471
3.65134
3.72194
3.81306
3.89217
3.90027
3.84655
4.25411
3.77086
3.6201
3.84955
4.02828
3.99736
3.69429
3.4198
3.25018
2.98367
2.81453
2.65377
2.68211
2.88826
3.0411
3.49557
3.27543
2.83251
3.13308
3.48019
3.51371
3.86609
4.08238
4.05066
4.37724
4.57499
4.10772
3.63381
3.49478
3.7059
3.73988
3.84027
3.91545
3.96202
3.88642
4.25079
3.72
3.6569
3.8382
4.01097
4.04774
3.70591
3.42384
3.23761
2.95955
2.83411
2.78662
2.78271
3.02753
2.92605
3.39791
3.60759
3.08049
3.32602
3.63691
3.70697
3.73466
3.85488
4.07872
4.36171
4.57281
4.41682
3.82746
3.57342
3.8668
3.76006
3.84872
3.99086
3.95488
3.89169
4.32196
3.71691
3.631
3.84594
3.92694
3.93675
3.60868
3.37937
3.28647
2.99198
2.87952
2.80324
2.58659
2.7016
2.54885
2.6021
2.93509
2.98923
3.40592
3.41178
3.63489
3.80067
3.88979
4.11563
4.26175
4.49343
4.48465
4.16342
3.82205
4.05876
3.82376
3.84593
4.00617
3.92874
3.84807
4.32131
3.78884
3.59333
3.82193
3.83518
3.87292
3.64095
3.38211
3.25927
2.97521
2.77015
2.91742
2.73484
2.66937
2.78778
2.75623
2.63112
2.90945
3.05837
3.35068
3.86686
3.7065
3.75767
4.08655
4.22259
4.25342
4.30765
4.27353
4.00199
4.0607
3.84419
3.85136
4.05218
3.9584
3.90185
4.33212
3.79263
3.63326
3.81094
3.80275
3.86781
3.71662
3.54562
3.29296
2.93373
2.81066
3.10704
2.98663
2.83081
2.8287
3.163
3.16966
3.26597
2.99169
3.28189
4.02248
3.85589
3.75042
3.99559
4.0623
4.07086
4.19695
3.94523
3.91124
4.00978
3.81816
3.90219
4.04698
3.93656
3.9135
4.33111
3.77443
3.70594
3.72175
3.69863
3.7508
3.60967
3.57667
3.34393
2.99131
3.1222
2.83807
2.64595
2.63721
2.74642
3.01876
2.99293
3.06074
3.14455
3.25015
3.54407
3.59122
3.68227
3.93026
3.97907
4.08466
4.13458
3.87796
3.79429
3.90915
3.82813
3.94793
4.03165
3.89184
3.89602
4.32663
3.79179
3.84308
3.78252
3.63927
3.71801
3.59267
3.50043
3.15929
2.94378
3.2024
2.60787
2.48124
2.47392
2.81256
2.86745
2.45861
2.73212
3.03927
3.30031
3.63686
3.61921
3.64028
3.78196
3.92694
4.16829
4.23954
4.04452
3.78188
3.77985
3.82796
3.9162
3.98813
3.88061
3.90035
4.33644
3.81649
3.9371
3.8348
3.60978
3.64305
3.48995
3.39354
3.12882
2.93191
3.07042
2.69529
2.45432
2.36828
2.70112
2.87438
2.46589
3.08651
3.15127
3.24946
3.63294
3.69061
3.63156
3.63869
3.83697
4.04192
4.20414
4.19263
3.784
3.70994
3.87591
3.88081
3.92162
3.87432
3.91522
4.33523
3.83284
3.69777
3.71712
3.50459
3.58967
3.44628
3.33414
3.29424
3.12293
3.03176
2.85523
2.63528
2.28815
2.56301
2.58374
2.37021
2.95704
3.23574
3.34108
3.58015
3.72243
3.6799
3.69407
3.94651
4.12574
4.29815
4.27538
3.78913
3.6805
3.93278
3.83317
3.85935
3.84259
3.88103
4.32239
3.89
3.67995
3.86864
3.56268
3.62385
3.53323
3.44544
3.34605
3.18623
2.99161
2.76796
2.77204
2.44915
2.57503
2.34841
2.42423
2.69672
3.28404
3.4929
3.74009
3.91904
3.78343
3.68601
3.92161
4.21612
4.37158
4.27532
3.85592
3.66123
3.87155
3.808
3.82192
3.86437
3.87671
4.25276
3.81737
3.63133
3.6745
3.51374
3.54245
3.52714
3.40756
3.10889
2.98769
2.85663
2.60459
2.4234
2.54421
2.90039
2.35596
2.86064
3.15522
3.14002
3.46539
3.67335
3.91189
3.89941
3.74146
3.87168
4.19797
4.30683
4.34078
4.01637
3.72886
3.80004
3.75904
3.77514
3.83336
3.9314
4.26193
3.8034
3.6203
3.55271
3.48143
3.58147
3.59059
3.32522
3.05676
2.8733
2.80284
2.82323
2.43384
2.79907
3.2802
2.3405
3.01284
2.9832
3.05888
3.53722
3.74895
3.95323
4.0145
3.80851
3.89674
4.25403
4.34809
4.2516
3.86417
3.62834
3.72549
3.7098
3.77291
3.80006
3.93072
4.26213
3.95963
3.72456
3.76297
3.59894
3.61224
3.63685
3.36682
3.0837
3.01832
2.8927
2.69051
2.18106
2.44258
2.85587
2.30077
2.48244
2.87023
3.09567
3.64234
3.87065
4.00742
4.01388
3.844
3.82604
4.0617
4.14848
4.03092
3.66796
3.56032
3.67798
3.679
3.75181
3.79399
3.88955
4.27922
3.91499
3.65484
3.64248
3.48272
3.56029
3.61536
3.36646
3.16969
3.07543
2.98868
2.76156
2.21073
2.33514
2.64425
2.31428
2.49998
3.09581
3.16008
3.61325
3.8951
3.97701
3.96776
3.81966
3.71296
3.66302
3.77648
3.75815
3.5372
3.54381
3.6678
3.67735
3.69289
3.7283
3.81507
4.31293
3.85401
3.66686
3.76364
3.61867
3.70575
3.66226
3.35974
3.14389
2.97698
2.91135
2.75198
2.30599
2.5979
3.29814
2.31325
2.47456
3.12691
3.17627
3.66558
3.96345
4.03208
3.98858
3.847
3.71202
3.65189
3.62882
3.54607
3.44676
3.50682
3.62299
3.66895
3.69535
3.75759
3.85739
4.27471
3.93148
3.78947
3.93577
3.8017
3.78875
3.71999
3.38557
3.09331
2.94915
2.94097
2.59497
2.35136
2.43166
3.00008
2.55879
2.35677
2.74835
3.16725
3.59696
3.93011
4.06278
4.04535
3.91762
3.76543
3.55005
3.49091
3.3927
3.39428
3.50346
3.63265
3.72551
3.68278
3.7391
3.94239
4.23835
3.96248
3.80688
3.92549
3.77052
3.66293
3.69886
3.44806
3.18424
3.0983
3.05452
2.56748
2.51506
2.35202
2.27311
2.29906
2.32885
2.74885
3.2623
3.66548
3.96037
4.10358
4.10703
3.99948
3.8533
3.62113
3.38116
3.28629
3.36399
3.49692
3.64345
3.76972
3.69346
3.78646
3.99539
4.20699
3.91688
3.79405
4.05729
3.8955
3.72692
3.74723
3.49225
3.33026
3.19095
2.85414
2.45351
2.47187
2.41834
2.4261
2.48748
2.498
2.98479
3.40364
3.7267
4.01234
4.15183
4.16989
4.08264
3.99967
3.83639
3.53011
3.27978
3.35656
3.49772
3.61084
3.74652
3.72944
3.83353
4.07294
4.23094
3.95276
3.80481
4.15358
3.99466
3.83874
3.85412
3.49548
3.34459
3.11877
2.71819
2.46403
2.41711
2.37181
2.52717
2.49867
2.41402
2.7204
3.12549
3.59563
4.00932
4.20976
4.27138
4.18837
4.10211
4.00071
3.68236
3.32753
3.36071
3.5302
3.58682
3.77229
3.77373
3.84137
4.10828
4.248
3.97758
3.8447
4.10606
3.91015
3.78839
3.84667
3.5509
3.38185
3.19894
2.66178
2.49393
2.47476
2.37907
2.32459
2.41596
2.5505
2.86038
3.14574
3.56274
3.93277
4.14375
4.25163
4.23421
4.21147
4.21858
3.86737
3.45592
3.43348
3.51226
3.57531
3.79252
3.79312
3.9125
4.15911
4.29449
4.05411
3.86937
4.06098
3.88187
3.77455
3.81525
3.5828
3.41079
3.20353
2.64653
2.43262
2.54834
2.51186
2.50041
2.46469
2.50503
2.8531
3.19374
3.61099
3.85307
4.04583
4.15398
4.16853
4.26196
4.39005
4.0686
3.61121
3.5188
3.54567
3.5749
3.8691
3.78071
3.97116
4.21365
4.35375
3.99702
3.84647
4.01331
3.84068
3.75544
3.77431
3.56719
3.28654
3.00034
2.51118
2.42057
2.59606
2.58382
2.63583
2.68205
2.64451
2.92157
3.24523
3.63534
3.83987
3.93755
4.05117
4.0606
4.21623
4.40541
4.14595
3.69093
3.50934
3.6252
3.62427
3.84905
3.77267
4.00169
4.20179
4.32216
3.96152
3.86294
3.99399
3.78446
3.71463
3.70199
3.48303
3.20219
2.9328
2.59921
2.40892
2.51136
2.60198
2.68095
2.7019
2.90305
3.16353
3.40741
3.66476
3.81584
3.88584
3.97207
3.95161
4.17436
4.36094
4.13537
3.64529
3.53521
3.67223
3.69124
3.88871
3.8121
3.98665
4.21228
4.34264
3.99221
3.9979
4.015
3.76069
3.71348
3.67869
3.44346
3.25586
3.05705
2.68295
2.40676
2.40777
2.69796
2.79797
2.94661
3.16677
3.22783
3.47917
3.7132
3.78229
3.841
3.88478
3.87635
4.09912
4.37126
4.1023
3.63067
3.56315
3.66449
3.68211
3.92645
3.84568
3.92526
4.19832
4.36143
3.95486
3.85496
3.91762
3.73252
3.68756
3.61369
3.41281
3.17489
2.85907
2.53357
2.42258
2.45838
2.82225
2.99342
3.10895
3.34835
3.33777
3.36185
3.62308
3.77176
3.7824
3.84276
3.8943
4.11057
4.36882
3.99337
3.54797
3.56181
3.65666
3.72226
3.90148
3.84884
3.95152
4.19674
4.34848
4.06458
3.77644
3.87295
3.73652
3.70865
3.61645
3.427
3.16968
2.99578
2.9168
2.68383
2.32683
2.59697
2.97509
3.07437
3.30391
3.52724
3.47941
3.63785
3.89941
3.88212
3.90389
3.9612
4.17669
4.39332
4.00398
3.6067
3.61568
3.70167
3.72633
3.87517
3.86197
3.9643
4.18218
4.33169
4.06442
3.71096
3.83548
3.76475
3.67921
3.61144
3.36793
3.07111
2.89699
2.93779
2.73885
2.21968
2.48164
2.95072
3.10276
3.23441
3.49463
3.50636
3.61094
3.82953
3.8419
3.92515
3.95671
4.19674
4.43865
4.1404
3.61019
3.56694
3.6999
3.75049
3.8503
3.83664
3.94473
4.14493
4.33196
3.93173
3.65186
3.84083
3.66151
3.5763
3.59208
3.256
2.97351
2.77443
2.58703
2.28744
2.18104
2.49233
2.85361
2.95444
3.04781
3.208
3.22072
3.47733
3.69128
3.80275
3.95953
3.99064
4.28541
4.56492
4.22645
3.70071
3.57952
3.70131
3.67412
3.86221
3.82304
3.94839
4.10512
4.35493
3.959
3.72093
3.98062
3.68361
3.65712
3.58986
3.22364
3.09918
3.08191
2.77499
2.68857
2.23258
2.33035
2.55026
2.94297
3.07964
3.12934
3.30684
3.69132
3.74304
3.81572
4.05883
4.01704
4.33078
4.62892
4.27041
3.77524
3.62141
3.68473
3.64034
3.81799
3.77476
3.91068
4.02646
4.33438
3.94528
3.65218
3.84545
3.64127
3.56864
3.54337
3.29098
3.196
2.9624
2.66866
2.76617
2.66729
2.37417
2.45535
3.01024
3.22194
3.3037
3.44188
3.74913
3.70918
3.74873
4.01399
4.00253
4.33311
4.66168
4.29989
3.80731
3.60066
3.59968
3.67981
3.82781
3.77846
3.88103
3.94463
4.32955
3.99329
3.58715
3.9127
3.54126
3.57148
3.65641
3.39202
3.22956
3.02168
2.61413
2.52051
2.47849
2.38024
2.45339
2.64904
3.02318
3.26385
3.25217
3.50795
3.73459
3.75114
4.02707
4.10713
4.39901
4.60148
4.28076
3.88828
3.61583
3.59125
3.74159
3.85513
3.82072
3.85534
3.94003
4.34495
4.05248
3.60829
4.12247
3.58872
3.7281
3.7649
3.42626
3.24006
3.11
2.78328
2.80178
2.40865
2.41287
2.32198
2.42651
2.92815
3.07209
3.16071
3.41291
3.64692
3.71298
3.86989
4.09536
4.36853
4.382
4.23202
3.87099
3.56154
3.60018
3.75632
3.81821
3.83513
3.87086
3.94077
4.29768
4.02138
3.61702
4.03137
3.61294
3.71662
3.75575
3.4219
3.21308
3.06677
2.91357
2.85998
2.38903
2.59902
2.29319
2.49346
3.09124
3.18314
3.22739
3.45989
3.71041
3.7592
3.80387
4.05156
4.33898
4.34725
4.27689
3.88325
3.57297
3.67551
3.80395
3.81121
3.86418
3.8408
3.91717
4.29231
3.95126
3.60972
3.92747
3.64276
3.57285
3.66761
3.43566
3.2438
3.08651
2.90891
2.60544
2.37738
2.37835
2.23324
2.36703
2.77707
3.0959
3.30047
3.58575
3.88343
3.85988
3.86767
4.07739
4.19058
4.1936
4.19139
3.81805
3.65004
3.70512
3.84928
3.87009
3.87404
3.86474
3.9063
4.32308
3.90062
3.60483
4.03852
3.73464
3.57264
3.66199
3.48701
3.34519
3.11843
2.79497
2.5227
2.69377
2.52915
2.3175
2.63222
2.83595
3.12698
3.4031
3.59314
3.81352
3.80793
3.86435
4.05969
3.89685
3.96193
4.00132
3.73309
3.64126
3.66848
3.85436
3.891
3.88465
3.8683
3.86615
4.2823
4.20485
3.6007
4.01135
3.89989
3.61143
3.67216
3.52098
3.39514
3.0503
2.75833
2.51956
2.82679
2.59935
2.51674
3.35978
3.24007
3.3786
3.46966
3.58741
3.81122
3.88412
3.87562
3.99761
3.79972
3.89476
3.92364
3.67912
3.6064
3.61184
3.81672
3.87924
3.88187
3.86004
3.85578
4.26994
3.90701
3.5263
3.92956
3.97902
3.60717
3.6299
3.56379
3.33439
2.93443
2.74262
2.54663
2.63449
2.51514
2.63245
3.2095
3.08135
3.28041
3.57634
3.73675
3.91442
4.06407
3.95938
3.97651
3.73772
3.76485
3.74741
3.6104
3.51332
3.59628
3.79737
3.85002
3.9459
3.90504
3.87124
4.296
3.586
3.55707
4.11944
4.11682
3.78933
3.72947
3.62149
3.42614
2.99215
2.69796
2.511
2.44066
2.73017
2.79836
2.91152
2.90294
3.2221
3.6931
3.86549
3.95145
4.03606
4.04526
4.01273
3.84869
3.69949
3.63638
3.53595
3.47643
3.57648
3.76021
3.83076
3.92735
3.9085
3.84843
4.28233
3.63949
3.70085
4.2549
4.18355
3.81674
3.72587
3.62182
3.39394
2.93304
2.88169
2.64144
2.48822
2.67669
2.65812
2.74418
3.0784
3.33786
3.52296
3.80281
4.01932
4.09354
4.14505
4.16939
3.97885
3.75663
3.56289
3.47786
3.45007
3.58437
3.7616
3.83638
3.91218
3.91385
3.85187
4.32447
3.71488
3.63483
4.06828
4.06286
3.82368
3.63062
3.5435
3.39135
2.93608
2.88569
2.79708
2.6932
2.79239
2.59819
2.77982
3.15254
3.03964
3.31134
3.78242
4.06355
4.16919
4.24431
4.29328
4.1155
3.90849
3.63045
3.48104
3.4572
3.56642
3.78684
3.84407
3.89529
3.87642
3.84067
4.37658
3.72638
3.59713
3.98149
3.91151
3.87102
3.71245
3.49143
3.39605
3.0794
2.89408
2.738
2.63845
2.64659
2.66756
3.01343
3.24598
3.095
3.39934
3.86748
4.02065
4.19094
4.32446
4.37457
4.27445
4.05826
3.67524
3.49285
3.45455
3.55512
3.79856
3.86834
3.88029
3.88443
3.82759
4.25222
3.75264
3.62658
3.94722
3.80413
3.76826
3.63197
3.38326
3.30511
3.07946
2.72711
2.66162
2.59785
2.71347
2.83034
3.09384
3.49256
3.32825
3.38093
3.79047
4.02663
4.21167
4.41401
4.48976
4.36651
4.19311
3.75881
3.47128
3.44204
3.56147
3.78432
3.81576
3.87601
3.9082
3.83875
4.25265
3.76124
3.53695
3.77104
3.71146
3.70647
3.60474
3.31922
3.31014
3.20061
2.81004
2.84891
2.83396
2.86717
2.94618
3.10288
3.54452
3.31466
3.31334
3.64794
3.94339
4.16399
4.38514
4.5525
4.52783
4.35904
3.8899
3.497
3.43426
3.51735
3.73029
3.82415
3.8903
3.87229
3.8147
4.27121
3.80657
3.57187
3.86197
3.64876
3.57186
3.55411
3.35403
3.34599
3.28341
2.9193
2.88602
3.03274
2.8757
2.78534
2.93724
3.24617
3.0437
3.24684
3.54103
3.78579
4.04719
4.2121
4.38708
4.54007
4.54471
4.07428
3.51077
3.42674
3.52186
3.75865
3.8603
3.85254
3.88322
3.79158
4.19883
3.75328
3.69158
4.17618
3.65726
3.55469
3.51453
3.42217
3.43842
3.35933
3.00636
2.79975
2.98551
2.90234
2.81177
3.08689
3.16586
2.95078
3.23992
3.49533
3.72304
3.9948
4.21948
4.41431
4.7125
4.73287
4.20225
3.55189
3.41281
3.58036
3.76674
3.83885
3.81746
3.87747
3.76815
4.18694
3.73064
3.64541
4.03139
3.75967
3.68916
3.56228
3.42783
3.44468
3.29219
3.06148
2.69552
2.60672
2.45756
2.70101
3.17686
3.18124
3.05395
3.4039
3.43784
3.69856
3.9988
4.17175
4.45855
4.82297
4.76395
4.25744
3.66422
3.38347
3.58559
3.81618
3.85509
3.81633
3.91339
3.73825
4.18665
3.73575
3.70148
4.02788
3.81161
3.80096
3.70015
3.52439
3.39031
3.13349
2.92819
2.69645
2.39201
2.3125
2.6756
3.22539
3.05555
2.99339
3.29525
3.43393
3.64866
3.8977
4.04601
4.3828
4.68284
4.58457
4.16036
3.59906
3.40173
3.61356
3.85638
3.8815
3.8065
3.86823
3.70998
4.17832
3.7552
3.70308
4.10021
3.90018
3.888
3.74168
3.50526
3.30506
3.08407
2.91003
2.57542
2.27986
2.40316
2.85074
3.17872
3.09171
2.99507
3.28964
3.5083
3.68331
3.84454
3.95111
4.10847
4.36714
4.34376
3.96957
3.51481
3.42802
3.62415
3.85547
3.85269
3.83071
3.82267
3.72898
4.18181
3.77573
3.66892
3.8701
3.88542
3.86858
3.69056
3.47662
3.2703
3.1061
2.94261
2.5183
2.32514
2.66689
2.73343
2.7787
2.92175
3.0146
3.31015
3.605
3.77031
3.91644
3.97395
4.09933
4.14961
4.05563
3.9755
3.67636
3.4854
3.65619
3.82129
3.82017
3.8341
3.82213
3.79492
4.21648
3.79084
3.76181
3.94669
3.89373
3.90044
3.70015
3.54167
3.41123
3.19233
2.96399
2.53289
2.644
3.03567
2.91543
2.83367
2.9332
2.97767
3.28412
3.63242
3.79403
3.95814
4.01517
4.04847
4.03988
3.7768
3.66225
3.54076
3.45906
3.62558
3.78503
3.83794
3.79902
3.79875
3.8302
4.17808
3.77796
3.7349
3.91342
3.93228
3.87988
3.6043
3.43317
3.34976
3.18764
2.81906
2.53711
2.47182
2.93866
3.08174
3.13556
3.30002
3.2224
3.34011
3.65119
3.82617
3.99664
4.03667
4.05475
4.0505
3.83261
3.59262
3.43946
3.38045
3.54113
3.73843
3.80883
3.73635
3.75687
3.8362
4.16134
