2.87743
2.91871
2.92855
2.89413
2.95585
2.88068
2.8113
2.89648
2.96279
2.77794
2.64232
2.48221
2.41897
2.40362
2.55557
2.82732
2.91656
2.97571
3.04055
3.06924
3.10034
3.06808
2.91202
2.68755
2.87089
3.01419
3.0571
3.0763
3.06049
3.03707
3.00667
2.98661
3.01011
3.07062
3.10856
2.87787
2.96958
2.95709
2.93325
2.99675
2.91493
2.80688
2.8969
2.90686
2.69162
2.7156
2.52752
2.45498
2.46339
2.64466
2.8241
2.9089
3.03673
3.12148
3.20021
3.2149
3.17676
2.99277
2.77065
2.95481
2.97214
3.06981
3.09542
3.01662
2.99889
3.01991
2.99916
2.97116
3.09649
3.07531
2.86892
2.93913
2.95337
2.88387
2.94618
2.94967
2.81903
2.86096
2.86752
2.66867
2.71017
2.5954
2.42345
2.39877
2.67908
2.77106
2.88835
3.00603
3.07698
3.23531
3.34637
3.28238
3.14049
2.88955
3.03133
3.03685
3.13843
3.12691
3.09584
3.03009
3.08454
3.01037
3.02439
3.0868
3.07873
2.90624
2.93147
2.92818
2.85182
2.88085
2.954
2.85755
2.85935
2.84587
2.68452
2.70802
2.6323
2.45051
2.37995
2.65735
2.81445
2.99325
3.10915
3.18618
3.3146
3.44845
3.41515
3.19332
3.03989
2.97763
3.09118
3.1441
3.13696
3.09457
3.07054
3.06428
3.01145
3.0701
3.08882
3.13275
2.92814
2.94991
2.91348
2.90621
2.88278
2.93473
2.88859
2.90072
2.81006
2.68515
2.70713
2.5745
2.41446
2.43624
2.63172
2.8679
3.06299
3.15777
3.2286
3.44198
3.57879
3.5657
3.33522
3.09524
3.01034
3.12868
3.14644
3.11579
3.04057
3.06299
3.06074
3.0259
3.05942
3.06191
3.11006
2.94142
2.96305
2.89474
2.92797
2.88395
2.91509
2.94334
2.8973
2.79621
2.65919
2.67872
2.57281
2.43198
2.45372
2.61423
2.86516
3.03221
3.13836
3.26285
3.48475
3.70032
3.69963
3.45641
3.12668
3.07211
3.16048
3.20314
3.05704
2.97547
3.01398
3.01927
2.98783
3.05848
3.07607
3.11079
2.91988
2.90364
2.8867
2.91171
2.88906
2.8722
2.94581
2.91467
2.812
2.75426
2.76906
2.64448
2.48064
2.45221
2.59075
2.87824
3.06203
3.19459
3.27157
3.39918
3.71558
3.79565
3.58229
3.26289
3.19544
3.18345
3.20948
3.08867
2.95868
3.0018
3.01775
3.05435
3.093
3.09474
3.11875
2.90596
2.86911
2.90799
2.92643
2.96508
2.91646
2.93993
2.98404
2.84373
2.74856
2.80175
2.70804
2.55747
2.4577
2.65498
2.93506
3.08359
3.24179
3.33938
3.49631
3.78683
3.807
3.54411
3.30092
3.36877
3.27401
3.20682
3.09784
3.06487
3.03674
3.01029
3.06652
3.10353
3.07267
3.11987
2.93787
2.86165
2.89159
2.90092
2.93756
2.90133
2.97779
2.97538
2.8901
2.77289
2.81171
2.71164
2.50068
2.42501
2.58812
2.78356
2.9286
3.20456
3.34906
3.53998
3.78932
3.76929
3.45942
3.43977
3.4637
3.22721
3.10549
2.96911
3.03403
3.01161
2.97465
3.04228
3.06163
3.03901
3.13676
2.96601
2.87581
2.85505
2.89914
2.92867
2.8403
2.8815
2.89586
2.88678
2.81924
2.77065
2.69043
2.56326
2.42635
2.56123
2.71144
2.78078
3.0531
3.31456
3.49162
3.63977
3.55418
3.32861
3.43021
3.37349
3.15901
3.05115
2.95036
3.06474
3.04304
2.98806
3.0053
3.01553
3.04272
3.15829
2.93679
2.91387
2.86919
2.89207
2.96732
2.92269
2.81496
2.79188
2.80061
2.84669
2.82646
2.75565
2.63644
2.51463
2.62058
2.67096
2.70354
2.92457
3.19489
3.40393
3.51731
3.40505
3.26702
3.25973
3.17476
3.17553
3.10543
3.10129
3.16995
3.0497
2.99945
3.01486
3.02433
3.01101
3.20163
2.92569
2.89364
2.89589
2.85797
2.91622
2.87741
2.79247
2.78091
2.73294
2.89157
2.86599
2.78495
2.68789
2.53808
2.48472
2.48643
2.57623
2.75139
2.95458
3.24072
3.45115
3.42125
3.27265
3.08844
3.00693
3.14143
3.25682
3.22226
3.20032
3.07161
2.98994
3.04251
2.97176
2.94099
3.21274
2.93862
2.90257
2.9375
2.90341
2.9426
2.88503
2.8249
2.83316
2.73769
2.8123
2.88971
2.7776
2.66119
2.58831
2.42529
2.35485
2.47004
2.55245
2.75977
3.08507
3.23347
3.31208
3.24533
2.97203
2.8753
3.14741
3.2406
3.15016
3.09028
3.05168
3.02239
3.04536
2.99095
2.96655
3.21814
2.90426
2.90888
2.95957
2.91914
2.98671
2.90584
2.94258
2.8688
2.78082
2.77683
2.86245
2.8462
2.7339
2.58083
2.45125
2.40734
2.48761
2.49164
2.64833
2.9945
3.07309
3.18351
3.20709
2.86856
2.7072
2.98353
3.03877
3.0543
3.03408
3.01181
3.03936
3.01291
2.96122
3.03557
3.19386
2.87284
2.90909
2.91751
2.8866
2.96054
2.8839
2.95059
2.90319
2.89078
2.82814
2.87963
2.90179
2.78943
2.56923
2.51943
2.42173
2.41983
2.44045
2.56363
2.82358
2.8911
3.03981
3.0887
2.79567
2.71029
2.89415
2.94075
3.04775
3.02147
3.00608
3.07023
3.04032
2.97514
3.04074
3.17137
2.8591
2.91217
2.92029
2.86921
2.93758
2.90309
2.97061
2.92703
2.95137
2.84948
2.8577
2.9128
2.83282
2.62413
2.48985
2.3576
2.34279
2.43512
2.53708
2.82266
2.90033
2.96542
3.02133
2.74571
2.68003
2.88951
2.96352
3.04684
3.0841
3.03529
3.0794
3.06014
3.04562
3.02744
3.16892
2.86633
2.88197
2.92183
2.85522
2.90056
2.91466
2.92018
2.89216
2.90952
2.85876
2.84499
2.91993
2.86145
2.61704
2.46001
2.4312
2.43409
2.45823
2.54798
2.8146
2.91582
2.94247
2.96751
2.70145
2.63422
2.91399
3.03745
3.01831
3.01423
3.04229
3.08336
3.04363
3.02445
2.97704
3.1636
2.88478
2.8419
2.89465
2.85006
2.90668
2.87132
2.93893
2.99802
2.89372
2.87962
2.91409
2.959
2.80892
2.60486
2.47628
2.50393
2.56833
2.58652
2.67054
2.82563
2.91198
3.00788
2.95403
2.72606
2.81595
2.97579
3.0408
2.95931
2.96309
3.05378
3.01556
3.00059
3.00359
2.95193
3.15406
2.931
2.88797
2.92339
2.90073
2.93217
2.89978
2.9738
3.0398
2.89307
2.88258
2.92333
2.97114
2.75136
2.54431
2.34176
2.38956
2.50917
2.64315
2.79537
2.96346
3.05875
3.04534
2.90423
2.68621
2.81585
2.95614
3.0558
3.00678
2.97062
3.06159
2.95332
2.98798
3.03918
2.95351
3.10031
2.8959
2.87082
2.8689
2.87915
2.91816
2.92382
2.98629
2.98525
2.89829
2.87835
2.896
2.96898
2.74773
2.50378
2.27839
2.30806
2.42462
2.58361
2.7731
2.97098
3.09878
3.05419
2.88829
2.67108
2.75562
2.94835
3.02672
3.04867
2.99656
3.03783
2.93352
2.95702
3.02647
2.98148
3.13281
2.8579
2.86675
2.87326
2.85251
2.92327
2.97073
3.01344
2.99289
2.98635
2.89008
2.88489
2.97912
2.71349
2.52827
2.38968
2.44645
2.44563
2.43297
2.69693
2.94879
3.07723
3.05635
2.91761
2.73206
2.88561
2.99399
2.95022
2.94463
2.87427
2.93615
2.95861
2.99431
3.02033
2.97182
3.13308
2.91666
2.89023
2.90943
2.83736
2.8869
2.9748
2.98507
2.96241
3.04014
2.89839
2.87163
2.8211
2.56265
2.462
2.5216
2.57634
2.49603
2.43322
2.70981
2.86589
3.01953
2.99493
2.91311
2.7964
2.80546
2.93192
2.89472
2.95495
2.89093
2.90508
2.93815
3.01667
3.0387
2.9799
3.15206
2.9111
2.82485
2.88547
2.81239
2.8594
2.9736
2.9405
2.87811
2.96177
2.96184
2.87647
2.6085
2.40396
2.30184
2.4077
2.60202
2.54838
2.39874
2.62887
2.74492
2.80414
2.87012
2.85451
2.84987
2.78774
2.81242
2.84721
2.94079
2.95067
2.96329
2.92426
2.99581
3.01412
2.97637
3.1204
2.88304
2.83276
2.90414
2.84017
2.90498
3.04821
2.96925
2.8735
2.90058
2.89217
2.82879
2.56061
2.44361
2.40185
2.33612
2.5413
2.61489
2.50807
2.62395
2.76521
2.89849
2.87065
2.82575
2.82088
2.82101
2.78692
2.84124
2.90301
2.93005
2.95545
2.93988
2.97679
3.0577
2.97816
3.05607
2.90208
2.8442
2.88803
2.8015
2.85868
3.03868
2.98906
2.88871
2.92251
2.83924
2.73549
2.55426
2.39517
2.45997
2.33077
2.38596
2.56187
2.53058
2.70376
2.974
3.09997
2.92703
2.76889
2.6977
2.7695
2.8172
2.81338
2.95228
2.98553
2.90978
2.91714
2.94573
3.04895
2.99743
2.99815
2.88841
2.84657
2.90144
2.8197
2.79661
2.94432
2.98002
2.94199
3.02174
2.93582
2.79528
2.60708
2.37919
2.37623
2.34638
2.40184
2.5821
2.6921
2.85904
3.13537
3.17596
2.92039
2.76495
2.71287
2.79469
2.78602
2.84334
2.92461
2.95037
2.9594
2.95189
2.93584
3.0252
2.99837
2.94627
2.87209
2.87568
2.93517
2.90772
2.87898
2.95172
2.98302
2.97589
2.99085
2.87938
2.69981
2.57388
2.38908
2.36343
2.40514
2.51026
2.67827
2.82498
2.95305
3.20478
3.29361
3.12533
2.97356
2.81878
2.87106
2.89318
2.92854
2.93506
2.96567
2.98564
3.01978
2.89464
3.02244
3.04091
2.96715
2.89989
2.89332
2.93184
2.91901
2.96828
2.99516
2.92546
2.92776
2.89687
2.80492
2.68898
2.63038
2.43518
2.39154
2.44652
2.57485
2.75494
2.82676
2.94845
3.24052
3.38807
3.29941
3.12594
2.98026
3.04573
2.97778
2.96187
2.99324
3.01097
3.01011
3.04823
2.94991
3.04086
3.05737
2.98069
2.90805
2.87109
2.91374
2.89037
2.96842
2.97159
2.89686
2.89727
2.85986
2.80586
2.76031
2.68893
2.504
2.46995
2.52659
2.62649
2.76567
2.83475
2.90975
3.20502
3.37887
3.39202
3.25443
3.17863
3.14755
3.04942
2.98054
3.01313
3.00002
3.03761
3.04557
2.94123
3.07133
3.10837
2.99844
2.91019
2.8488
2.95061
2.90866
2.92263
2.96311
2.85058
2.87769
2.90699
2.7787
2.6785
2.66264
2.54135
2.49754
2.55022
2.63929
2.71353
2.84145
2.88992
3.13684
3.33213
3.37102
3.28083
3.23886
3.25118
3.1809
2.97009
2.96392
3.02394
3.06704
3.10676
2.97537
3.08587
3.10779
2.99923
2.8835
2.83156
2.93364
2.89007
2.87969
2.89358
2.80638
2.81766
2.88471
2.7001
2.57665
2.66247
2.66624
2.57287
2.53776
2.59773
2.67494
2.7554
2.86303
3.05675
3.22094
3.29637
3.15798
3.11456
3.14978
3.06121
2.9717
2.98691
3.01631
3.10525
3.1054
3.02052
3.11574
3.07986
3.0265
2.89636
2.83124
2.92546
2.8359
2.85109
2.8739
2.81484
2.81353
2.84084
2.70956
2.59818
2.66704
2.66611
2.57155
2.50682
2.55576
2.66583
2.74064
2.84499
2.95531
3.13012
3.19084
3.0706
3.03895
3.09334
3.05004
2.97882
3.02631
3.07693
3.12909
3.12923
3.07308
3.14717
3.08458
3.08243
2.94803
2.89306
2.93344
2.83185
2.877
2.92401
2.85291
2.82489
2.82482
2.76826
2.60597
2.66995
2.73593
2.53796
2.5243
2.51372
2.62396
2.7426
2.88331
2.9413
3.04823
3.08958
2.98241
2.94504
3.04378
3.10212
3.06197
3.10383
3.14464
3.09856
3.11528
3.04895
3.12834
3.10469
3.08887
2.97706
2.87942
2.92419
2.83482
2.87302
2.91539
2.79429
2.76712
2.77562
2.70811
2.69115
2.76681
2.76128
2.56118
2.54359
2.52185
2.61569
2.75246
2.90875
2.99142
3.06754
3.13133
3.02399
3.01789
3.06972
3.10819
3.12991
3.18311
3.16216
3.1073
3.10629
3.03722
3.09317
3.1185
3.08687
3.03133
2.90045
2.94363
2.86706
2.86942
2.887
2.81436
2.75583
2.83979
2.75503
2.76656
2.75675
2.67357
2.50223
2.46277
2.47612
2.62535
2.79755
2.984
3.12431
3.17823
3.20265
3.14047
3.12617
3.12691
3.14003
3.15705
3.14821
3.14496
3.10705
3.12157
3.04571
3.06709
3.10707
3.11536
3.01045
2.88111
2.94304
2.85088
2.86006
2.83031
2.74066
2.68325
2.71814
2.63978
2.72985
2.66298
2.60434
2.52774
2.42256
2.39449
2.6011
2.79489
2.99776
3.20386
3.29707
3.32036
3.211
3.2151
3.20249
3.18446
3.09304
3.05005
3.13153
3.14159
3.11818
3.0368
3.06372
3.0941
3.12815
2.96081
2.8353
2.92455
2.82462
2.87904
2.78155
2.62716
2.64061
2.7497
2.80222
2.75233
2.64734
2.58383
2.58258
2.38466
2.36771
2.53087
2.69521
2.99212
3.25917
3.4044
3.41859
3.2925
3.22134
3.22209
3.14734
3.05211
3.07405
3.12727
3.0915
3.07245
3.00331
3.02732
3.0726
3.12618
2.95805
2.86988
2.935
2.88322
2.93501
2.81006
2.66235
2.76629
2.96882
3.09109
2.90636
2.68684
2.56397
2.54695
2.3528
2.32153
2.4711
2.67148
2.99596
3.26587
3.44023
3.48763
3.30348
3.14897
3.15685
3.12953
3.10744
3.13288
3.07074
3.03713
3.01826
3.01035
2.97054
3.0076
3.09265
2.93558
2.87159
2.95865
2.89589
2.91776
2.80396
2.69329
2.72433
2.97161
3.03754
2.93629
2.72505
2.58948
2.45231
2.31067
2.31878
2.41478
2.67493
2.95589
3.23722
3.44962
3.48126
3.23643
3.01788
3.1053
3.1157
3.11276
3.11449
3.04413
3.01298
3.0246
3.01775
2.98976
2.99912
3.0872
2.93513
2.87507
3.03032
2.88074
2.91213
2.87665
2.75254
2.74893
3.05443
3.13911
2.9393
2.72118
2.62594
2.44246
2.36583
2.31798
2.38271
2.58107
2.89209
3.22003
3.43021
3.45092
3.20725
3.00397
3.04351
3.04958
3.06108
3.13487
3.07545
3.02586
2.98464
3.02997
3.00845
3.0211
3.08745
2.90702
2.83994
3.04471
2.86312
2.93348
2.99137
2.72249
2.86991
3.19298
3.17403
2.9384
2.73571
2.59284
2.51116
2.43014
2.34511
2.36921
2.51399
2.79968
3.14496
3.34385
3.33631
3.10696
2.91512
2.9896
3.03059
3.07803
3.11002
3.06468
3.04633
2.9871
3.00686
3.00565
3.03539
3.07414
2.89299
2.84604
3.01853
2.89315
2.91632
3.01676
2.74104
2.96282
3.11623
2.99429
2.76785
2.68864
2.65366
2.5632
2.45051
2.3596
2.35128
2.43547
2.71277
3.08099
3.22507
3.1926
2.9936
2.88339
2.93177
3.05902
3.05226
3.03763
3.09252
3.09809
2.99981
2.99672
3.0091
3.00943
3.08775
2.88764
2.83729
2.97591
2.91302
2.83397
2.97873
2.70032
2.9936
3.01621
2.92863
2.65645
2.64199
2.68888
2.53069
2.41624
2.351
2.32853
2.35958
2.66666
3.01424
3.12174
3.08582
3.01635
2.86338
2.83823
2.9905
3.00501
2.99974
3.07703
3.08379
3.00653
3.01328
3.03452
3.01898
3.10534
2.8657
2.8186
2.94405
2.8644
2.7992
2.90209
2.71112
2.89507
2.97989
2.9135
2.70442
2.6539
2.64594
2.51423
2.3838
2.33722
2.31125
2.40044
2.63395
2.82479
2.91758
2.92954
2.9925
2.85246
2.67408
2.84041
2.90514
2.98064
3.0679
3.03519
3.01688
3.0275
3.05601
3.04114
3.0894
2.86862
2.80766
2.92542
2.78624
2.72172
2.80705
2.69449
2.80092
2.92808
2.93044
2.76299
2.65228
2.57601
2.56865
2.44576
2.343
2.38937
2.48473
2.55922
2.71773
2.78717
2.85362
2.99768
2.90319
2.63813
2.75313
2.97296
3.04121
3.05959
3.04662
3.06334
3.06151
3.07933
3.02222
3.1011
2.85756
2.79121
2.89026
2.77966
2.64177
2.76775
2.64792
2.60402
2.78719
2.9447
2.80828
2.66453
2.6855
2.65401
2.4558
2.35067
2.38867
2.49867
2.6184
2.78917
2.90332
2.92849
3.00357
2.93217
2.7054
2.7999
2.9047
3.01616
2.98981
3.02801
3.07752
3.0768
3.05035
3.03407
3.10476
2.82935
2.81933
2.90331
2.85751
2.76861
2.78743
2.74857
2.63226
2.66014
2.83133
2.76414
2.74715
2.75711
2.62816
2.4408
2.4063
2.43085
2.54903
2.69011
2.85713
2.98419
3.07527
3.0151
2.92009
2.72765
2.77043
2.87237
3.09382
3.04435
3.01746
3.02626
3.0467
3.05293
3.03901
3.07613
2.86622
2.82313
2.91308
2.87428
2.88392
2.83433
2.86446
2.82547
2.70058
2.7418
2.75078
2.76321
2.74889
2.55375
2.41783
2.44396
2.48456
2.57231
2.72996
2.91742
3.04892
3.09463
3.09261
2.93107
2.87252
2.78534
2.91686
3.0993
3.09537
3.05159
3.01607
3.03445
3.06976
3.0621
3.0901
2.81636
2.77356
2.86312
2.84433
2.93471
2.86628
2.90159
2.91525
2.8317
2.8508
2.84937
2.84005
2.76484
2.473
2.32247
2.41547
2.49262
2.5759
2.77764
3.00959
3.12905
3.15389
3.09613
2.89144
2.86413
2.83087
2.95769
3.05301
3.10029
3.05958
3.0051
3.00613
3.04601
3.03415
3.08768
2.84146
2.79318
2.87992
2.82039
2.94263
2.88777
2.84678
2.79837
2.77872
2.84734
2.84958
2.82217
2.68211
2.40067
2.30387
2.4081
2.52679
2.65057
2.83034
3.05097
3.19909
3.28383
3.14328
3.05704
2.92282
2.88268
3.03982
3.08907
3.096
3.0555
2.98748
2.99321
3.04374
2.99613
3.07457
2.86635
2.79518
2.85724
2.80947
2.88163
2.85799
2.81277
2.75401
2.72368
2.70034
2.79299
2.76311
2.67463
2.43547
2.32791
2.41152
2.56999
2.72652
2.88525
3.07472
3.22151
3.33185
3.19408
3.13028
2.96776
2.97037
3.11461
3.13439
3.08212
3.05143
2.98869
3.01299
3.04048
2.9982
3.08136
2.85699
2.76321
2.83616
2.82797
2.9107
2.86761
2.86065
2.84256
2.79974
2.75592
2.7741
2.69693
2.60336
2.4139
2.34191
2.41799
2.60227
2.79328
2.94345
3.07213
3.25937
3.40239
3.32025
3.20791
3.02856
3.05749
3.12785
3.15463
3.05279
3.03077
2.99329
2.96966
2.99232
2.97444
3.04686
2.83702
2.81433
2.89954
2.80138
2.90931
2.84164
2.80644
2.79639
2.79359
2.78738
2.74152
2.73123
2.59221
2.36106
2.28633
2.37816
2.57998
2.83655
3.01909
3.13629
3.34572
3.52364
3.47977
3.32945
3.17004
3.1471
3.15361
3.14941
3.01044
3.05895
3.03802
2.9824
2.96592
2.95696
3.01831
2.82585
2.83965
2.92949
2.81858
2.93884
2.85803
2.78005
2.82237
2.81308
2.76608
2.68408
2.68274
2.62498
2.37187
2.26889
2.36479
2.57119
2.83133
3.05583
3.23802
3.48928
3.62526
3.62725
3.48606
3.27837
3.2288
3.20855
3.13741
3.08462
3.04591
3.0108
3.00353
3.00513
2.94325
3.02781
2.83814
2.82962
2.92108
2.83104
2.892
2.87354
2.85219
2.87586
2.78114
2.75582
2.70711
2.63087
2.57441
2.36981
2.30019
2.37093
2.54496
2.79167
3.02173
3.26842
3.52905
3.64993
3.66138
3.5266
3.33581
3.30665
3.21864
3.09322
3.07144
3.03072
2.99033
3.01399
3.04456
2.98534
3.03448
2.86017
2.87727
2.95269
2.83951
2.89776
2.94065
2.963
2.88587
2.82234
2.73188
2.72458
2.52211
2.52063
2.3591
2.32078
2.39756
2.51916
2.70239
2.94803
3.24252
3.47669
3.52923
3.48305
3.43692
3.31489
3.26696
3.14298
2.97114
3.05937
3.01804
3.00062
2.99938
3.0819
3.06199
3.0436
2.85492
2.89719
2.94145
2.85206
2.88838
2.89733
2.91413
2.91856
2.85111
2.78001
2.68678
2.51442
2.41707
2.3141
2.35039
2.44123
2.52421
2.66838
2.83394
3.13916
3.40717
3.37104
3.31337
3.29644
3.23857
3.2361
3.09947
2.98046
3.0405
3.02765
2.99275
2.99446
3.0851
3.04064
3.05641
2.85203
2.90033
2.90673
2.87637
2.88658
2.89587
2.88879
2.89383
2.87314
2.87306
2.64588
2.4779
2.38264
2.32804
2.38581
2.5412
2.63511
2.6928
2.80216
2.97392
3.22909
3.19553
3.12207
3.11558
3.07081
3.16407
3.12496
2.98481
3.03587
3.01147
2.98605
2.94908
3.03389
3.01083
3.06905
2.86364
2.946
2.95709
2.90418
2.94152
2.96655
2.91686
2.91192
2.92246
2.87422
2.71693
2.59653
2.43845
2.29245
2.41002
2.62426
2.70918
2.76177
2.85109
2.92465
3.04929
2.98169
2.90061
2.87577
2.90204
3.03883
3.08375
3.01923
3.03104
3.0296
2.97662
2.96715
3.04372
3.00416
3.05416
2.86386
2.91099
2.93834
2.89217
2.93078
2.9386
2.88691
2.91615
2.96857
2.85948
2.70581
2.53212
2.43354
2.34712
2.44668
2.72764
2.79127
2.83724
2.92301
2.98118
3.02462
2.89962
2.80055
2.7091
2.84538
3.01158
3.1027
3.02469
2.95895
3.04512
2.99897
2.96764
3.0374
3.03105
3.06124
