2.79811
2.79811
2.79811
2.79811
2.79811
2.79811
2.79811
2.79811
2.79811
2.79811
2.79811
2.79811
2.79811
2.79811
2.79811
2.79811
2.79811
2.79811
2.79811
2.79811
2.79811
2.79811
2.79811
2.79811
2.79811
2.79811
2.79811
2.79811
2.79811
2.79811
2.79811
2.79811
2.79811
2.79811
2.79811
2.79811
2.79811
2.79811
2.79811
2.79811
2.79811
2.79811
2.79811
2.79811
2.79811
2.79811
2.79811
2.79811
2.79811
2.79811
2.79811
2.79811
2.79811
2.79811
2.79811
2.79811
2.79811
2.79811
2.79811
2.79811
2.79811
2.79811
2.79811
2.79811
2.79811
2.68324
2.76623
2.70942
2.52864
2.55831
2.85071
2.88434
2.73313
2.46938
2.47347
2.47
2.46696
2.42251
2.6024
2.54833
2.51352
2.44654
2.68417
2.72516
2.63382
2.45231
2.43193
2.42097
2.41312
2.40429
2.46354
2.53553
2.63684
2.52485
2.45888
2.53762
2.53596
2.51085
2.73135
2.81783
2.8147
2.585
2.70159
2.73846
2.69463
2.51888
2.77175
2.85012
2.7901
2.63521
2.86748
2.96131
2.85987
2.51585
2.49138
2.48685
2.47951
2.47087
2.47692
2.52614
2.54408
2.50367
2.48057
2.47805
2.46856
2.43621
2.4696
2.54976
2.62771
2.68324
2.61359
2.74488
2.57583
2.53711
2.61145
2.64249
2.51162
2.52533
2.52
2.52193
2.52273
2.52463
2.51066
2.49075
2.47977
2.58994
2.53065
2.50056
2.50772
2.50795
2.51257
2.50725
2.48298
2.46592
2.47802
2.48077
2.46785
2.45836
2.48479
2.48724
2.49913
2.50461
2.51913
2.52487
2.55889
2.60513
2.54699
2.54288
2.54479
2.54089
2.54282
2.55052
2.60318
2.62157
2.58601
2.5864
2.6049
2.64289
2.58986
2.58554
2.58263
2.57071
2.59015
2.60925
2.67397
2.66832
2.5657
2.5892
2.56427
2.61413
2.70354
2.74823
2.57466
2.54665
2.61359
2.63795
2.68509
2.58446
2.57389
2.60796
2.65455
2.58017
2.57867
2.64782
2.6861
2.58874
2.56145
2.58447
2.58769
2.56611
2.5546
2.5543
2.55649
2.56999
2.56552
2.56778
2.56963
2.54284
2.52706
2.5281
2.63828
2.56226
2.54766
2.54147
2.54242
2.58792
2.64731
2.67626
2.68154
2.62402
2.61145
2.62002
2.62982
2.62569
2.5976
2.586
2.58377
2.59383
2.61008
2.62853
2.6334
2.62634
2.62348
2.60573
2.60094
2.5945
2.58827
2.57767
2.57029
2.60196
2.67949
2.67974
2.72517
2.63192
2.59514
2.60362
2.60984
2.62805
2.63779
2.63795
2.62933
2.63036
2.64795
2.59972
2.68385
2.5873
2.63581
2.61435
2.70363
2.62052
2.64757
2.58734
2.57677
2.65054
2.58746
2.65739
2.59506
2.58967
2.67448
2.62238
2.60702
2.6874
2.57718
2.63223
2.55938
2.62026
2.56689
2.59001
2.55613
2.55748
2.57896
2.57892
2.56621
2.55612
2.56249
2.60593
2.58832
2.58475
2.58658
2.72284
2.61027
2.77936
2.6065
2.59577
2.60912
2.61238
2.6549
2.62845
2.722
2.63445
2.6047
2.58228
2.56879
2.56835
2.64132
2.58351
2.61151
2.67391
2.58164
2.6114
2.7721
2.64385
2.65479
2.63554
2.62933
2.59036
2.59441
2.60961
2.59749
2.59478
2.60844
2.59119
2.55947
2.54506
2.52683
2.54527
2.57149
2.5669
2.56004
2.58843
2.62681
2.61126
2.6167
2.8158
2.65514
2.62545
2.61121
2.57675
2.57859
2.56602
2.60422
2.57258
2.59402
2.57577
2.56384
2.59878
2.59823
2.57576
2.58647
2.6771
2.65424
2.58808
2.6012
2.622
2.75286
2.65059
2.63427
2.59896
2.60003
2.72651
2.61618
2.64463
2.64534
2.6426
2.64181
2.61905
2.59337
2.59268
2.66848
2.55464
2.52489
2.56285
2.56776
2.54233
2.58969
2.604
2.61584
2.60815
2.61245
2.59036
2.67733
2.56095
2.55188
2.5538
2.57178
2.5446
2.52989
2.51805
2.53196
2.52237
2.524
2.56263
2.65754
2.57937
2.56953
2.66699
2.60245
2.54204
2.55021
2.55648
2.55795
2.55921
2.56704
2.52719
2.50076
2.54676
2.58785
2.69879
2.62312
2.57468
2.58149
2.55315
2.5291
2.52175
2.56399
2.56153
2.57146
2.63544
2.65609
2.57017
2.63575
2.57771
2.58964
2.60086
2.53573
2.56014
2.56322
2.62362
2.67264
2.78356
2.58394
2.55972
2.54215
2.56362
2.52286
2.54631
2.61998
2.60877
2.64259
2.58059
2.58066
2.60071
2.60622
2.60067
2.67733
2.5017
2.47684
2.46803
2.46019
2.46167
2.45853
2.4666
2.51477
2.57287
2.63176
2.63433
2.51142
2.4777
2.49055
2.49901
2.49488
2.61574
2.43674
2.40274
2.42596
2.47005
2.50999
2.52697
2.45258
2.44484
2.49647
2.64529
2.65191
2.71806
2.52666
2.49119
2.49925
2.46505
2.46792
2.50439
2.55364
2.5679
2.58521
2.61711
2.52272
2.48396
2.49072
2.54075
2.53228
2.48711
2.54137
2.52202
2.47475
2.45505
2.48332
2.55264
2.55852
2.54647
2.54176
2.56444
2.55645
2.53717
2.5095
2.58722
2.65995
2.52398
2.54867
2.62524
2.60654
2.5017
2.43825
2.44433
2.44279
2.46345
2.51851
2.38212
2.35872
2.51376
2.53414
2.36506
2.36111
2.33978
2.31765
2.28048
2.22284
2.2746
2.28413
2.22387
2.24889
2.28051
2.3297
2.33155
2.38068
2.35631
2.33786
2.42749
2.57715
2.52859
2.45453
2.43583
2.49511
2.43693
2.41661
2.45497
2.49521
2.44533
2.49176
2.49705
2.45824
2.55531
2.63441
2.59822
2.43972
2.4003
2.34942
2.51309
2.44971
2.42443
2.43246
2.47499
2.52163
2.61669
2.55138
2.56449
2.43335
2.48391
2.4739
2.45932
2.45282
2.47145
2.46027
2.48411
2.45851
2.44728
2.43825
2.4612
2.42595
2.35017
2.3136
2.55162
2.41324
2.24114
2.25735
2.27051
2.30064
2.27484
2.34231
2.27918
2.27378
2.60714
2.63622
2.25126
1.60785
1.82131
2.06619
2.06684
2.13565
2.09982
2.14277
2.17448
2.26184
2.32735
2.32802
2.37804
2.38723
2.36915
2.39695
2.39672
2.42277
2.53825
2.31139
2.23882
2.22204
2.22884
2.3378
2.29482
2.37115
2.43024
2.33641
2.50146
2.39022
2.32976
2.51728
2.56192
2.50635
2.54665
2.58249
2.51637
2.46022
2.41429
2.43674
2.41602
2.43643
2.46648
2.50353
2.63377
2.53288
2.62834
2.5493
2.4612
2.34816
2.42855
2.31222
2.32975
2.32664
2.25031
2.19171
2.16169
2.03604
2.20618
2.33082
2.31469
2.19213
2.179
2.53163
2.41429
2.05867
1.88524
1.42201
1.67549
2.15843
1.98536
1.88305
2.02523
2.03651
2.17609
2.22734
2.23157
2.44569
2.47276
2.28727
2.36098
2.40736
2.31892
2.29577
2.27023
2.27417
2.18711
2.17618
2.18094
2.15085
2.18876
2.29463
2.2327
2.5581
2.41381
2.22315
2.23034
2.28282
2.35045
2.32643
2.34604
2.37617
2.6025
2.46068
2.46079
2.36129
2.46705
2.37204
2.46158
2.28462
2.27697
2.35207
2.58021
2.34816
2.40154
2.29035
2.18185
2.28994
2.19338
2.18707
2.20367
1.96566
1.87557
2.27518
2.32431
2.55921
2.65547
2.50739
2.29638
2.1183
1.90243
2.1653
2.06328
2.25187
2.32886
2.3101
2.00324
2.06216
2.07302
2.17552
2.14489
2.45189
2.2462
2.45251
2.36381
2.34712
2.20706
2.18381
2.17542
2.17703
2.40569
2.23686
2.18532
2.17613
2.04901
1.97202
2.01132
1.97121
1.99884
2.29363
2.09121
2.21626
2.2355
2.28719
2.37954
2.33849
2.43881
2.50846
2.65913
2.57571
2.49537
2.3814
2.33369
2.38157
2.20026
2.25175
2.28924
2.3007
2.40154
2.2487
2.14995
2.23067
2.36568
2.1763
2.11466
1.99129
2.02915
2.05621
2.30145
2.64956
3.14256
3.21487
3.07828
2.07542
1.35449
0.883362
2.21391
2.79497
2.99541
2.73662
2.58562
2.24169
2.1296
2.33553
2.083
2.18513
2.15988
2.27535
2.22916
2.19255
2.19308
2.15128
2.22607
2.22421
2.26844
2.06269
2.03679
1.96644
2.30534
1.74299
1.75554
1.75354
1.81637
2.05912
2.27809
2.21838
2.25478
2.28299
2.33079
2.25091
2.35952
2.40446
2.30913
2.26173
2.47861
2.406
2.59054
2.23914
2.39906
2.26436
2.31278
2.07969
2.16409
2.2487
2.27127
2.08372
1.98852
2.06692
2.00209
2.03408
1.87706
1.79774
2.36286
2.36679
2.52688
2.94202
3.00002
3.02369
2.47708
1.55544
1.57057
2.05022
2.3127
2.71845
2.7229
2.5379
1.99711
1.5786
1.89321
2.07284
2.093
2.01608
2.12854
1.96643
1.99629
1.93967
2.03692
1.99786
1.8699
1.84068
1.88435
1.70479
2.03996
2.43898
1.63208
2.07179
1.27406
1.59196
2.00914
2.24226
2.38901
2.29857
2.16144
2.41131
2.23781
2.30513
2.23954
2.29806
2.2444
2.20579
2.1008
2.06983
1.97404
1.83762
1.80479
1.89689
2.02621
2.23512
2.27127
2.02783
2.00584
2.0088
2.12871
2.13078
2.05414
2.02641
2.48522
2.81413
2.68742
2.18005
2.52847
2.69347
2.61837
1.88119
-0.445051
0.643587
1.51118
2.00081
2.61031
2.33811
1.97465
2.16461
1.84897
2.02672
2.08952
1.96149
1.89624
1.7961
1.83009
1.90314
1.9109
1.76151
1.48386
1.45938
1.60403
0.995259
1.79233
1.92396
1.92543
2.10367
2.29256
1.58947
1.32921
1.78925
1.69602
1.88738
1.9946
2.17984
2.12564
2.23278
2.36617
2.13322
2.31586
2.47431
2.41767
2.41946
2.13864
2.02737
1.76411
1.66462
1.85378
1.95744
2.20848
2.02783
2.24364
2.36218
2.2241
2.5216
2.61773
2.58981
2.57288
2.8059
2.95297
2.91623
2.29675
2.01523
1.7867
1.49299
0.731539
-5.27466
0.171375
1.05117
1.44196
2.1058
1.79985
2.20465
2.03407
1.74026
1.80214
1.73851
1.73395
1.9363
1.76006
1.7091
1.69679
1.76447
1.59623
2.14115
2.22411
2.49243
2.38052
2.36485
2.4607
1.62205
1.25084
0.919823
2.17536
1.64234
2.04284
1.46163
1.75008
1.84617
1.9553
1.92037
2.05647
2.17313
2.2997
2.31867
2.07602
2.17587
2.19386
2.41305
2.52437
2.00434
1.67373
1.8145
1.93287
2.08997
2.24364
2.62134
2.45272
2.56383
2.57159
2.63189
2.58601
2.44113
2.75449
3.02025
2.95511
2.73212
2.36156
1.9242
0.981365
-5.27466
-5.27466
-0.55098
1.00198
1.46195
1.54248
1.58165
1.71207
1.62542
1.54846
1.616
1.56961
1.57241
1.61593
1.69545
2.19379
1.82753
1.9164
2.13161
2.59046
2.49913
2.92347
2.81737
2.70987
2.68179
1.80177
1.55073
1.63071
2.24003
1.76156
2.11478
1.79145
1.78526
1.72862
1.90316
2.18934
2.25619
2.31133
2.26435
2.25916
2.31704
2.34479
2.19448
2.86764
3.17254
2.63138
2.28791
1.96387
2.41304
2.51678
2.62134
2.31806
2.50047
2.50253
2.48869
2.63243
2.33139
2.3547
2.31633
2.73434
3.00743
2.9896
2.51601
2.29738
1.21103
0.379622
1.14929
-0.712416
0.202121
1.59758
1.3242
1.78151
1.52456
1.2428
1.43766
1.37365
1.35206
1.2883
1.39422
1.86373
2.09471
2.00365
2.17764
2.14712
2.56543
2.39491
2.84711
2.93415
2.79296
2.8525
2.55281
2.4498
2.24553
2.70397
2.10369
2.32798
2.49558
1.98173
1.92835
1.76257
1.93499
2.09327
2.2038
2.3136
2.38784
2.32814
2.48242
2.55849
3.26104
3.468
2.71184
2.36518
2.12787
2.41147
2.45937
2.31806
1.96688
2.02357
2.1204
2.11429
2.10955
2.19272
2.09003
2.81939
3.71795
2.31667
2.76771
2.76844
2.49908
1.24512
1.53333
1.6753
1.15518
0.768608
1.18981
0.861223
1.99346
1.55108
1.27142
1.50031
1.35114
1.21052
1.15451
1.16838
1.19259
1.07364
1.26751
1.86213
2.13547
2.4121
2.02481
2.23484
2.70891
2.63883
2.94936
2.87395
2.92618
2.566
3.01527
2.10495
2.2668
1.95798
1.58325
1.50483
1.68567
1.69659
1.75522
1.9348
2.20195
2.15614
2.1359
2.58878
2.44444
3.17642
3.13
2.57516
2.1719
2.09274
1.82659
1.77029
1.96688
1.83673
2.19385
2.1712
2.04451
2.28414
2.32043
2.40969
3.05214
3.3275
2.96594
2.44654
2.79484
2.3674
0.983071
2.07711
1.53803
1.31743
-0.495362
0.758537
-0.548849
1.9229
1.71091
1.29905
1.68736
1.47644
1.2373
1.1111
0.989561
0.771489
1.65145
1.14828
1.73803
2.09043
2.04909
1.77928
2.238
2.40132
2.59208
2.74408
2.71934
2.83535
2.55243
2.94982
2.39366
2.5526
1.72339
1.2954
1.75118
1.69903
1.68915
1.65395
1.67905
1.65531
1.58402
1.62555
2.01935
2.34981
2.97745
2.63029
1.86593
1.57712
1.19008
1.73412
1.76898
1.83673
1.6744
1.89652
1.85408
2.02555
2.09994
2.10626
1.65235
2.6178
3.36413
2.20691
2.50215
2.68187
1.96943
2.45436
2.6156
1.71367
1.68722
0.803845
-5.27466
-5.27466
1.75073
0.64815
1.61651
1.14692
1.77733
1.52716
1.26687
1.08489
-5.27466
1.35867
0.316425
1.58046
1.76987
1.98872
2.28199
2.07839
2.13551
2.59781
2.22422
2.55307
2.60385
2.58996
2.76155
2.49551
2.40085
1.76189
1.61578
1.86429
1.77202
1.64438
1.44053
0.535182
1.80101
1.62802
1.4305
1.23272
1.17448
2.47628
2.2684
0.53729
0.406372
0.862315
1.83616
1.84262
1.6744
1.69133
1.79739
1.79329
1.8358
1.89201
1.6833
1.14203
1.14084
2.62989
1.90836
2.57094
2.4958
2.28963
3.18146
2.97648
1.8303
1.66135
1.08046
-5.27466
-5.27466
0.876073
-0.789256
1.1627
1.09371
0.211116
1.71461
1.65532
1.4254
0.556502
-0.494657
0.249422
1.62085
1.7699
2.01218
2.22324
2.12096
2.17325
2.38641
2.05096
2.38738
2.26774
2.53194
2.47479
2.5151
2.21433
2.04711
1.77779
2.0364
1.93413
1.70761
1.39444
1.16819
0.869036
0.24689
1.42903
1.25882
0.620154
1.89773
1.88189
-5.27466
-0.437094
0.330099
1.84573
1.53365
1.69133
1.62691
1.60053
1.58819
1.59929
1.56324
1.21904
0.503282
0.573893
1.10294
0.858643
2.79038
2.52993
1.93749
3.01564
2.34233
2.37645
1.62996
1.4923
1.04954
1.57808
0.872585
-0.233738
1.56733
1.03062
-0.673151
1.33056
1.90151
0.809072
-0.771891
-5.27466
0.567792
1.47705
1.26609
1.8343
1.99568
2.08179
2.18116
1.9141
2.04666
2.18077
2.30615
2.26925
1.93944
2.12599
1.58524
1.86842
1.93444
1.95711
1.91079
1.79753
1.85123
1.87171
1.53443
1.14092
-2.33368
-5.27466
0.816062
0.791625
0.853242
0.841416
0.977004
1.30562
1.77135
1.60064
1.62691
1.61947
1.54979
1.52554
1.39073
1.65621
1.06925
-0.200883
1.00086
2.3331
2.27279
2.95399
2.59352
2.81943
2.58116
2.42516
2.57007
1.76353
1.46972
0.854104
1.72654
1.3178
-0.383485
0.9759
1.56449
-1.81542
-1.52799
0.809116
1.43424
-5.27466
-0.509328
0.290667
0.79089
1.51944
1.39318
1.9029
1.90583
2.05237
2.04146
1.9935
2.08517
2.3766
2.11597
1.34833
1.49186
1.58489
1.72543
2.02071
1.26403
2.15043
2.72803
2.11009
1.37319
1.53713
1.24983
-5.27466
-0.644679
1.13187
1.17473
1.17202
1.23517
1.41836
1.58851
1.70784
1.62064
1.61947
1.67369
1.6165
1.52448
-0.749947
1.92907
0.829469
0.698934
1.60025
2.60539
2.96515
3.10138
3.02508
3.14743
2.48274
2.69949
2.4641
1.85154
0.933343
0.830112
1.64884
2.01716
0.519087
0.744243
1.04835
1.04577
-5.27466
0.359474
-0.747847
-0.938671
-5.27466
0.825315
1.55375
1.86145
1.58086
1.71887
1.74621
2.58783
2.53089
2.26003
1.98318
2.10939
1.78323
0.860614
0.899713
1.22454
1.66114
1.66785
2.5434
2.59898
2.60252
2.27381
0.690473
1.24848
1.73954
1.22183
0.425264
0.138323
1.14712
-0.263103
0.740197
1.61629
1.6536
1.67263
1.64846
1.67369
1.05955
1.15983
1.30001
-0.0397889
1.70962
0.49915
1.98781
2.6744
2.92523
2.98643
3.13401
3.04099
2.62739
2.47152
2.77638
2.7489
0.765734
1.76656
2.28524
-5.27466
2.3816
0.305724
1.21681
-5.27466
0.332256
-5.27466
-5.27466
0.269307
0.711527
0.404927
1.64607
1.66666
1.91893
1.80779
1.69526
2.04498
2.88527
2.5199
2.47598
2.00216
1.91517
1.98929
1.01183
1.27842
1.39926
1.78877
1.35134
2.54925
2.40626
2.31421
2.38342
1.33602
1.58014
2.16454
2.25153
1.6213
-0.45727
1.14253
0.792074
-0.522327
0.72426
1.61356
1.63813
1.56694
1.05955
1.2988
0.934631
1.34354
0.62765
1.67776
1.96691
2.5494
2.89346
3.06436
3.09593
3.15947
2.93658
1.53879
2.59559
2.82653
2.66299
1.90781
2.34455
0.00107713
-5.27466
0.695648
1.99743
2.72881
-5.27466
1.12062
-5.27466
-0.32753
0.579311
-5.27466
-5.27466
1.00436
0.873563
1.58875
1.4351
1.80227
2.67669
2.75395
2.59399
2.59762
2.10309
2.11944
1.99446
1.11601
1.63738
1.70815
1.49131
1.59611
2.6499
2.62445
2.29998
1.97573
1.96815
2.19016
2.37519
2.76761
2.15065
1.79505
1.65363
0.952259
0.502952
0.895749
1.24994
1.49462
1.62017
1.2988
1.47768
1.86083
2.26187
1.40176
2.1605
2.30098
2.60719
2.94833
3.13256
3.09763
3.09244
2.85922
2.10993
2.10495
2.67835
2.67213
2.18625
2.13113
2.3586
-5.27466
-1.71256
1.67811
1.06606
-1.13633
-5.27466
-5.27466
-5.27466
-5.27466
-5.27466
-0.600334
-5.27466
-0.0277019
1.16632
1.28607
2.04551
2.62066
2.38939
2.66616
2.66673
2.55708
2.61166
2.44166
1.48389
1.55474
1.88052
0.891715
2.08515
2.77084
2.58168
2.51718
2.16389
2.09329
2.21576
2.54528
2.76907
2.26501
2.32224
2.28352
2.31328
1.62397
0.789426
1.0295
1.32766
0.904689
1.47768
2.9468
2.89719
2.27142
1.73801
2.66576
2.57669
2.77251
3.10905
3.1852
3.03526
3.2309
2.8939
2.44149
2.43513
2.7659
2.52084
2.09904
1.26508
1.06361
-1.80149
2.00151
2.25095
0.67788
-5.27466
-2.16289
-5.27466
-0.735053
-5.27466
-5.27466
-5.27466
0.784601
0.0254591
1.62579
1.71586
2.17903
2.51988
2.53572
2.57708
2.59083
2.53604
2.70152
2.61667
1.10624
1.74854
1.85791
1.58001
2.3906
2.81373
2.64988
2.70453
2.29526
2.34108
2.50926
2.65924
2.64411
2.06334
2.45765
2.21672
2.57929
2.06766
1.2539
-0.361587
1.79183
2.20875
2.9468
3.03544
2.78482
2.5155
1.67851
2.7368
2.59883
2.92231
3.09143
3.13317
2.94022
3.17432
3.05145
2.7217
2.82789
2.69728
2.25294
1.76227
1.14759
0.341114
1.04036
2.10154
2.02315
-5.27466
-5.27466
-5.27466
-0.989201
-5.27466
-5.27466
-5.27466
-5.27466
-0.732938
0.331068
1.61563
1.91225
2.51359
2.69644
2.51323
2.64675
2.70574
2.43615
2.10199
2.00591
1.65321
0.84835
0.896121
1.65143
2.1886
2.68143
2.76215
2.89269
2.50968
2.55223
2.48855
2.57785
2.86501
2.45076
2.53393
2.26784
2.27007
1.98317
1.57333
0.722279
2.414
2.82931
3.03544
2.78366
2.78828
2.78637
2.23659
2.53981
2.45838
2.77937
2.81556
2.93231
2.8129
3.00971
3.04684
2.78886
2.72522
2.68406
1.69566
1.16724
0.28603
0.512011
1.45251
1.91216
2.01024
0.953785
0.269844
-5.27466
0.468581
-5.27466
-5.27466
-5.27466
-5.27466
0.339003
1.53116
2.15585
1.9505
2.4775
2.55677
2.54753
2.46083
2.7422
2.31794
1.95541
1.70769
1.13273
0.571241
0.473188
1.1833
1.42093
2.02399
2.74113
2.96633
2.86555
2.93452
2.56705
2.61433
2.70795
2.55949
2.61617
2.3584
1.74636
1.7392
1.83874
2.32238
2.8207
2.67457
2.78366
2.7003
2.8566
2.868
2.63316
2.52269
2.22903
2.53669
2.66665
2.81952
2.78765
2.93631
2.9855
2.79428
2.57792
2.8628
1.6781
1.23998
0.778806
1.03616
1.80702
1.81948
1.90993
0.434235
1.0227
0.116694
0.697686
-5.27466
-5.27466
-5.27466
-1.21546
1.49933
2.06365
2.49772
2.36085
2.41295
2.69517
2.29941
2.36942
2.44614
2.20269
1.73622
1.49803
1.34903
0.990439
0.755087
-5.27466
1.08503
0.952139
1.84637
2.50143
2.97405
3.06175
2.847
2.76253
2.8636
2.75117
2.69145
2.18333
1.22493
1.58067
1.78352
2.38743
2.70254
2.4535
2.7003
2.43936
2.88156
2.86162
2.66532
2.3493
1.5251
2.32535
2.57357
2.75341
2.81829
2.9588
2.91159
2.66322
2.68286
3.06908
1.89607
1.25137
1.06753
1.99365
2.31149
2.08149
1.56861
0.889412
0.706529
0.9925
1.06986
-5.27466
0.22862
-0.44129
1.44682
2.23467
2.59294
2.47103
2.31362
2.4314
2.58248
2.42707
2.30811
1.9208
1.68643
1.31537
1.47899
0.915586
1.23374
1.27565
1.26921
0.901311
0.511546
0.923215
1.70549
2.76915
3.14425
3.01718
2.78131
2.83606
2.84614
2.66449
1.97763
1.38531
1.12226
1.03298
1.78978
2.17793
2.15032
2.43936
2.0751
2.40788
2.60642
2.65197
2.21599
0.785219
1.68879
2.31103
2.6349
2.76251
2.77402
2.72635
2.4507
2.67076
2.97098
1.87017
1.79478
1.88258
2.44378
2.19753
1.46595
1.47529
0.759981
0.354342
0.526308
-5.27466
0.797278
0.928436
0.838242
1.76591
2.2483
2.34684
2.03354
1.98786
2.27519
2.30461
2.53682
2.24591
2.00884
1.767
1.67244
0.673263
1.29006
1.31053
1.32966
1.36906
1.30715
1.23825
1.10938
1.11129
2.69402
3.13124
2.92345
2.56434
2.66759
2.59081
2.29017
1.94262
1.72017
1.0531
1.50971
1.31719
1.48173
1.57446
2.0751
1.54186
1.6952
2.27605
2.65734
2.10652
1.39514
1.09129
1.21234
1.70795
1.98031
2.18293
2.17887
1.84308
2.04753
2.42152
2.38984
2.33933
2.13132
2.16899
1.84627
1.52636
1.38245
1.24654
1.4615
0.337037
-0.124394
-0.674524
0.590419
0.946402
1.7328
1.81095
1.49358
1.11818
1.6746
1.95924
1.80995
2.19314
2.16427
1.72036
1.79492
1.02609
1.22402
1.29815
1.32924
1.37204
1.44498
1.44104
1.33386
1.44985
1.70384
2.76892
3.03198
2.60997
2.23287
2.06232
1.83706
1.67628
1.69822
1.51062
0.381403
1.34047
1.52933
1.82295
1.25683
1.54186
1.57109
1.41917
1.30935
1.65828
1.9068
2.2914
1.91122
1.85948
1.89376
1.36088
1.22986
1.43305
1.30715
1.52045
2.06329
2.57677
2.33272
1.94958
1.54044
1.84186
1.71723
0.857222
1.13787
0.348176
0.150654
-0.753799
0.204397
0.0363101
0.771687
1.22601
1.298
0.861224
1.07164
1.77231
1.88092
1.71696
2.11721
2.25892
1.86122
1.99251
0.893394
1.25537
1.26138
1.32792
1.38427
1.44864
1.48436
1.54468
1.79432
1.91358
2.69038
2.9847
2.65837
2.04046
2.17826
2.33794
2.07645
2.03322
1.06984
0.121517
1.29421
1.77961
1.66922
1.59004
1.57109
1.91706
1.50502
1.36533
1.53352
2.19351
2.00696
1.91093
1.68371
1.59322
1.29409
1.15419
1.02518
1.35907
1.358
1.10015
1.62339
1.41801
1.59395
1.62979
1.85594
1.38156
-0.464434
0.633482
0.755822
0.154951
0.322077
0.930378
1.66505
1.47423
1.26368
1.54867
1.24809
1.38178
1.51287
1.92319
1.89256
2.08518
2.06725
1.80737
1.87935
0.630634
1.1385
1.22508
1.35792
1.48904
1.57424
1.68072
1.78414
1.93864
2.35064
2.97488
2.88763
2.54113
2.20178
2.24514
2.18942
2.39849
2.20916
1.19439
0.799677
1.22916
1.72179
2.10655
1.92813
1.91706
2.04247
1.92915
1.23863
1.81218
2.2212
2.09885
2.24166
1.91125
2.0748
1.23518
0.226778
0.456309
1.62383
1.29291
1.78992
1.60118
0.40847
0.54571
1.60981
2.14288
0.97908
1.0172
1.00836
-0.301248
0.659366
0.803274
1.30624
1.82275
1.84903
1.43571
1.72247
1.19674
0.978516
1.53282
1.95779
1.94761
2.1109
1.92744
1.92503
2.15358
1.56885
1.24259
1.37139
1.55314
1.71278
1.75381
1.87656
1.9603
2.22142
2.94398
2.94295
2.73908
2.23687
1.99612
1.94624
1.85083
1.85541
1.95451
1.92844
1.48472
1.12651
1.84911
2.32204
1.87041
2.04247
1.6242
1.70091
1.78309
1.84226
1.99174
1.87158
1.80195
1.70848
2.14953
1.33374
1.08918
1.00427
0.959668
1.59977
2.22101
1.95188
0.235836
-0.221543
1.28252
1.9655
0.564908
1.24542
1.54676
0.209308
0.843839
0.752799
1.46066
1.9092
1.5707
1.35346
1.55569
1.66363
1.58289
1.63026
1.90563
1.98915
2.1036
2.33092
2.26143
2.32976
2.1693
1.37754
1.46537
1.68967
1.87226
1.98245
2.10835
2.11434
2.89902
2.89874
2.79118
2.54407
2.21268
1.98901
1.41754
1.48857
1.73464
1.62208
1.88638
2.11724
2.09842
2.29249
2.23383
1.78452
1.6242
1.65174
1.66537
2.15044
2.48682
2.22471
2.27061
1.50342
1.66251
2.12284
2.05874
1.42109
1.27221
0.945074
1.72556
2.18418
1.89851
1.37942
1.32905
0.714337
1.46818
2.16118
2.35613
1.75764
1.67384
0.974586
1.66141
2.25136
1.91503
1.89508
1.88682
1.88624
1.8416
1.78077
1.72347
1.8846
2.06385
2.23986
2.41374
2.40809
2.43242
2.29235
2.43956
2.56708
2.6857
2.29408
2.34038
2.51651
2.91111
2.75644
2.74377
2.63421
2.64358
2.40145
2.09261
1.67941
1.67818
1.81068
1.62172
1.97653
2.35276
2.20507
2.29298
2.19729
2.03831
1.65174
1.80516
2.16123
2.11301
2.23543
2.00292
1.4719
1.51246
1.54918
1.98507
2.25546
1.80457
1.28732
1.45513
2.02297
2.10652
1.62906
1.50443
0.798526
0.335233
1.12553
1.86307
1.88235
1.9413
1.82864
2.14901
2.3033
1.80525
2.17246
2.21368
2.2329
1.98186
1.94972
1.81424
1.58887
1.80564
2.01252
1.9506
1.96765
2.20998
2.40826
2.39736
2.37723
2.66446
2.79004
2.84851
2.78804
2.70857
2.67232
2.80195
2.80648
2.51497
2.42813
2.42071
2.21332
2.03028
1.79039
1.49279
1.15788
1.92016
2.38994
2.23403
2.0144
2.08451
1.65586
1.80516
2.18193
2.06372
1.67528
1.09684
0.53533
1.33133
1.62779
2.05546
2.34566
2.10798
2.11855
2.11276
1.68983
1.61671
1.53339
1.44751
1.58051
1.41448
1.70366
1.89126
1.8252
1.80534
1.87456
1.83877
2.03368
2.29044
2.21196
1.93571
2.20977
2.23381
2.01178
2.06357
1.81927
1.38736
1.7117
2.0158
2.12914
2.18004
2.32864
2.46266
2.60888
2.2814
2.14619
2.33345
2.36709
2.42812
2.63217
2.6587
2.70321
2.52583
2.34535
2.1511
2.14372
2.06709
1.78959
1.54799
1.38453
1.68571
1.7769
1.91362
1.7021
1.60806
1.7298
1.98585
2.18193
1.87507
1.67163
1.1935
0.947675
1.00385
1.71224
2.31275
2.30817
2.12532
2.00966
2.03253
2.13377
1.79008
1.4957
1.16243
1.36552
1.41296
1.42006
1.78322
1.61692
1.67816
1.85493
1.94624
2.12481
1.99021
2.40732
2.28066
2.35187
2.54999
2.27562
2.14864
2.04555
1.84093
1.64207
1.86424
1.97019
2.03441
2.26966
2.04061
2.09679
2.00736
2.30473
2.13567
2.01415
2.04135
2.22386
2.33175
2.31997
2.39186
2.60164
2.20885
1.80642
1.6089
1.47531
1.16846
0.888364
1.059
0.964226
1.05951
1.1285
1.51178
1.30328
1.60568
1.86454
1.87507
1.88205
1.64036
1.02618
1.02052
1.34071
2.06309
2.06892
1.91975
1.93612
1.77351
1.48512
1.58
1.61475
1.51882
1.37091
1.55622
1.47515
1.87633
2.00816
1.40491
1.66389
1.6871
1.93542
2.01348
2.26224
2.1868
2.31306
2.28358
2.29666
2.15041
2.00919
1.97251
1.93642
1.93562
1.93853
1.89608
1.65243
1.78628
2.14883
2.31592
2.22968
2.27363
2.22592
2.31669
2.38303
2.37928
2.11011
1.9736
1.9882
2.21339
1.836
1.59157
1.33829
0.823097
1.17128
1.66025
0.845711
1.4149
1.3698
1.24219
1.4504
1.38831
1.35252
1.66117
1.88205
2.1422
1.78178
1.94194
1.76533
1.50932
1.2947
1.47242
1.43154
1.47295
1.18413
0.801294
0.920751
1.20311
1.22229
1.3792
1.47837
1.50489
1.96039
1.8241
2.48131
2.47171
1.99353
1.91243
1.81261
1.74881
1.71622
2.14295
2.05448
2.02752
2.21656
2.19851
2.15009
2.16118
2.18658
2.14699
2.00442
1.7803
1.61302
1.55817
1.77175
1.8837
2.40824
2.23315
2.2354
2.05544
1.82766
1.85824
1.57684
1.61053
1.95231
1.93226
1.49797
1.28925
1.54814
1.37858
1.66593
2.05878
2.08464
2.08708
2.22857
2.0871
1.91626
1.77527
1.65861
2.1422
2.3839
1.88181
2.00339
1.89197
1.80569
1.62048
1.37076
1.65432
1.80058
1.78923
1.4154
1.46076
1.40765
1.19582
0.980015
1.30517
1.91169
2.50575
2.69909
1.89736
1.92831
1.92469
2.15157
1.93381
1.71208
1.67489
1.64813
1.61846
1.78097
1.90377
2.09994
2.09076
2.12377
2.11112
2.33682
2.36418
1.94343
1.97711
1.85014
1.81133
1.54634
1.44293
1.37744
1.0184
1.40947
1.59782
1.25606
1.06906
0.980333
1.48987
1.53623
1.66455
1.69976
1.79261
1.81024
1.63578
1.63715
1.56699
1.65328
1.9443
1.91182
1.73896
1.9388
1.52054
2.3839
2.48843
1.82893
1.92045
1.91114
1.85768
1.82789
1.89473
1.88914
1.84857
1.71531
1.71941
1.61013
1.46765
1.51032
1.61722
2.10181
2.34206
2.34516
2.38376
2.13952
2.23609
1.79632
1.94122
2.28887
2.06333
2.14305
2.25642
2.40812
2.03989
2.05259
2.3781
2.60464
2.19581
2.26899
1.89553
2.18996
2.23196
2.19984
1.91064
2.05078
2.12793
1.88638
1.52099
1.92413
1.60856
1.78593
1.79035
1.70005
1.94942
1.90677
1.86778
2.06923
1.87031
1.6744
1.69511
1.67753
2.04607
1.97466
1.74885
1.73009
1.62479
1.5488
2.05492
2.20581
2.48843
2.52907
1.68557
1.65199
1.75256
1.44811
1.57812
1.80974
2.05509
2.07203
2.07671
2.08859
1.56681
2.05523
2.53144
2.55897
2.31384
2.13039
2.19592
2.19095
2.05946
2.04163
2.53393
2.76136
2.76129
2.45217
2.44416
2.50906
2.58439
2.62429
2.66815
2.72367
2.71509
2.57745
2.61329
2.40077
2.41169
2.74233
2.84793
2.80591
2.67039
2.26651
2.2944
2.31792
2.32706
2.10102
2.00228
2.09226
2.30896
2.71182
2.51801
2.78879
2.84254
2.28387
2.18911
2.08615
1.97028
1.916
1.76836
1.65456
1.54319
1.99916
2.44223
2.53196
2.36502
2.52907
1.89744
1.89744
1.89744
1.89744
1.89744
1.89744
1.89744
1.89744
1.89744
1.89744
1.89744
1.89744
1.89744
1.89744
1.89744
1.89744
1.89744
1.89744
1.89744
1.89744
1.89744
1.89744
1.89744
1.89744
1.89744
1.89744
1.89744
1.89744
1.89744
1.89744
1.89744
1.89744
1.89744
1.89744
1.89744
1.89744
1.89744
1.89744
1.89744
1.89744
1.89744
1.89744
1.89744
1.89744
1.89744
1.89744
1.89744
1.89744
1.89744
1.89744
1.89744
1.89744
1.89744
1.89744
1.89744
1.89744
1.89744
1.89744
1.89744
1.89744
1.89744
1.89744
1.89744
1.89744
1.89744
