187 .098864399755168749498442346951 1.606080727934460852729052906736
187 .09886439975516874949 2.58869287752495560291
231 .452043494144856523697018707726 9.742470563899063025580711408768
231 .45204349414485652369 22.95336739961387007360
185 .429194557777732480578320037764 7.487539999800361763235687695305
185 .42919455777773248057 63.38534819377641431133
237 .417867416585270407503437941945 7.804476059860155306802142943514
237 .41786741658527040750 19.60129448943632572057
47 .912142364610294709430049925670 5.165975013552579663467775134454
47 .91214236461029470943 7.64142729208598535111
96 .631806954828281890599946678689 10.317497555910168466071500322074
96 .63180695482828189059 36.66428221637021121830
