85.76032278	-180	1.6877
85.76032278	-174.3749983	1.6877
85.76032278	-168.7499737	1.7003
85.76032278	-163.125247	1.6907
85.76032278	-157.4999474	1.7189
85.76032278	-151.8752207	1.7524
85.76032278	-146.2499211	1.8104
85.76032278	-140.6251944	1.8557
85.76032278	-134.9998948	1.9028
85.76032278	-129.3751681	1.9703
85.76032278	-123.7498685	2.0376
85.76032278	-118.1262877	2.1064
85.76032278	-112.4998422	2.1905
85.76032278	-106.8733966	2.2711
85.76032278	-101.2526806	2.3542
85.76032278	-95.62623509	2.4544
85.76032278	-89.99978954	2.5483
85.76032278	-84.37334399	2.6484
85.76032278	-78.75262802	2.744
85.76032278	-73.12618247	2.8162
85.76032278	-67.49973693	2.8684
85.76032278	-61.87329138	2.9096
85.76032278	-56.25257541	2.9351
85.76032278	-50.62612986	2.9544
85.76032278	-44.99968431	2.9479
85.76032278	-39.37323876	2.9176
85.76032278	-33.75252279	2.8764
85.76032278	-28.12607724	2.8128
85.76032278	-22.4996317	2.747
85.76032278	-16.87318615	2.6737
85.76032278	-11.25247018	2.6209
85.76032278	-5.62602463	2.5749
85.76032278	0.000420918	2.5295
85.76032278	5.626866466	2.4709
85.76032278	11.24758244	2.4116
85.76032278	16.87402798	2.353
85.76032278	22.50047353	2.3014
85.76032278	28.12691908	2.2554
85.76032278	33.74763505	2.208
85.76032278	39.3740806	2.1585
85.76032278	45.00052615	2.1496
85.76032278	50.6269717	2.1287
85.76032278	56.24768767	2.1129
85.76032278	61.87413321	2.1026
85.76032278	67.50057876	2.0804
85.76032278	73.12702431	2.0521
85.76032278	78.74774028	2.0267
85.76032278	84.37418583	1.9994
85.76032278	90.00063138	1.9518
85.76032278	95.62707693	1.909
85.76032278	101.2477929	1.8751
85.76032278	106.8742384	1.8378
85.76032278	112.500684	1.8152
85.76032278	118.1271295	1.7909
85.76032278	123.7478455	1.7666
85.76032278	129.3742911	1.7472
85.76032278	135.0007366	1.7277
85.76032278	140.6271822	1.7241
85.76032278	146.2478981	1.7299
85.76032278	151.8743437	1.7267
85.76032278	157.5007892	1.7232
85.76032278	163.1272348	1.725
85.76032278	168.7479507	1.723
85.76032278	174.3743963	1.7213
80.2713871	-180	2.9327
80.2713871	-174.3749983	2.8696
80.2713871	-168.7499737	2.8446
80.2713871	-163.125247	2.8078
80.2713871	-157.4999474	2.8661
80.2713871	-151.8752207	3.0654
80.2713871	-146.2499211	3.3159
80.2713871	-140.6251944	3.4875
80.2713871	-134.9998948	3.6639
80.2713871	-129.3751681	3.8102
80.2713871	-123.7498685	3.764
80.2713871	-118.1262877	3.6806
80.2713871	-112.4998422	3.6706
80.2713871	-106.8733966	3.6654
80.2713871	-101.2526806	3.6645
80.2713871	-95.62623509	3.6912
80.2713871	-89.99978954	3.6167
80.2713871	-84.37334399	3.5858
80.2713871	-78.75262802	3.7377
80.2713871	-73.12618247	3.9405
80.2713871	-67.49973693	3.8571
80.2713871	-61.87329138	3.7203
80.2713871	-56.25257541	3.8557
80.2713871	-50.62612986	4.1084
80.2713871	-44.99968431	4.1131
80.2713871	-39.37323876	3.8879
80.2713871	-33.75252279	3.7163
80.2713871	-28.12607724	3.6454
80.2713871	-22.4996317	3.5194
80.2713871	-16.87318615	3.3702
80.2713871	-11.25247018	3.3347
80.2713871	-5.62602463	3.3698
80.2713871	0.000420918	3.4024
80.2713871	5.626866466	3.4733
80.2713871	11.24758244	3.5691
80.2713871	16.87402798	3.5736
80.2713871	22.50047353	3.5763
80.2713871	28.12691908	3.5832
80.2713871	33.74763505	3.536
80.2713871	39.3740806	3.4211
80.2713871	45.00052615	3.3472
80.2713871	50.6269717	3.2478
80.2713871	56.24768767	3.1174
80.2713871	61.87413321	2.9385
80.2713871	67.50057876	2.7816
80.2713871	73.12702431	2.707
80.2713871	78.74774028	2.725
80.2713871	84.37418583	2.7726
80.2713871	90.00063138	2.8093
80.2713871	95.62707693	2.8188
80.2713871	101.2477929	2.8956
80.2713871	106.8742384	2.9958
80.2713871	112.500684	3.0871
80.2713871	118.1271295	3.1298
80.2713871	123.7478455	3.2753
80.2713871	129.3742911	3.4065
80.2713871	135.0007366	3.476
80.2713871	140.6271822	3.5331
80.2713871	146.2478981	3.5884
80.2713871	151.8743437	3.5831
80.2713871	157.5007892	3.4869
80.2713871	163.1272348	3.3685
80.2713871	168.7479507	3.2613
80.2713871	174.3743963	3.0908
74.74234437	-180	4.9407
74.74234437	-174.3749983	4.6291
74.74234437	-168.7499737	4.2948
74.74234437	-163.125247	3.9921
74.74234437	-157.4999474	3.9733
74.74234437	-151.8752207	4.2679
74.74234437	-146.2499211	4.6195
74.74234437	-140.6251944	4.7684
74.74234437	-134.9998948	4.6888
74.74234437	-129.3751681	4.7375
74.74234437	-123.7498685	4.7516
74.74234437	-118.1262877	4.6081
74.74234437	-112.4998422	4.553
74.74234437	-106.8733966	4.455
74.74234437	-101.2526806	4.2938
74.74234437	-95.62623509	4.0626
74.74234437	-89.99978954	3.5931
74.74234437	-84.37334399	3.1762
74.74234437	-78.75262802	3.0899
74.74234437	-73.12618247	3.2023
74.74234437	-67.49973693	3.2707
74.74234437	-61.87329138	3.6223
74.74234437	-56.25257541	4.0865
74.74234437	-50.62612986	4.5732
74.74234437	-44.99968431	4.4147
74.74234437	-39.37323876	3.8287
74.74234437	-33.75252279	3.4282
74.74234437	-28.12607724	3.3416
74.74234437	-22.4996317	3.2975
74.74234437	-16.87318615	3.2362
74.74234437	-11.25247018	3.2927
74.74234437	-5.62602463	3.3893
74.74234437	0.000420918	3.6085
74.74234437	5.626866466	4.0801
74.74234437	11.24758244	4.5289
74.74234437	16.87402798	4.5765
74.74234437	22.50047353	4.3221
74.74234437	28.12691908	4.1188
74.74234437	33.74763505	3.9338
74.74234437	39.3740806	3.8318
74.74234437	45.00052615	3.9463
74.74234437	50.6269717	4.1359
74.74234437	56.24768767	4.2641
74.74234437	61.87413321	4.4012
74.74234437	67.50057876	4.5017
74.74234437	73.12702431	4.6753
74.74234437	78.74774028	5.0732
74.74234437	84.37418583	5.4292
74.74234437	90.00063138	5.365
74.74234437	95.62707693	5.0519
74.74234437	101.2477929	5.0375
74.74234437	106.8742384	5.3899
74.74234437	112.500684	5.3244
74.74234437	118.1271295	5.0032
74.74234437	123.7478455	5.0085
74.74234437	129.3742911	5.1728
74.74234437	135.0007366	4.947
74.74234437	140.6271822	4.5257
74.74234437	146.2478981	4.4518
74.74234437	151.8743437	4.5882
74.74234437	157.5007892	4.7941
74.74234437	163.1272348	5.1686
74.74234437	168.7479507	5.5334
74.74234437	174.3743963	5.4124
69.21330165	-180	5.7395
69.21330165	-174.3749983	5.4187
69.21330165	-168.7499737	5.2173
69.21330165	-163.125247	5.0218
69.21330165	-157.4999474	5.1131
69.21330165	-151.8752207	5.2506
69.21330165	-146.2499211	4.9372
69.21330165	-140.6251944	4.3319
69.21330165	-134.9998948	3.9195
69.21330165	-129.3751681	3.9447
69.21330165	-123.7498685	4.3267
69.21330165	-118.1262877	4.7154
69.21330165	-112.4998422	4.9599
69.21330165	-106.8733966	5.0671
69.21330165	-101.2526806	4.9196
69.21330165	-95.62623509	4.6913
69.21330165	-89.99978954	4.1699
69.21330165	-84.37334399	3.7524
69.21330165	-78.75262802	3.7797
69.21330165	-73.12618247	3.9661
69.21330165	-67.49973693	4.1646
69.21330165	-61.87329138	4.3784
69.21330165	-56.25257541	4.8203
69.21330165	-50.62612986	5.3283
69.21330165	-44.99968431	5.047
69.21330165	-39.37323876	4.62
69.21330165	-33.75252279	4.4126
69.21330165	-28.12607724	4.3591
69.21330165	-22.4996317	4.2856
69.21330165	-16.87318615	4.1547
69.21330165	-11.25247018	4.3282
69.21330165	-5.62602463	4.8742
69.21330165	0.000420918	5.4188
69.21330165	5.626866466	5.7663
69.21330165	11.24758244	5.3162
69.21330165	16.87402798	4.4562
69.21330165	22.50047353	3.8992
69.21330165	28.12691908	3.6273
69.21330165	33.74763505	3.6962
69.21330165	39.3740806	3.9416
69.21330165	45.00052615	4.2544
69.21330165	50.6269717	4.5798
69.21330165	56.24768767	4.5544
69.21330165	61.87413321	4.3538
69.21330165	67.50057876	4.3394
69.21330165	73.12702431	4.6686
69.21330165	78.74774028	5.5048
69.21330165	84.37418583	6.4347
69.21330165	90.00063138	6.1308
69.21330165	95.62707693	5.1049
69.21330165	101.2477929	4.6881
69.21330165	106.8742384	4.7408
69.21330165	112.500684	4.3671
69.21330165	118.1271295	3.8205
69.21330165	123.7478455	4.074
69.21330165	129.3742911	4.6706
69.21330165	135.0007366	4.377
69.21330165	140.6271822	3.6634
69.21330165	146.2478981	3.5074
69.21330165	151.8743437	3.7456
69.21330165	157.5007892	4.057
69.21330165	163.1272348	4.7914
69.21330165	168.7479507	5.7977
69.21330165	174.3743963	6.0501
63.67852935	-180	5.6396
63.67852935	-174.3749983	6.0608
63.67852935	-168.7499737	6.0756
63.67852935	-163.125247	5.9283
63.67852935	-157.4999474	5.8954
63.67852935	-151.8752207	5.1579
63.67852935	-146.2499211	4.3015
63.67852935	-140.6251944	4.1896
63.67852935	-134.9998948	4.2081
63.67852935	-129.3751681	4.5489
63.67852935	-123.7498685	4.6089
63.67852935	-118.1262877	3.9537
63.67852935	-112.4998422	3.4897
63.67852935	-106.8733966	3.8115
63.67852935	-101.2526806	4.4487
63.67852935	-95.62623509	4.7354
63.67852935	-89.99978954	4.2425
63.67852935	-84.37334399	3.8932
63.67852935	-78.75262802	4.0402
63.67852935	-73.12618247	4.4323
63.67852935	-67.49973693	4.2112
63.67852935	-61.87329138	3.7626
63.67852935	-56.25257541	3.8685
63.67852935	-50.62612986	3.7812
63.67852935	-44.99968431	3.4073
63.67852935	-39.37323876	3.4633
63.67852935	-33.75252279	4.1934
63.67852935	-28.12607724	5.2566
63.67852935	-22.4996317	5.4686
63.67852935	-16.87318615	4.8448
63.67852935	-11.25247018	4.6657
63.67852935	-5.62602463	4.8501
63.67852935	0.000420918	5.051
63.67852935	5.626866466	5.048
63.67852935	11.24758244	4.3466
63.67852935	16.87402798	3.588
63.67852935	22.50047353	3.1915
63.67852935	28.12691908	3.1897
63.67852935	33.74763505	3.6323
63.67852935	39.3740806	4.6726
63.67852935	45.00052615	6.2239
63.67852935	50.6269717	6.5915
63.67852935	56.24768767	5.2686
63.67852935	61.87413321	3.9399
63.67852935	67.50057876	3.2629
63.67852935	73.12702431	3.3706
63.67852935	78.74774028	4.371
63.67852935	84.37418583	5.6679
63.67852935	90.00063138	5.9413
63.67852935	95.62707693	5.4417
63.67852935	101.2477929	5.5244
63.67852935	106.8742384	5.8586
63.67852935	112.500684	5.4971
63.67852935	118.1271295	5.317
63.67852935	123.7478455	6.2026
63.67852935	129.3742911	6.8309
63.67852935	135.0007366	5.9606
63.67852935	140.6271822	4.8078
63.67852935	146.2478981	4.6068
63.67852935	151.8743437	4.5039
63.67852935	157.5007892	4.7846
63.67852935	163.1272348	5.858
63.67852935	168.7479507	6.7876
63.67852935	174.3743963	6.1403
58.14375705	-180	5.3734
58.14375705	-174.3749983	5.9361
58.14375705	-168.7499737	6.7637
58.14375705	-163.125247	7.3175
58.14375705	-157.4999474	8.1856
58.14375705	-151.8752207	6.9673
58.14375705	-146.2499211	5.3678
58.14375705	-140.6251944	4.9155
58.14375705	-134.9998948	4.9519
58.14375705	-129.3751681	5.5939
58.14375705	-123.7498685	5.1235
58.14375705	-118.1262877	3.5882
58.14375705	-112.4998422	3.241
58.14375705	-106.8733966	3.8294
58.14375705	-101.2526806	2.9946
58.14375705	-95.62623509	3.8284
58.14375705	-89.99978954	4.7683
58.14375705	-84.37334399	3.5835
58.14375705	-78.75262802	2.5574
58.14375705	-73.12618247	2.6814
58.14375705	-67.49973693	3.2994
58.14375705	-61.87329138	4.095
58.14375705	-56.25257541	3.6149
58.14375705	-50.62612986	3.0675
58.14375705	-44.99968431	2.5689
58.14375705	-39.37323876	2.5679
58.14375705	-33.75252279	3.6385
58.14375705	-28.12607724	5.5323
58.14375705	-22.4996317	5.8869
58.14375705	-16.87318615	5.1445
58.14375705	-11.25247018	4.403
58.14375705	-5.62602463	3.8416
58.14375705	0.000420918	3.7009
58.14375705	5.626866466	3.8396
58.14375705	11.24758244	3.9091
58.14375705	16.87402798	3.701
58.14375705	22.50047353	4.0396
58.14375705	28.12691908	5.1156
58.14375705	33.74763505	5.5812
58.14375705	39.3740806	6.6267
58.14375705	45.00052615	6.7636
58.14375705	50.6269717	5.2323
58.14375705	56.24768767	4.0524
58.14375705	61.87413321	3.5709
58.14375705	67.50057876	3.5959
58.14375705	73.12702431	4.4205
58.14375705	78.74774028	5.7555
58.14375705	84.37418583	6.2503
58.14375705	90.00063138	5.759
58.14375705	95.62707693	5.7877
58.14375705	101.2477929	7.4049
58.14375705	106.8742384	8.932
58.14375705	112.500684	7.1753
58.14375705	118.1271295	5.7094
58.14375705	123.7478455	5.8339
58.14375705	129.3742911	7.006
58.14375705	135.0007366	6.7907
58.14375705	140.6271822	5.6837
58.14375705	146.2478981	6.0915
58.14375705	151.8743437	6.6216
58.14375705	157.5007892	7.1911
58.14375705	163.1272348	8.8208
58.14375705	168.7479507	9.1512
58.14375705	174.3743963	6.7141
52.60669292	-180	5.3142
52.60669292	-174.3749983	6.4923
52.60669292	-168.7499737	7.3361
52.60669292	-163.125247	8.1188
52.60669292	-157.4999474	7.5335
52.60669292	-151.8752207	5.5436
52.60669292	-146.2499211	4.3485
52.60669292	-140.6251944	3.7709
52.60669292	-134.9998948	4.3068
52.60669292	-129.3751681	7.4974
52.60669292	-123.7498685	8.7785
52.60669292	-118.1262877	6.2732
52.60669292	-112.4998422	5.5355
52.60669292	-106.8733966	5.3191
52.60669292	-101.2526806	4.7408
52.60669292	-95.62623509	5.1946
52.60669292	-89.99978954	4.7762
52.60669292	-84.37334399	3.4341
52.60669292	-78.75262802	2.9795
52.60669292	-73.12618247	2.7833
52.60669292	-67.49973693	3.4234
52.60669292	-61.87329138	3.4608
52.60669292	-56.25257541	3.3956
52.60669292	-50.62612986	3.9818
52.60669292	-44.99968431	3.4752
52.60669292	-39.37323876	3.6661
52.60669292	-33.75252279	5.2607
52.60669292	-28.12607724	6.7459
52.60669292	-22.4996317	5.3083
52.60669292	-16.87318615	4.7121
52.60669292	-11.25247018	5.0342
52.60669292	-5.62602463	5.7722
52.60669292	0.000420918	5.1612
52.60669292	5.626866466	4.7498
52.60669292	11.24758244	5.026
52.60669292	16.87402798	5.528
52.60669292	22.50047353	5.4898
52.60669292	28.12691908	5.1337
52.60669292	33.74763505	4.2765
52.60669292	39.3740806	3.4762
52.60669292	45.00052615	2.5448
52.60669292	50.6269717	2.2232
52.60669292	56.24768767	2.8247
52.60669292	61.87413321	3.8699
52.60669292	67.50057876	4.7723
52.60669292	73.12702431	6.1814
52.60669292	78.74774028	6.5043
52.60669292	84.37418583	5.9652
52.60669292	90.00063138	4.9231
52.60669292	95.62707693	4.7147
52.60669292	101.2477929	7.9652
52.60669292	106.8742384	9.3351
52.60669292	112.500684	7.1806
52.60669292	118.1271295	5.4293
52.60669292	123.7478455	4.4458
52.60669292	129.3742911	4.7973
52.60669292	135.0007366	5.317
52.60669292	140.6271822	5.0191
52.60669292	146.2478981	5.3187
52.60669292	151.8743437	6.7436
52.60669292	157.5007892	8.6966
52.60669292	163.1272348	9.3898
52.60669292	168.7479507	7.4391
52.60669292	174.3743963	5.3675
47.06962879	-180	6.7729
47.06962879	-174.3749983	7.9271
47.06962879	-168.7499737	6.2597
47.06962879	-163.125247	5.3899
47.06962879	-157.4999474	4.5079
47.06962879	-151.8752207	4.1653
47.06962879	-146.2499211	4.0479
47.06962879	-140.6251944	4.4694
47.06962879	-134.9998948	5.2414
47.06962879	-129.3751681	11.429
47.06962879	-123.7498685	12.078
47.06962879	-118.1262877	11.08
47.06962879	-112.4998422	10.955
47.06962879	-106.8733966	10.811
47.06962879	-101.2526806	8.429
47.06962879	-95.62623509	4.9249
47.06962879	-89.99978954	4.0113
47.06962879	-84.37334399	4.0789
47.06962879	-78.75262802	3.9113
47.06962879	-73.12618247	3.7609
47.06962879	-67.49973693	4.9609
47.06962879	-61.87329138	5.931
47.06962879	-56.25257541	5.5673
47.06962879	-50.62612986	4.2108
47.06962879	-44.99968431	3.538
47.06962879	-39.37323876	4.6091
47.06962879	-33.75252279	6.9895
47.06962879	-28.12607724	5.7962
47.06962879	-22.4996317	3.9031
47.06962879	-16.87318615	3.8958
47.06962879	-11.25247018	7.834
47.06962879	-5.62602463	9.0544
47.06962879	0.000420918	5.7565
47.06962879	5.626866466	4.3224
47.06962879	11.24758244	3.875
47.06962879	16.87402798	4.4823
47.06962879	22.50047353	4.2033
47.06962879	28.12691908	2.8211
47.06962879	33.74763505	2.6438
47.06962879	39.3740806	3.1735
47.06962879	45.00052615	3.1364
47.06962879	50.6269717	3.0257
47.06962879	56.24768767	3.2493
47.06962879	61.87413321	3.2918
47.06962879	67.50057876	3.4957
47.06962879	73.12702431	4.0395
47.06962879	78.74774028	4.5131
47.06962879	84.37418583	5.313
47.06962879	90.00063138	5.787
47.06962879	95.62707693	6.4571
47.06962879	101.2477929	9.0161
47.06962879	106.8742384	7.5127
47.06962879	112.500684	5.9303
47.06962879	118.1271295	5.6725
47.06962879	123.7478455	6.2442
47.06962879	129.3742911	7.0963
47.06962879	135.0007366	7.6758
47.06962879	140.6271822	6.6158
47.06962879	146.2478981	5.8634
47.06962879	151.8743437	6.5114
47.06962879	157.5007892	8.0971
47.06962879	163.1272348	7.9877
47.06962879	168.7479507	6.1208
47.06962879	174.3743963	5.1087
41.53256465	-180	10.985
41.53256465	-174.3749983	12.408
41.53256465	-168.7499737	5.1568
41.53256465	-163.125247	3.6092
41.53256465	-157.4999474	5.2993
41.53256465	-151.8752207	7.6068
41.53256465	-146.2499211	5.0554
41.53256465	-140.6251944	7.0438
41.53256465	-134.9998948	12.347
41.53256465	-129.3751681	13.105
41.53256465	-123.7498685	11.687
41.53256465	-118.1262877	13.709
41.53256465	-112.4998422	9.7543
41.53256465	-106.8733966	7.0406
41.53256465	-101.2526806	8.4798
41.53256465	-95.62623509	4.7939
41.53256465	-89.99978954	2.5578
41.53256465	-84.37334399	3.7645
41.53256465	-78.75262802	5.9546
41.53256465	-73.12618247	4.1926
41.53256465	-67.49973693	4.6286
41.53256465	-61.87329138	6.8451
41.53256465	-56.25257541	6.1533
41.53256465	-50.62612986	4.0196
41.53256465	-44.99968431	2.8192
41.53256465	-39.37323876	4.3332
41.53256465	-33.75252279	5.8582
41.53256465	-28.12607724	4.3858
41.53256465	-22.4996317	3.0946
41.53256465	-16.87318615	3.3378
41.53256465	-11.25247018	6.7387
41.53256465	-5.62602463	6.3886
41.53256465	0.000420918	3.8343
41.53256465	5.626866466	2.8154
41.53256465	11.24758244	3.7936
41.53256465	16.87402798	4.5598
41.53256465	22.50047353	4.224
41.53256465	28.12691908	2.8137
41.53256465	33.74763505	1.7274
41.53256465	39.3740806	2.3488
41.53256465	45.00052615	3.0816
41.53256465	50.6269717	4.1871
41.53256465	56.24768767	3.9391
41.53256465	61.87413321	3.897
41.53256465	67.50057876	2.9175
41.53256465	73.12702431	2.5665
41.53256465	78.74774028	2.6815
41.53256465	84.37418583	4.3384
41.53256465	90.00063138	6.7429
41.53256465	95.62707693	10.18
41.53256465	101.2477929	9.8145
41.53256465	106.8742384	4.4616
41.53256465	112.500684	4.1306
41.53256465	118.1271295	7.382
41.53256465	123.7478455	9.256
41.53256465	129.3742911	6.18
41.53256465	135.0007366	5.8848
41.53256465	140.6271822	6.8633
41.53256465	146.2478981	6.2478
41.53256465	151.8743437	4.8608
41.53256465	157.5007892	6.2908
41.53256465	163.1272348	6.6641
41.53256465	168.7479507	4.6065
41.53256465	174.3743963	4.767
35.99492756	-180	8.7542
35.99492756	-174.3749983	7.4596
35.99492756	-168.7499737	3.1406
35.99492756	-163.125247	4.5132
35.99492756	-157.4999474	10.296
35.99492756	-151.8752207	9.0241
35.99492756	-146.2499211	5.1456
35.99492756	-140.6251944	2.2279
35.99492756	-134.9998948	6.0781
35.99492756	-129.3751681	17.259
35.99492756	-123.7498685	24.482
35.99492756	-118.1262877	10.562
35.99492756	-112.4998422	7.8473
35.99492756	-106.8733966	5.0549
35.99492756	-101.2526806	6.01
35.99492756	-95.62623509	3.0433
35.99492756	-89.99978954	1.0044
35.99492756	-84.37334399	1.1427
35.99492756	-78.75262802	2.2598
35.99492756	-73.12618247	2.3145
35.99492756	-67.49973693	2.9913
35.99492756	-61.87329138	5.3843
35.99492756	-56.25257541	4.2765
35.99492756	-50.62612986	2.3819
35.99492756	-44.99968431	1.3819
35.99492756	-39.37323876	3.2564
35.99492756	-33.75252279	3.3361
35.99492756	-28.12607724	3.0142
35.99492756	-22.4996317	2.5183
35.99492756	-16.87318615	3.9378
35.99492756	-11.25247018	5.2172
35.99492756	-5.62602463	3.1931
35.99492756	0.000420918	3.3657
35.99492756	5.626866466	4.337
35.99492756	11.24758244	7.7435
35.99492756	16.87402798	12.622
35.99492756	22.50047353	14.622
35.99492756	28.12691908	12.748
35.99492756	33.74763505	8.8249
35.99492756	39.3740806	7.0942
35.99492756	45.00052615	3.5732
35.99492756	50.6269717	2.7558
35.99492756	56.24768767	2.5562
35.99492756	61.87413321	2.6144
35.99492756	67.50057876	3.3243
35.99492756	73.12702431	3.848
35.99492756	78.74774028	3.9571
35.99492756	84.37418583	3.6257
35.99492756	90.00063138	4.3278
35.99492756	95.62707693	6.5567
35.99492756	101.2477929	6.5685
35.99492756	106.8742384	2.4833
35.99492756	112.500684	2.6845
35.99492756	118.1271295	7.3717
35.99492756	123.7478455	5.7882
35.99492756	129.3742911	1.9825
35.99492756	135.0007366	2.0759
35.99492756	140.6271822	7.0351
35.99492756	146.2478981	8.6217
35.99492756	151.8743437	4.4294
35.99492756	157.5007892	3.5072
35.99492756	163.1272348	4.6073
35.99492756	168.7479507	3.6947
35.99492756	174.3743963	4.4765
30.45729047	-180	6.4641
30.45729047	-174.3749983	3.8862
30.45729047	-168.7499737	3.1491
30.45729047	-163.125247	5.6223
30.45729047	-157.4999474	7.7594
30.45729047	-151.8752207	2.8583
30.45729047	-146.2499211	3.1796
30.45729047	-140.6251944	7.295
30.45729047	-134.9998948	10.121
30.45729047	-129.3751681	14.894
30.45729047	-123.7498685	19.171
30.45729047	-118.1262877	9.1508
30.45729047	-112.4998422	4.365
30.45729047	-106.8733966	1.1013
30.45729047	-101.2526806	0.892
30.45729047	-95.62623509	1.0172
30.45729047	-89.99978954	0.45071
30.45729047	-84.37334399	0.50494
30.45729047	-78.75262802	0.65652
30.45729047	-73.12618247	0.64913
30.45729047	-67.49973693	0.86475
30.45729047	-61.87329138	1.3704
30.45729047	-56.25257541	1.1474
30.45729047	-50.62612986	1.0195
30.45729047	-44.99968431	1.2278
30.45729047	-39.37323876	3.1495
30.45729047	-33.75252279	2.6321
30.45729047	-28.12607724	2.233
30.45729047	-22.4996317	4.2323
30.45729047	-16.87318615	8.7497
30.45729047	-11.25247018	3.4575
30.45729047	-5.62602463	2.3073
30.45729047	0.000420918	5.8087
30.45729047	5.626866466	12.293
30.45729047	11.24758244	14.435
30.45729047	16.87402798	15.296
30.45729047	22.50047353	20.072
30.45729047	28.12691908	21.26
30.45729047	33.74763505	14.549
30.45729047	39.3740806	4.7287
30.45729047	45.00052615	1.3911
30.45729047	50.6269717	0.93253
30.45729047	56.24768767	1.2648
30.45729047	61.87413321	1.1571
30.45729047	67.50057876	1.5685
30.45729047	73.12702431	3.6015
30.45729047	78.74774028	4.7965
30.45729047	84.37418583	3.3726
30.45729047	90.00063138	1.9569
30.45729047	95.62707693	3.2759
30.45729047	101.2477929	4.1771
30.45729047	106.8742384	2.6911
30.45729047	112.500684	3.3812
30.45729047	118.1271295	8.0051
30.45729047	123.7478455	4.629
30.45729047	129.3742911	1.4488
30.45729047	135.0007366	8.5101
30.45729047	140.6271822	36.382
30.45729047	146.2478981	11.606
30.45729047	151.8743437	3.2172
30.45729047	157.5007892	1.8903
30.45729047	163.1272348	2.518
30.45729047	168.7479507	2.5785
30.45729047	174.3743963	4.2334
24.91965338	-180	5.337
24.91965338	-174.3749983	3.467
24.91965338	-168.7499737	4.0287
24.91965338	-163.125247	5.3506
24.91965338	-157.4999474	3.527
24.91965338	-151.8752207	2.2049
24.91965338	-146.2499211	6.2453
24.91965338	-140.6251944	25.083
24.91965338	-134.9998948	25.197
24.91965338	-129.3751681	28.033
24.91965338	-123.7498685	19.495
24.91965338	-118.1262877	8.1657
24.91965338	-112.4998422	3.5856
24.91965338	-106.8733966	0.61417
24.91965338	-101.2526806	0.38156
24.91965338	-95.62623509	0.67932
24.91965338	-89.99978954	0.52372
24.91965338	-84.37334399	0.44001
24.91965338	-78.75262802	0.471
24.91965338	-73.12618247	0.44348
24.91965338	-67.49973693	0.40552
24.91965338	-61.87329138	0.56496
24.91965338	-56.25257541	0.70466
24.91965338	-50.62612986	0.92075
24.91965338	-44.99968431	1.5433
24.91965338	-39.37323876	3.5144
24.91965338	-33.75252279	1.4573
24.91965338	-28.12607724	1.2378
24.91965338	-22.4996317	6.8606
24.91965338	-16.87318615	12.549
24.91965338	-11.25247018	1.9433
24.91965338	-5.62602463	4.2928
24.91965338	0.000420918	14.285
24.91965338	5.626866466	19.643
24.91965338	11.24758244	5.7297
24.91965338	16.87402798	7.5684
24.91965338	22.50047353	20.287
24.91965338	28.12691908	27.404
24.91965338	33.74763505	14.243
24.91965338	39.3740806	5.8154
24.91965338	45.00052615	4.1405
24.91965338	50.6269717	4.0273
24.91965338	56.24768767	2.8816
24.91965338	61.87413321	1.7285
24.91965338	67.50057876	1.773
24.91965338	73.12702431	2.0965
24.91965338	78.74774028	2.9413
24.91965338	84.37418583	2.4758
24.91965338	90.00063138	3.3775
24.91965338	95.62707693	3.4057
24.91965338	101.2477929	2.9356
24.91965338	106.8742384	2.1306
24.91965338	112.500684	2.5668
24.91965338	118.1271295	3.8295
24.91965338	123.7478455	3.7956
24.91965338	129.3742911	3.9502
24.91965338	135.0007366	20.94
24.91965338	140.6271822	25.924
24.91965338	146.2478981	17.138
24.91965338	151.8743437	8.721
24.91965338	157.5007892	1.2755
24.91965338	163.1272348	0.9218
24.91965338	168.7479507	2.5335
24.91965338	174.3743963	4.0886
19.38201629	-180	2.3223
19.38201629	-174.3749983	1.9909
19.38201629	-168.7499737	2.4183
19.38201629	-163.125247	2.7068
19.38201629	-157.4999474	2.3913
19.38201629	-151.8752207	1.781
19.38201629	-146.2499211	7.1901
19.38201629	-140.6251944	12.027
19.38201629	-134.9998948	15.363
19.38201629	-129.3751681	21.138
19.38201629	-123.7498685	15.327
19.38201629	-118.1262877	11.722
19.38201629	-112.4998422	8.1537
19.38201629	-106.8733966	2.2616
19.38201629	-101.2526806	0.94844
19.38201629	-95.62623509	0.88661
19.38201629	-89.99978954	0.38638
19.38201629	-84.37334399	0.18839
19.38201629	-78.75262802	0.40783
19.38201629	-73.12618247	1.0859
19.38201629	-67.49973693	1.292
19.38201629	-61.87329138	1.0214
19.38201629	-56.25257541	1.3028
19.38201629	-50.62612986	1.5719
19.38201629	-44.99968431	1.2043
19.38201629	-39.37323876	1.5991
19.38201629	-33.75252279	1.0425
19.38201629	-28.12607724	1.3239
19.38201629	-22.4996317	4.7612
19.38201629	-16.87318615	8.9393
19.38201629	-11.25247018	2.5984
19.38201629	-5.62602463	4.0117
19.38201629	0.000420918	13.869
19.38201629	5.626866466	13.37
19.38201629	11.24758244	3.9928
19.38201629	16.87402798	8.4271
19.38201629	22.50047353	24.795
19.38201629	28.12691908	23.068
19.38201629	33.74763505	7.6685
19.38201629	39.3740806	8.1633
19.38201629	45.00052615	18.269
19.38201629	50.6269717	17.732
19.38201629	56.24768767	8.6078
19.38201629	61.87413321	3.8277
19.38201629	67.50057876	3.9348
19.38201629	73.12702431	2.0074
19.38201629	78.74774028	3.1705
19.38201629	84.37418583	2.7708
19.38201629	90.00063138	2.7747
19.38201629	95.62707693	1.9881
19.38201629	101.2477929	1.1462
19.38201629	106.8742384	1.4319
19.38201629	112.500684	1.7239
19.38201629	118.1271295	1.7653
19.38201629	123.7478455	2.6072
19.38201629	129.3742911	4.0429
19.38201629	135.0007366	16.564
19.38201629	140.6271822	17.792
19.38201629	146.2478981	16.407
19.38201629	151.8743437	9.5579
19.38201629	157.5007892	0.92696
19.38201629	163.1272348	1.1617
19.38201629	168.7479507	2.6998
19.38201629	174.3743963	2.8285
13.8443792	-180	1.293
13.8443792	-174.3749983	1.7234
13.8443792	-168.7499737	1.7752
13.8443792	-163.125247	1.8732
13.8443792	-157.4999474	2.545
13.8443792	-151.8752207	2.3747
13.8443792	-146.2499211	4.5284
13.8443792	-140.6251944	12.638
13.8443792	-134.9998948	16.778
13.8443792	-129.3751681	11.948
13.8443792	-123.7498685	8.7452
13.8443792	-118.1262877	9.3792
13.8443792	-112.4998422	10.616
13.8443792	-106.8733966	7.8204
13.8443792	-101.2526806	2.4407
13.8443792	-95.62623509	1.2602
13.8443792	-89.99978954	0.28485
13.8443792	-84.37334399	0.18246
13.8443792	-78.75262802	0.20702
13.8443792	-73.12618247	0.25044
13.8443792	-67.49973693	0.36573
13.8443792	-61.87329138	0.62497
13.8443792	-56.25257541	0.92496
13.8443792	-50.62612986	0.83328
13.8443792	-44.99968431	1.5105
13.8443792	-39.37323876	0.91182
13.8443792	-33.75252279	1.1152
13.8443792	-28.12607724	1.3338
13.8443792	-22.4996317	1.9692
13.8443792	-16.87318615	4.9287
13.8443792	-11.25247018	3.1651
13.8443792	-5.62602463	2.052
13.8443792	0.000420918	3.9264
13.8443792	5.626866466	7.1154
13.8443792	11.24758244	9.8329
13.8443792	16.87402798	18.055
13.8443792	22.50047353	25.508
13.8443792	28.12691908	14.844
13.8443792	33.74763505	9.4199
13.8443792	39.3740806	14.279
13.8443792	45.00052615	23.608
13.8443792	50.6269717	17.51
13.8443792	56.24768767	10.342
13.8443792	61.87413321	11.191
13.8443792	67.50057876	12.173
13.8443792	73.12702431	3.4891
13.8443792	78.74774028	4.7496
13.8443792	84.37418583	0.9784
13.8443792	90.00063138	1.9495
13.8443792	95.62707693	1.5723
13.8443792	101.2477929	2.2173
13.8443792	106.8742384	1.4423
13.8443792	112.500684	1.1169
13.8443792	118.1271295	2.6634
13.8443792	123.7478455	1.6336
13.8443792	129.3742911	1.5741
13.8443792	135.0007366	4.8525
13.8443792	140.6271822	8.5216
13.8443792	146.2478981	6.3935
13.8443792	151.8743437	1.9551
13.8443792	157.5007892	0.47658
13.8443792	163.1272348	1.7695
13.8443792	168.7479507	2.1832
13.8443792	174.3743963	1.3023
8.306742114	-180	1.0066
8.306742114	-174.3749983	1.4406
8.306742114	-168.7499737	1.8109
8.306742114	-163.125247	1.7392
8.306742114	-157.4999474	2.3126
8.306742114	-151.8752207	2.4116
8.306742114	-146.2499211	2.3974
8.306742114	-140.6251944	2.3827
8.306742114	-134.9998948	4.6154
8.306742114	-129.3751681	9.5201
8.306742114	-123.7498685	8.282
8.306742114	-118.1262877	8.4773
8.306742114	-112.4998422	9.6847
8.306742114	-106.8733966	8.8218
8.306742114	-101.2526806	5.0194
8.306742114	-95.62623509	1.6123
8.306742114	-89.99978954	0.38256
8.306742114	-84.37334399	0.17159
8.306742114	-78.75262802	0.12452
8.306742114	-73.12618247	0.16252
8.306742114	-67.49973693	0.17048
8.306742114	-61.87329138	0.26947
8.306742114	-56.25257541	0.62961
8.306742114	-50.62612986	0.84838
8.306742114	-44.99968431	0.73795
8.306742114	-39.37323876	0.98596
8.306742114	-33.75252279	0.77697
8.306742114	-28.12607724	1.8838
8.306742114	-22.4996317	1.1435
8.306742114	-16.87318615	2.9218
8.306742114	-11.25247018	2.7029
8.306742114	-5.62602463	1.595
8.306742114	0.000420918	2.773
8.306742114	5.626866466	5.2895
8.306742114	11.24758244	11.398
8.306742114	16.87402798	17.376
8.306742114	22.50047353	16.518
8.306742114	28.12691908	12.958
8.306742114	33.74763505	11.999
8.306742114	39.3740806	14.869
8.306742114	45.00052615	18.73
8.306742114	50.6269717	15.235
8.306742114	56.24768767	10.081
8.306742114	61.87413321	12.973
8.306742114	67.50057876	13.118
8.306742114	73.12702431	5.4677
8.306742114	78.74774028	4.369
8.306742114	84.37418583	2.5662
8.306742114	90.00063138	2.5534
8.306742114	95.62707693	3.4569
8.306742114	101.2477929	9.3661
8.306742114	106.8742384	3.6046
8.306742114	112.500684	1.9599
8.306742114	118.1271295	1.2851
8.306742114	123.7478455	0.55127
8.306742114	129.3742911	0.52405
8.306742114	135.0007366	1.462
8.306742114	140.6271822	2.0146
8.306742114	146.2478981	1.0289
8.306742114	151.8743437	0.90312
8.306742114	157.5007892	0.78848
8.306742114	163.1272348	0.99422
8.306742114	168.7479507	1.2524
8.306742114	174.3743963	1.1373
2.768904489	-180	1.5853
2.768904489	-174.3749983	1.3052
2.768904489	-168.7499737	1.2138
2.768904489	-163.125247	2.0799
2.768904489	-157.4999474	1.6531
2.768904489	-151.8752207	2.7279
2.768904489	-146.2499211	1.1745
2.768904489	-140.6251944	2.2786
2.768904489	-134.9998948	4.4647
2.768904489	-129.3751681	10.584
2.768904489	-123.7498685	10.437
2.768904489	-118.1262877	9.7232
2.768904489	-112.4998422	9.1789
2.768904489	-106.8733966	6.5351
2.768904489	-101.2526806	5.3196
2.768904489	-95.62623509	2.0158
2.768904489	-89.99978954	0.67261
2.768904489	-84.37334399	0.51798
2.768904489	-78.75262802	0.41728
2.768904489	-73.12618247	1.2682
2.768904489	-67.49973693	0.88835
2.768904489	-61.87329138	0.33666
2.768904489	-56.25257541	0.35264
2.768904489	-50.62612986	0.99964
2.768904489	-44.99968431	0.84173
2.768904489	-39.37323876	0.4207
2.768904489	-33.75252279	0.58093
2.768904489	-28.12607724	0.80144
2.768904489	-22.4996317	0.76444
2.768904489	-16.87318615	1.0806
2.768904489	-11.25247018	1.0393
2.768904489	-5.62602463	1.3076
2.768904489	0.000420918	4.9025
2.768904489	5.626866466	5.7941
2.768904489	11.24758244	9.8918
2.768904489	16.87402798	15.513
2.768904489	22.50047353	16.449
2.768904489	28.12691908	14.841
2.768904489	33.74763505	11.628
2.768904489	39.3740806	9.7901
2.768904489	45.00052615	13.625
2.768904489	50.6269717	15.13
2.768904489	56.24768767	11.501
2.768904489	61.87413321	10.553
2.768904489	67.50057876	9.5264
2.768904489	73.12702431	9.8008
2.768904489	78.74774028	10.035
2.768904489	84.37418583	7.5703
2.768904489	90.00063138	3.0782
2.768904489	95.62707693	9.9837
2.768904489	101.2477929	15.267
2.768904489	106.8742384	3.8295
2.768904489	112.500684	1.8702
2.768904489	118.1271295	2.331
2.768904489	123.7478455	1.883
2.768904489	129.3742911	0.84663
2.768904489	135.0007366	1.682
2.768904489	140.6271822	1.3571
2.768904489	146.2478981	0.8877
2.768904489	151.8743437	0.53698
2.768904489	157.5007892	1.095
2.768904489	163.1272348	1.4238
2.768904489	168.7479507	2.0039
2.768904489	174.3743963	1.9096
-2.768904489	-180	1.8843
-2.768904489	-174.3749983	1.1928
-2.768904489	-168.7499737	2.0682
-2.768904489	-163.125247	2.2015
-2.768904489	-157.4999474	3.5058
-2.768904489	-151.8752207	2.0233
-2.768904489	-146.2499211	5.8799
-2.768904489	-140.6251944	18.772
-2.768904489	-134.9998948	11.803
-2.768904489	-129.3751681	10.999
-2.768904489	-123.7498685	11.44
-2.768904489	-118.1262877	10.952
-2.768904489	-112.4998422	8.5278
-2.768904489	-106.8733966	5.6734
-2.768904489	-101.2526806	6.0458
-2.768904489	-95.62623509	3.2449
-2.768904489	-89.99978954	1.3113
-2.768904489	-84.37334399	1.2136
-2.768904489	-78.75262802	0.51027
-2.768904489	-73.12618247	1.0334
-2.768904489	-67.49973693	1.8894
-2.768904489	-61.87329138	1.1081
-2.768904489	-56.25257541	1.0539
-2.768904489	-50.62612986	1.2975
-2.768904489	-44.99968431	0.87452
-2.768904489	-39.37323876	0.54404
-2.768904489	-33.75252279	0.52602
-2.768904489	-28.12607724	0.57904
-2.768904489	-22.4996317	0.57239
-2.768904489	-16.87318615	0.64674
-2.768904489	-11.25247018	0.55518
-2.768904489	-5.62602463	1.0288
-2.768904489	0.000420918	3.0892
-2.768904489	5.626866466	4.2185
-2.768904489	11.24758244	10.071
-2.768904489	16.87402798	16.703
-2.768904489	22.50047353	17.172
-2.768904489	28.12691908	13.652
-2.768904489	33.74763505	10.322
-2.768904489	39.3740806	8.9308
-2.768904489	45.00052615	10.56
-2.768904489	50.6269717	11.766
-2.768904489	56.24768767	10.849
-2.768904489	61.87413321	9.2675
-2.768904489	67.50057876	8.7537
-2.768904489	73.12702431	6.5283
-2.768904489	78.74774028	8.1505
-2.768904489	84.37418583	11.152
-2.768904489	90.00063138	9.1947
-2.768904489	95.62707693	10.688
-2.768904489	101.2477929	10.569
-2.768904489	106.8742384	3.7205
-2.768904489	112.500684	2.6072
-2.768904489	118.1271295	6.8975
-2.768904489	123.7478455	7.4114
-2.768904489	129.3742911	3.4259
-2.768904489	135.0007366	2.5936
-2.768904489	140.6271822	1.5709
-2.768904489	146.2478981	0.98316
-2.768904489	151.8743437	0.85765
-2.768904489	157.5007892	0.88077
-2.768904489	163.1272348	1.7949
-2.768904489	168.7479507	1.2412
-2.768904489	174.3743963	2.0625
-8.306742114	-180	3.4165
-8.306742114	-174.3749983	3.2094
-8.306742114	-168.7499737	2.0815
-8.306742114	-163.125247	3.3578
-8.306742114	-157.4999474	10.251
-8.306742114	-151.8752207	8.9579
-8.306742114	-146.2499211	13.52
-8.306742114	-140.6251944	15.457
-8.306742114	-134.9998948	10.214
-8.306742114	-129.3751681	7.9908
-8.306742114	-123.7498685	11.192
-8.306742114	-118.1262877	8.8775
-8.306742114	-112.4998422	7.2017
-8.306742114	-106.8733966	5.8107
-8.306742114	-101.2526806	7.039
-8.306742114	-95.62623509	5.1656
-8.306742114	-89.99978954	2.4097
-8.306742114	-84.37334399	1.4153
-8.306742114	-78.75262802	0.16804
-8.306742114	-73.12618247	0.27246
-8.306742114	-67.49973693	0.65375
-8.306742114	-61.87329138	1.6124
-8.306742114	-56.25257541	0.85399
-8.306742114	-50.62612986	0.56495
-8.306742114	-44.99968431	0.41027
-8.306742114	-39.37323876	0.33703
-8.306742114	-33.75252279	0.5228
-8.306742114	-28.12607724	0.56638
-8.306742114	-22.4996317	0.65838
-8.306742114	-16.87318615	0.93841
-8.306742114	-11.25247018	0.85544
-8.306742114	-5.62602463	0.92823
-8.306742114	0.000420918	1.3197
-8.306742114	5.626866466	2.0272
-8.306742114	11.24758244	4.1942
-8.306742114	16.87402798	10.933
-8.306742114	22.50047353	12.678
-8.306742114	28.12691908	9.2596
-8.306742114	33.74763505	7.2423
-8.306742114	39.3740806	8.0232
-8.306742114	45.00052615	9.6922
-8.306742114	50.6269717	8.9856
-8.306742114	56.24768767	8.9053
-8.306742114	61.87413321	10.119
-8.306742114	67.50057876	8.8419
-8.306742114	73.12702431	3.3936
-8.306742114	78.74774028	3.2111
-8.306742114	84.37418583	9.5355
-8.306742114	90.00063138	11.693
-8.306742114	95.62707693	10.108
-8.306742114	101.2477929	8.9029
-8.306742114	106.8742384	4.8953
-8.306742114	112.500684	9.5343
-8.306742114	118.1271295	14.766
-8.306742114	123.7478455	11.845
-8.306742114	129.3742911	7.542
-8.306742114	135.0007366	5.0942
-8.306742114	140.6271822	4.7378
-8.306742114	146.2478981	4.4402
-8.306742114	151.8743437	2.4664
-8.306742114	157.5007892	1.0143
-8.306742114	163.1272348	0.76395
-8.306742114	168.7479507	1.1811
-8.306742114	174.3743963	2.1278
-13.8443792	-180	7.4816
-13.8443792	-174.3749983	10.74
-13.8443792	-168.7499737	3.2722
-13.8443792	-163.125247	2.7797
-13.8443792	-157.4999474	7.3105
-13.8443792	-151.8752207	10.825
-13.8443792	-146.2499211	11.027
-13.8443792	-140.6251944	11.179
-13.8443792	-134.9998948	9.2037
-13.8443792	-129.3751681	7.6684
-13.8443792	-123.7498685	10.225
-13.8443792	-118.1262877	7.6747
-13.8443792	-112.4998422	4.7738
-13.8443792	-106.8733966	2.8753
-13.8443792	-101.2526806	6.1807
-13.8443792	-95.62623509	3.0199
-13.8443792	-89.99978954	1.9679
-13.8443792	-84.37334399	2.2442
-13.8443792	-78.75262802	0.50459
-13.8443792	-73.12618247	0.46119
-13.8443792	-67.49973693	0.62265
-13.8443792	-61.87329138	1.175
-13.8443792	-56.25257541	0.38284
-13.8443792	-50.62612986	0.41149
-13.8443792	-44.99968431	0.45898
-13.8443792	-39.37323876	0.49893
-13.8443792	-33.75252279	0.55541
-13.8443792	-28.12607724	0.58082
-13.8443792	-22.4996317	0.75722
-13.8443792	-16.87318615	1.1762
-13.8443792	-11.25247018	1.333
-13.8443792	-5.62602463	1.4195
-13.8443792	0.000420918	1.7974
-13.8443792	5.626866466	2.5557
-13.8443792	11.24758244	3.539
-13.8443792	16.87402798	7.1859
-13.8443792	22.50047353	10.61
-13.8443792	28.12691908	8.2964
-13.8443792	33.74763505	4.307
-13.8443792	39.3740806	4.1025
-13.8443792	45.00052615	5.239
-13.8443792	50.6269717	4.2292
-13.8443792	56.24768767	4.6362
-13.8443792	61.87413321	7.0181
-13.8443792	67.50057876	5.4182
-13.8443792	73.12702431	2.933
-13.8443792	78.74774028	4.0553
-13.8443792	84.37418583	9.4645
-13.8443792	90.00063138	11.315
-13.8443792	95.62707693	8.9083
-13.8443792	101.2477929	7.5949
-13.8443792	106.8742384	6.3048
-13.8443792	112.500684	9.4938
-13.8443792	118.1271295	13.158
-13.8443792	123.7478455	10.76
-13.8443792	129.3742911	6.0385
-13.8443792	135.0007366	6.5588
-13.8443792	140.6271822	10.176
-13.8443792	146.2478981	9.7164
-13.8443792	151.8743437	3.3827
-13.8443792	157.5007892	1.6817
-13.8443792	163.1272348	1.4333
-13.8443792	168.7479507	1.6224
-13.8443792	174.3743963	2.9606
-19.38201629	-180	9.7746
-19.38201629	-174.3749983	11.79
-19.38201629	-168.7499737	4.7963
-19.38201629	-163.125247	2.6714
-19.38201629	-157.4999474	4.617
-19.38201629	-151.8752207	7.7091
-19.38201629	-146.2499211	10.443
-19.38201629	-140.6251944	14.057
-19.38201629	-134.9998948	10.684
-19.38201629	-129.3751681	9.9145
-19.38201629	-123.7498685	12.321
-19.38201629	-118.1262877	5.1457
-19.38201629	-112.4998422	1.0425
-19.38201629	-106.8733966	1.2973
-19.38201629	-101.2526806	3.4761
-19.38201629	-95.62623509	1.1667
-19.38201629	-89.99978954	0.63254
-19.38201629	-84.37334399	0.81086
-19.38201629	-78.75262802	0.89096
-19.38201629	-73.12618247	0.85331
-19.38201629	-67.49973693	1.2072
-19.38201629	-61.87329138	1.5176
-19.38201629	-56.25257541	0.59909
-19.38201629	-50.62612986	0.67271
-19.38201629	-44.99968431	0.84549
-19.38201629	-39.37323876	0.94157
-19.38201629	-33.75252279	0.75353
-19.38201629	-28.12607724	0.67498
-19.38201629	-22.4996317	1.1648
-19.38201629	-16.87318615	1.9977
-19.38201629	-11.25247018	2.6611
-19.38201629	-5.62602463	3.1238
-19.38201629	0.000420918	3.7103
-19.38201629	5.626866466	3.8493
-19.38201629	11.24758244	3.7747
-19.38201629	16.87402798	4.4354
-19.38201629	22.50047353	6.4524
-19.38201629	28.12691908	4.941
-19.38201629	33.74763505	2.2725
-19.38201629	39.3740806	2.0722
-19.38201629	45.00052615	2.8775
-19.38201629	50.6269717	3.5045
-19.38201629	56.24768767	6.4829
-19.38201629	61.87413321	8.5449
-19.38201629	67.50057876	7.5383
-19.38201629	73.12702431	6.1098
-19.38201629	78.74774028	9.1689
-19.38201629	84.37418583	14.492
-19.38201629	90.00063138	17.274
-19.38201629	95.62707693	15.565
-19.38201629	101.2477929	12.098
-19.38201629	106.8742384	9.881
-19.38201629	112.500684	10.456
-19.38201629	118.1271295	11.247
-19.38201629	123.7478455	9.8072
-19.38201629	129.3742911	5.9744
-19.38201629	135.0007366	5.4867
-19.38201629	140.6271822	6.7495
-19.38201629	146.2478981	4.2736
-19.38201629	151.8743437	1.3647
-19.38201629	157.5007892	1.2606
-19.38201629	163.1272348	2.397
-19.38201629	168.7479507	4.829
-19.38201629	174.3743963	7.6189
-24.91965338	-180	7.4922
-24.91965338	-174.3749983	12.895
-24.91965338	-168.7499737	15.034
-24.91965338	-163.125247	8.7823
-24.91965338	-157.4999474	5.1802
-24.91965338	-151.8752207	4.6051
-24.91965338	-146.2499211	7.367
-24.91965338	-140.6251944	11.661
-24.91965338	-134.9998948	9.6619
-24.91965338	-129.3751681	7.2068
-24.91965338	-123.7498685	6.4797
-24.91965338	-118.1262877	1.841
-24.91965338	-112.4998422	0.92488
-24.91965338	-106.8733966	1.2844
-24.91965338	-101.2526806	2.0327
-24.91965338	-95.62623509	0.54764
-24.91965338	-89.99978954	0.58952
-24.91965338	-84.37334399	0.3966
-24.91965338	-78.75262802	0.41114
-24.91965338	-73.12618247	0.89002
-24.91965338	-67.49973693	1.1127
-24.91965338	-61.87329138	0.7813
-24.91965338	-56.25257541	0.72945
-24.91965338	-50.62612986	0.81204
-24.91965338	-44.99968431	0.97012
-24.91965338	-39.37323876	0.87803
-24.91965338	-33.75252279	0.85742
-24.91965338	-28.12607724	1.2562
-24.91965338	-22.4996317	2.3904
-24.91965338	-16.87318615	4.3375
-24.91965338	-11.25247018	6.5056
-24.91965338	-5.62602463	6.2721
-24.91965338	0.000420918	3.8962
-24.91965338	5.626866466	2.7126
-24.91965338	11.24758244	2.2759
-24.91965338	16.87402798	1.9058
-24.91965338	22.50047353	1.6314
-24.91965338	28.12691908	1.0311
-24.91965338	33.74763505	0.78712
-24.91965338	39.3740806	1.1824
-24.91965338	45.00052615	2.8831
-24.91965338	50.6269717	6.1992
-24.91965338	56.24768767	7.6571
-24.91965338	61.87413321	5.8259
-24.91965338	67.50057876	5.1726
-24.91965338	73.12702431	7.6241
-24.91965338	78.74774028	11.278
-24.91965338	84.37418583	15.504
-24.91965338	90.00063138	25.763
-24.91965338	95.62707693	37.594
-24.91965338	101.2477929	31.795
-24.91965338	106.8742384	17.648
-24.91965338	112.500684	11.285
-24.91965338	118.1271295	10.264
-24.91965338	123.7478455	13.031
-24.91965338	129.3742911	8.5969
-24.91965338	135.0007366	3.7201
-24.91965338	140.6271822	2.3383
-24.91965338	146.2478981	1.5321
-24.91965338	151.8743437	1.4385
-24.91965338	157.5007892	2.6755
-24.91965338	163.1272348	5.9497
-24.91965338	168.7479507	8.3042
-24.91965338	174.3743963	6.7863
-30.45729047	-180	3.7565
-30.45729047	-174.3749983	10.943
-30.45729047	-168.7499737	17.344
-30.45729047	-163.125247	9.6123
-30.45729047	-157.4999474	3.0646
-30.45729047	-151.8752207	2.943
-30.45729047	-146.2499211	3.7774
-30.45729047	-140.6251944	5.1417
-30.45729047	-134.9998948	4.4643
-30.45729047	-129.3751681	3.6332
-30.45729047	-123.7498685	2.5951
-30.45729047	-118.1262877	1.6794
-30.45729047	-112.4998422	1.4144
-30.45729047	-106.8733966	1.236
-30.45729047	-101.2526806	1.1603
-30.45729047	-95.62623509	0.55381
-30.45729047	-89.99978954	0.53437
-30.45729047	-84.37334399	0.5431
-30.45729047	-78.75262802	0.62157
-30.45729047	-73.12618247	0.79702
-30.45729047	-67.49973693	0.74096
-30.45729047	-61.87329138	0.58897
-30.45729047	-56.25257541	0.67256
-30.45729047	-50.62612986	0.98079
-30.45729047	-44.99968431	1.2143
-30.45729047	-39.37323876	1.6011
-30.45729047	-33.75252279	2.7712
-30.45729047	-28.12607724	4.1562
-30.45729047	-22.4996317	4.1713
-30.45729047	-16.87318615	4.8215
-30.45729047	-11.25247018	6.122
-30.45729047	-5.62602463	3.737
-30.45729047	0.000420918	1.5336
-30.45729047	5.626866466	1.0504
-30.45729047	11.24758244	1.1454
-30.45729047	16.87402798	1.1097
-30.45729047	22.50047353	0.79431
-30.45729047	28.12691908	0.57309
-30.45729047	33.74763505	0.74999
-30.45729047	39.3740806	1.6666
-30.45729047	45.00052615	4.9027
-30.45729047	50.6269717	6.9939
-30.45729047	56.24768767	5.4365
-30.45729047	61.87413321	2.791
-30.45729047	67.50057876	2.5759
-30.45729047	73.12702431	3.5939
-30.45729047	78.74774028	5.3044
-30.45729047	84.37418583	5.893
-30.45729047	90.00063138	9.5915
-30.45729047	95.62707693	31.403
-30.45729047	101.2477929	46.711
-30.45729047	106.8742384	29.968
-30.45729047	112.500684	12.797
-30.45729047	118.1271295	6.9892
-30.45729047	123.7478455	8.8742
-30.45729047	129.3742911	7.1268
-30.45729047	135.0007366	2.9389
-30.45729047	140.6271822	2.0911
-30.45729047	146.2478981	1.9117
-30.45729047	151.8743437	2.363
-30.45729047	157.5007892	4.0142
-30.45729047	163.1272348	4.1367
-30.45729047	168.7479507	2.5651
-30.45729047	174.3743963	1.9602
-35.99492756	-180	1.7824
-35.99492756	-174.3749983	4.5515
-35.99492756	-168.7499737	6.1327
-35.99492756	-163.125247	3.7759
-35.99492756	-157.4999474	2.6409
-35.99492756	-151.8752207	2.2721
-35.99492756	-146.2499211	2.2711
-35.99492756	-140.6251944	2.4081
-35.99492756	-134.9998948	2.1959
-35.99492756	-129.3751681	2.4156
-35.99492756	-123.7498685	2.1712
-35.99492756	-118.1262877	1.9608
-35.99492756	-112.4998422	1.9257
-35.99492756	-106.8733966	2.0499
-35.99492756	-101.2526806	1.9487
-35.99492756	-95.62623509	1.6173
-35.99492756	-89.99978954	1.1567
-35.99492756	-84.37334399	1.0468
-35.99492756	-78.75262802	0.97935
-35.99492756	-73.12618247	0.81344
-35.99492756	-67.49973693	0.73009
-35.99492756	-61.87329138	0.83534
-35.99492756	-56.25257541	1.0219
-35.99492756	-50.62612986	1.3314
-35.99492756	-44.99968431	1.702
-35.99492756	-39.37323876	2.7165
-35.99492756	-33.75252279	6.5926
-35.99492756	-28.12607724	8.0866
-35.99492756	-22.4996317	3.2832
-35.99492756	-16.87318615	1.8725
-35.99492756	-11.25247018	2.1592
-35.99492756	-5.62602463	1.9961
-35.99492756	0.000420918	1.2284
-35.99492756	5.626866466	1.1232
-35.99492756	11.24758244	1.5276
-35.99492756	16.87402798	1.7774
-35.99492756	22.50047353	1.1701
-35.99492756	28.12691908	0.66889
-35.99492756	33.74763505	0.98475
-35.99492756	39.3740806	2.805
-35.99492756	45.00052615	5.3986
-35.99492756	50.6269717	5.0843
-35.99492756	56.24768767	3.0619
-35.99492756	61.87413321	2.705
-35.99492756	67.50057876	3.3631
-35.99492756	73.12702431	4.2088
-35.99492756	78.74774028	3.9879
-35.99492756	84.37418583	3.5376
-35.99492756	90.00063138	3.8087
-35.99492756	95.62707693	11.74
-35.99492756	101.2477929	39.352
-35.99492756	106.8742384	36.452
-35.99492756	112.500684	11.166
-35.99492756	118.1271295	4.4701
-35.99492756	123.7478455	5.3163
-35.99492756	129.3742911	5.3582
-35.99492756	135.0007366	3.5991
-35.99492756	140.6271822	2.7527
-35.99492756	146.2478981	3.0227
-35.99492756	151.8743437	2.7234
-35.99492756	157.5007892	3.0378
-35.99492756	163.1272348	3.0941
-35.99492756	168.7479507	2.0284
-35.99492756	174.3743963	1.3558
-41.53256465	-180	3.5812
-41.53256465	-174.3749983	2.5054
-41.53256465	-168.7499737	1.7291
-41.53256465	-163.125247	1.7539
-41.53256465	-157.4999474	2.3688
-41.53256465	-151.8752207	3.0329
-41.53256465	-146.2499211	2.9236
-41.53256465	-140.6251944	2.4959
-41.53256465	-134.9998948	2.3149
-41.53256465	-129.3751681	2.5376
-41.53256465	-123.7498685	2.685
-41.53256465	-118.1262877	2.4103
-41.53256465	-112.4998422	2.55
-41.53256465	-106.8733966	2.7452
-41.53256465	-101.2526806	3.0155
-41.53256465	-95.62623509	2.7635
-41.53256465	-89.99978954	2.1668
-41.53256465	-84.37334399	1.5248
-41.53256465	-78.75262802	1.0641
-41.53256465	-73.12618247	0.71719
-41.53256465	-67.49973693	0.54579
-41.53256465	-61.87329138	0.78116
-41.53256465	-56.25257541	1.3546
-41.53256465	-50.62612986	1.9218
-41.53256465	-44.99968431	1.6902
-41.53256465	-39.37323876	1.6039
-41.53256465	-33.75252279	2.928
-41.53256465	-28.12607724	3.3938
-41.53256465	-22.4996317	1.6861
-41.53256465	-16.87318615	1.0328
-41.53256465	-11.25247018	1.221
-41.53256465	-5.62602463	1.2841
-41.53256465	0.000420918	1.1054
-41.53256465	5.626866466	1.2724
-41.53256465	11.24758244	1.7961
-41.53256465	16.87402798	2.0841
-41.53256465	22.50047353	1.5286
-41.53256465	28.12691908	1.2023
-41.53256465	33.74763505	1.8076
-41.53256465	39.3740806	4.1081
-41.53256465	45.00052615	4.6675
-41.53256465	50.6269717	3.7533
-41.53256465	56.24768767	2.5755
-41.53256465	61.87413321	3.2277
-41.53256465	67.50057876	5.027
-41.53256465	73.12702431	6.5008
-41.53256465	78.74774028	5.5824
-41.53256465	84.37418583	4.7627
-41.53256465	90.00063138	3.2153
-41.53256465	95.62707693	10.795
-41.53256465	101.2477929	27.654
-41.53256465	106.8742384	26.115
-41.53256465	112.500684	6.8754
-41.53256465	118.1271295	3.724
-41.53256465	123.7478455	5.3013
-41.53256465	129.3742911	6.1704
-41.53256465	135.0007366	5.2563
-41.53256465	140.6271822	4.1
-41.53256465	146.2478981	3.6384
-41.53256465	151.8743437	2.8915
-41.53256465	157.5007892	2.9606
-41.53256465	163.1272348	4.7922
-41.53256465	168.7479507	5.8713
-41.53256465	174.3743963	4.3806
-47.06962879	-180	4.4006
-47.06962879	-174.3749983	3.2506
-47.06962879	-168.7499737	2.0854
-47.06962879	-163.125247	2.0783
-47.06962879	-157.4999474	3.2012
-47.06962879	-151.8752207	4.8461
-47.06962879	-146.2499211	4.4908
-47.06962879	-140.6251944	3.4899
-47.06962879	-134.9998948	2.9457
-47.06962879	-129.3751681	2.9745
-47.06962879	-123.7498685	2.9219
-47.06962879	-118.1262877	2.6013
-47.06962879	-112.4998422	2.5976
-47.06962879	-106.8733966	2.7571
-47.06962879	-101.2526806	2.7021
-47.06962879	-95.62623509	2.1261
-47.06962879	-89.99978954	1.6179
-47.06962879	-84.37334399	1.279
-47.06962879	-78.75262802	0.9683
-47.06962879	-73.12618247	0.72111
-47.06962879	-67.49973693	0.57277
-47.06962879	-61.87329138	0.87064
-47.06962879	-56.25257541	1.5953
-47.06962879	-50.62612986	1.4972
-47.06962879	-44.99968431	1.7444
-47.06962879	-39.37323876	1.4797
-47.06962879	-33.75252279	1.1988
-47.06962879	-28.12607724	1.2893
-47.06962879	-22.4996317	1.3689
-47.06962879	-16.87318615	1.4035
-47.06962879	-11.25247018	1.4048
-47.06962879	-5.62602463	1.1786
-47.06962879	0.000420918	1.1263
-47.06962879	5.626866466	1.4124
-47.06962879	11.24758244	1.8498
-47.06962879	16.87402798	2.0215
-47.06962879	22.50047353	1.5929
-47.06962879	28.12691908	1.2539
-47.06962879	33.74763505	2.1648
-47.06962879	39.3740806	5.281
-47.06962879	45.00052615	5.4663
-47.06962879	50.6269717	5.9721
-47.06962879	56.24768767	3.4241
-47.06962879	61.87413321	3.5712
-47.06962879	67.50057876	4.0973
-47.06962879	73.12702431	4.2633
-47.06962879	78.74774028	3.317
-47.06962879	84.37418583	3.6195
-47.06962879	90.00063138	7.8171
-47.06962879	95.62707693	17.167
-47.06962879	101.2477929	18.472
-47.06962879	106.8742384	15.293
-47.06962879	112.500684	5.3563
-47.06962879	118.1271295	3.8888
-47.06962879	123.7478455	4.6092
-47.06962879	129.3742911	4.8454
-47.06962879	135.0007366	4.1159
-47.06962879	140.6271822	3.3676
-47.06962879	146.2478981	3.0785
-47.06962879	151.8743437	2.9341
-47.06962879	157.5007892	3.4841
-47.06962879	163.1272348	4.9984
-47.06962879	168.7479507	6.0741
-47.06962879	174.3743963	5.1568
-52.60669292	-180	3.801
-52.60669292	-174.3749983	4.0402
-52.60669292	-168.7499737	3.2707
-52.60669292	-163.125247	3.032
-52.60669292	-157.4999474	3.1741
-52.60669292	-151.8752207	3.643
-52.60669292	-146.2499211	3.8931
-52.60669292	-140.6251944	3.6806
-52.60669292	-134.9998948	3.1755
-52.60669292	-129.3751681	2.5619
-52.60669292	-123.7498685	2.151
-52.60669292	-118.1262877	2.0682
-52.60669292	-112.4998422	2.1722
-52.60669292	-106.8733966	2.3119
-52.60669292	-101.2526806	2.2788
-52.60669292	-95.62623509	1.8498
-52.60669292	-89.99978954	1.2572
-52.60669292	-84.37334399	0.92002
-52.60669292	-78.75262802	0.78707
-52.60669292	-73.12618247	0.74962
-52.60669292	-67.49973693	0.75954
-52.60669292	-61.87329138	0.97972
-52.60669292	-56.25257541	1.0152
-52.60669292	-50.62612986	0.70079
-52.60669292	-44.99968431	0.82924
-52.60669292	-39.37323876	1.9087
-52.60669292	-33.75252279	1.7232
-52.60669292	-28.12607724	1.3785
-52.60669292	-22.4996317	1.6387
-52.60669292	-16.87318615	1.883
-52.60669292	-11.25247018	1.5264
-52.60669292	-5.62602463	1.1111
-52.60669292	0.000420918	1.0522
-52.60669292	5.626866466	1.3358
-52.60669292	11.24758244	1.8968
-52.60669292	16.87402798	2.2803
-52.60669292	22.50047353	1.9553
-52.60669292	28.12691908	1.6594
-52.60669292	33.74763505	2.6456
-52.60669292	39.3740806	5.3673
-52.60669292	45.00052615	5.0124
-52.60669292	50.6269717	3.4942
-52.60669292	56.24768767	3.3876
-52.60669292	61.87413321	3.4214
-52.60669292	67.50057876	3.6715
-52.60669292	73.12702431	3.7638
-52.60669292	78.74774028	5.1341
-52.60669292	84.37418583	9.2514
-52.60669292	90.00063138	13.27
-52.60669292	95.62707693	12.537
-52.60669292	101.2477929	11.868
-52.60669292	106.8742384	11.646
-52.60669292	112.500684	7.0733
-52.60669292	118.1271295	5.4362
-52.60669292	123.7478455	4.4431
-52.60669292	129.3742911	3.1853
-52.60669292	135.0007366	2.6408
-52.60669292	140.6271822	2.415
-52.60669292	146.2478981	2.7367
-52.60669292	151.8743437	3.5233
-52.60669292	157.5007892	3.9041
-52.60669292	163.1272348	3.3974
-52.60669292	168.7479507	2.6899
-52.60669292	174.3743963	2.8144
-58.14375705	-180	3.1333
-58.14375705	-174.3749983	4.046
-58.14375705	-168.7499737	3.7459
-58.14375705	-163.125247	2.9016
-58.14375705	-157.4999474	2.3138
-58.14375705	-151.8752207	2.1396
-58.14375705	-146.2499211	2.2537
-58.14375705	-140.6251944	2.7021
-58.14375705	-134.9998948	2.7584
-58.14375705	-129.3751681	2.2169
-58.14375705	-123.7498685	1.771
-58.14375705	-118.1262877	1.5803
-58.14375705	-112.4998422	1.5846
-58.14375705	-106.8733966	1.7248
-58.14375705	-101.2526806	1.9241
-58.14375705	-95.62623509	1.8688
-58.14375705	-89.99978954	1.5336
-58.14375705	-84.37334399	1.195
-58.14375705	-78.75262802	1.0046
-58.14375705	-73.12618247	0.91468
-58.14375705	-67.49973693	0.91093
-58.14375705	-61.87329138	1.1218
-58.14375705	-56.25257541	1.3399
-58.14375705	-50.62612986	1.1268
-58.14375705	-44.99968431	1.0256
-58.14375705	-39.37323876	1.1747
-58.14375705	-33.75252279	1.4643
-58.14375705	-28.12607724	1.7884
-58.14375705	-22.4996317	2.2498
-58.14375705	-16.87318615	2.5663
-58.14375705	-11.25247018	1.9954
-58.14375705	-5.62602463	1.4227
-58.14375705	0.000420918	1.2831
-58.14375705	5.626866466	1.4119
-58.14375705	11.24758244	1.8456
-58.14375705	16.87402798	2.5742
-58.14375705	22.50047353	2.7961
-58.14375705	28.12691908	2.6208
-58.14375705	33.74763505	3.2113
-58.14375705	39.3740806	4.8727
-58.14375705	45.00052615	5.6956
-58.14375705	50.6269717	5.2657
-58.14375705	56.24768767	5.1091
-58.14375705	61.87413321	5.9914
-58.14375705	67.50057876	7.2145
-58.14375705	73.12702431	8.3059
-58.14375705	78.74774028	8.4505
-58.14375705	84.37418583	8.5597
-58.14375705	90.00063138	8.2784
-58.14375705	95.62707693	7.296
-58.14375705	101.2477929	9.691
-58.14375705	106.8742384	11.322
-58.14375705	112.500684	8.7917
-58.14375705	118.1271295	5.7555
-58.14375705	123.7478455	3.6546
-58.14375705	129.3742911	2.3692
-58.14375705	135.0007366	1.902
-58.14375705	140.6271822	1.8211
-58.14375705	146.2478981	2.4057
-58.14375705	151.8743437	3.4229
-58.14375705	157.5007892	3.6456
-58.14375705	163.1272348	2.9486
-58.14375705	168.7479507	2.2143
-58.14375705	174.3743963	2.2151
-63.67852935	-180	3.3591
-63.67852935	-174.3749983	3.38
-63.67852935	-168.7499737	2.7185
-63.67852935	-163.125247	2.1938
-63.67852935	-157.4999474	1.9425
-63.67852935	-151.8752207	1.8868
-63.67852935	-146.2499211	2.1198
-63.67852935	-140.6251944	2.8311
-63.67852935	-134.9998948	3.3284
-63.67852935	-129.3751681	3.117
-63.67852935	-123.7498685	2.5723
-63.67852935	-118.1262877	2.1333
-63.67852935	-112.4998422	1.9795
-63.67852935	-106.8733966	2.1038
-63.67852935	-101.2526806	2.3818
-63.67852935	-95.62623509	2.3533
-63.67852935	-89.99978954	2.002
-63.67852935	-84.37334399	1.6535
-63.67852935	-78.75262802	1.311
-63.67852935	-73.12618247	1.1246
-63.67852935	-67.49973693	1.0947
-63.67852935	-61.87329138	1.226
-63.67852935	-56.25257541	1.4847
-63.67852935	-50.62612986	1.663
-63.67852935	-44.99968431	1.772
-63.67852935	-39.37323876	1.9771
-63.67852935	-33.75252279	1.9973
-63.67852935	-28.12607724	2.0213
-63.67852935	-22.4996317	2.2358
-63.67852935	-16.87318615	2.4873
-63.67852935	-11.25247018	2.3701
-63.67852935	-5.62602463	2.0536
-63.67852935	0.000420918	1.9083
-63.67852935	5.626866466	1.919
-63.67852935	11.24758244	2.0713
-63.67852935	16.87402798	2.522
-63.67852935	22.50047353	2.752
-63.67852935	28.12691908	2.6102
-63.67852935	33.74763505	2.6998
-63.67852935	39.3740806	3.4221
-63.67852935	45.00052615	3.8597
-63.67852935	50.6269717	4.1849
-63.67852935	56.24768767	4.5863
-63.67852935	61.87413321	5.3442
-63.67852935	67.50057876	6.448
-63.67852935	73.12702431	7.1737
-63.67852935	78.74774028	6.7546
-63.67852935	84.37418583	5.723
-63.67852935	90.00063138	5.1746
-63.67852935	95.62707693	5.1923
-63.67852935	101.2477929	7.0801
-63.67852935	106.8742384	8.8959
-63.67852935	112.500684	9.5064
-63.67852935	118.1271295	7.5202
-63.67852935	123.7478455	5.7523
-63.67852935	129.3742911	3.8
-63.67852935	135.0007366	2.3326
-63.67852935	140.6271822	1.7882
-63.67852935	146.2478981	1.7322
-63.67852935	151.8743437	1.8718
-63.67852935	157.5007892	2.1359
-63.67852935	163.1272348	2.3815
-63.67852935	168.7479507	2.5118
-63.67852935	174.3743963	2.7446
-69.21330165	-180	4.2471
-69.21330165	-174.3749983	3.4917
-69.21330165	-168.7499737	2.652
-69.21330165	-163.125247	2.2421
-69.21330165	-157.4999474	2.1548
-69.21330165	-151.8752207	2.2269
-69.21330165	-146.2499211	2.5406
-69.21330165	-140.6251944	2.9728
-69.21330165	-134.9998948	3.4253
-69.21330165	-129.3751681	3.6745
-69.21330165	-123.7498685	3.5577
-69.21330165	-118.1262877	3.2768
-69.21330165	-112.4998422	2.9976
-69.21330165	-106.8733966	2.8478
-69.21330165	-101.2526806	2.7866
-69.21330165	-95.62623509	2.6311
-69.21330165	-89.99978954	2.4413
-69.21330165	-84.37334399	2.1923
-69.21330165	-78.75262802	2.0334
-69.21330165	-73.12618247	1.9254
-69.21330165	-67.49973693	2.0458
-69.21330165	-61.87329138	2.2888
-69.21330165	-56.25257541	2.3785
-69.21330165	-50.62612986	2.2854
-69.21330165	-44.99968431	2.2468
-69.21330165	-39.37323876	2.205
-69.21330165	-33.75252279	2.0373
-69.21330165	-28.12607724	1.7594
-69.21330165	-22.4996317	1.6158
-69.21330165	-16.87318615	1.7075
-69.21330165	-11.25247018	1.8585
-69.21330165	-5.62602463	2.1362
-69.21330165	0.000420918	2.4579
-69.21330165	5.626866466	2.5824
-69.21330165	11.24758244	2.546
-69.21330165	16.87402798	2.6118
-69.21330165	22.50047353	2.6318
-69.21330165	28.12691908	2.5355
-69.21330165	33.74763505	2.5404
-69.21330165	39.3740806	2.6552
-69.21330165	45.00052615	2.769
-69.21330165	50.6269717	2.8232
-69.21330165	56.24768767	2.9045
-69.21330165	61.87413321	2.9976
-69.21330165	67.50057876	2.9511
-69.21330165	73.12702431	2.9333
-69.21330165	78.74774028	2.8509
-69.21330165	84.37418583	2.697
-69.21330165	90.00063138	2.7321
-69.21330165	95.62707693	3.1128
-69.21330165	101.2477929	3.8946
-69.21330165	106.8742384	5.4931
-69.21330165	112.500684	6.9558
-69.21330165	118.1271295	6.8987
-69.21330165	123.7478455	5.6345
-69.21330165	129.3742911	4.0413
-69.21330165	135.0007366	2.7973
-69.21330165	140.6271822	2.1074
-69.21330165	146.2478981	1.7642
-69.21330165	151.8743437	1.738
-69.21330165	157.5007892	2.1074
-69.21330165	163.1272348	2.8719
-69.21330165	168.7479507	3.6144
-69.21330165	174.3743963	4.1732
-74.74234437	-180	4.6328
-74.74234437	-174.3749983	4.1244
-74.74234437	-168.7499737	3.4332
-74.74234437	-163.125247	3.0191
-74.74234437	-157.4999474	2.8604
-74.74234437	-151.8752207	2.8306
-74.74234437	-146.2499211	2.787
-74.74234437	-140.6251944	2.666
-74.74234437	-134.9998948	2.573
-74.74234437	-129.3751681	2.4944
-74.74234437	-123.7498685	2.5458
-74.74234437	-118.1262877	2.657
-74.74234437	-112.4998422	2.8132
-74.74234437	-106.8733966	2.9636
-74.74234437	-101.2526806	2.973
-74.74234437	-95.62623509	2.9521
-74.74234437	-89.99978954	3.0903
-74.74234437	-84.37334399	3.3901
-74.74234437	-78.75262802	3.7211
-74.74234437	-73.12618247	4.3004
-74.74234437	-67.49973693	4.964
-74.74234437	-61.87329138	4.4692
-74.74234437	-56.25257541	3.8574
-74.74234437	-50.62612986	3.3437
-74.74234437	-44.99968431	2.962
-74.74234437	-39.37323876	2.833
-74.74234437	-33.75252279	2.5894
-74.74234437	-28.12607724	2.2406
-74.74234437	-22.4996317	2.0285
-74.74234437	-16.87318615	1.9774
-74.74234437	-11.25247018	2.0202
-74.74234437	-5.62602463	2.2517
-74.74234437	0.000420918	2.6227
-74.74234437	5.626866466	2.9318
-74.74234437	11.24758244	3.1694
-74.74234437	16.87402798	3.4577
-74.74234437	22.50047353	3.7454
-74.74234437	28.12691908	4.005
-74.74234437	33.74763505	4.3925
-74.74234437	39.3740806	4.8581
-74.74234437	45.00052615	5.1251
-74.74234437	50.6269717	5.214
-74.74234437	56.24768767	5.2488
-74.74234437	61.87413321	5.0857
-74.74234437	67.50057876	4.7461
-74.74234437	73.12702431	4.4179
-74.74234437	78.74774028	4.0349
-74.74234437	84.37418583	3.6481
-74.74234437	90.00063138	3.5485
-74.74234437	95.62707693	3.7972
-74.74234437	101.2477929	3.9057
-74.74234437	106.8742384	3.935
-74.74234437	112.500684	3.9703
-74.74234437	118.1271295	3.849
-74.74234437	123.7478455	3.1527
-74.74234437	129.3742911	2.5992
-74.74234437	135.0007366	2.3756
-74.74234437	140.6271822	2.2384
-74.74234437	146.2478981	2.0187
-74.74234437	151.8743437	2.0367
-74.74234437	157.5007892	2.4595
-74.74234437	163.1272348	3.1809
-74.74234437	168.7479507	3.8136
-74.74234437	174.3743963	4.4283
-80.2713871	-180	2.8548
-80.2713871	-174.3749983	2.9587
-80.2713871	-168.7499737	2.9853
-80.2713871	-163.125247	3.1153
-80.2713871	-157.4999474	3.2229
-80.2713871	-151.8752207	3.1434
-80.2713871	-146.2499211	2.9277
-80.2713871	-140.6251944	2.6556
-80.2713871	-134.9998948	2.2691
-80.2713871	-129.3751681	1.935
-80.2713871	-123.7498685	1.7933
-80.2713871	-118.1262877	1.7406
-80.2713871	-112.4998422	1.7625
-80.2713871	-106.8733966	1.8664
-80.2713871	-101.2526806	2.0944
-80.2713871	-95.62623509	2.424
-80.2713871	-89.99978954	2.8518
-80.2713871	-84.37334399	3.2444
-80.2713871	-78.75262802	3.625
-80.2713871	-73.12618247	3.929
-80.2713871	-67.49973693	4.1185
-80.2713871	-61.87329138	4.0415
-80.2713871	-56.25257541	3.8092
-80.2713871	-50.62612986	3.6171
-80.2713871	-44.99968431	3.5224
-80.2713871	-39.37323876	3.5636
-80.2713871	-33.75252279	3.5479
-80.2713871	-28.12607724	3.4375
-80.2713871	-22.4996317	3.3172
-80.2713871	-16.87318615	3.2198
-80.2713871	-11.25247018	3.0606
-80.2713871	-5.62602463	2.8689
-80.2713871	0.000420918	2.7535
-80.2713871	5.626866466	2.7571
-80.2713871	11.24758244	2.8565
-80.2713871	16.87402798	3.2614
-80.2713871	22.50047353	3.7986
-80.2713871	28.12691908	4.1776
-80.2713871	33.74763505	4.5907
-80.2713871	39.3740806	4.9912
-80.2713871	45.00052615	5.0999
-80.2713871	50.6269717	5.1264
-80.2713871	56.24768767	5.1488
-80.2713871	61.87413321	4.9139
-80.2713871	67.50057876	4.5774
-80.2713871	73.12702431	4.4075
-80.2713871	78.74774028	4.1702
-80.2713871	84.37418583	3.763
-80.2713871	90.00063138	3.4442
-80.2713871	95.62707693	3.2724
-80.2713871	101.2477929	3.0921
-80.2713871	106.8742384	2.9125
-80.2713871	112.500684	2.7991
-80.2713871	118.1271295	2.64
-80.2713871	123.7478455	2.3896
-80.2713871	129.3742911	2.1208
-80.2713871	135.0007366	1.9701
-80.2713871	140.6271822	1.9222
-80.2713871	146.2478981	1.8274
-80.2713871	151.8743437	1.7778
-80.2713871	157.5007892	1.938
-80.2713871	163.1272348	2.2102
-80.2713871	168.7479507	2.432
-80.2713871	174.3743963	2.6052
-85.76032278	-180	2.8974
-85.76032278	-174.3749983	2.644
-85.76032278	-168.7499737	2.3584
-85.76032278	-163.125247	2.0607
-85.76032278	-157.4999474	1.7787
-85.76032278	-151.8752207	1.5317
-85.76032278	-146.2499211	1.3209
-85.76032278	-140.6251944	1.149
-85.76032278	-134.9998948	1.0238
-85.76032278	-129.3751681	0.93624
-85.76032278	-123.7498685	0.87483
-85.76032278	-118.1262877	0.83263
-85.76032278	-112.4998422	0.80671
-85.76032278	-106.8733966	0.79445
-85.76032278	-101.2526806	0.79387
-85.76032278	-95.62623509	0.80515
-85.76032278	-89.99978954	0.82693
-85.76032278	-84.37334399	0.85927
-85.76032278	-78.75262802	0.89985
-85.76032278	-73.12618247	0.94976
-85.76032278	-67.49973693	1.0051
-85.76032278	-61.87329138	1.0568
-85.76032278	-56.25257541	1.1008
-85.76032278	-50.62612986	1.1344
-85.76032278	-44.99968431	1.1612
-85.76032278	-39.37323876	1.1851
-85.76032278	-33.75252279	1.2121
-85.76032278	-28.12607724	1.2476
-85.76032278	-22.4996317	1.297
-85.76032278	-16.87318615	1.3634
-85.76032278	-11.25247018	1.4504
-85.76032278	-5.62602463	1.5577
-85.76032278	0.000420918	1.7001
-85.76032278	5.626866466	1.8726
-85.76032278	11.24758244	2.0737
-85.76032278	16.87402798	2.301
-85.76032278	22.50047353	2.5515
-85.76032278	28.12691908	2.821
-85.76032278	33.74763505	3.1076
-85.76032278	39.3740806	3.4099
-85.76032278	45.00052615	3.7177
-85.76032278	50.6269717	4.0391
-85.76032278	56.24768767	4.337
-85.76032278	61.87413321	4.5887
-85.76032278	67.50057876	4.7838
-85.76032278	73.12702431	4.9219
-85.76032278	78.74774028	5.0028
-85.76032278	84.37418583	5.0251
-85.76032278	90.00063138	4.9879
-85.76032278	95.62707693	4.8929
-85.76032278	101.2477929	4.7498
-85.76032278	106.8742384	4.5702
-85.76032278	112.500684	4.3663
-85.76032278	118.1271295	4.1499
-85.76032278	123.7478455	3.9403
-85.76032278	129.3742911	3.7574
-85.76032278	135.0007366	3.6082
-85.76032278	140.6271822	3.4997
-85.76032278	146.2478981	3.433
-85.76032278	151.8743437	3.3946
-85.76032278	157.5007892	3.3654
-85.76032278	163.1272348	3.3249
-85.76032278	168.7479507	3.2415
-85.76032278	174.3743963	3.0996