85.76032278	-180	158.58
85.76032278	-174.3749983	153.31
85.76032278	-168.7499737	149.08
85.76032278	-163.125247	147.04
85.76032278	-157.4999474	145.74
85.76032278	-151.8752207	147.66
85.76032278	-146.2499211	150.6
85.76032278	-140.6251944	154.72
85.76032278	-134.9998948	158.86
85.76032278	-129.3751681	164.33
85.76032278	-123.7498685	170.47
85.76032278	-118.1262877	177.41
85.76032278	-112.4998422	183.75
85.76032278	-106.8733966	190.89
85.76032278	-101.2526806	199.11
85.76032278	-95.62623509	207.03
85.76032278	-89.99978954	214.78
85.76032278	-84.37334399	219.7
85.76032278	-78.75262802	222.91
85.76032278	-73.12618247	227.21
85.76032278	-67.49973693	231.05
85.76032278	-61.87329138	234.08
85.76032278	-56.25257541	236.8
85.76032278	-50.62612986	238
85.76032278	-44.99968431	236.26
85.76032278	-39.37323876	234.13
85.76032278	-33.75252279	232.95
85.76032278	-28.12607724	229.55
85.76032278	-22.4996317	225.12
85.76032278	-16.87318615	216.34
85.76032278	-11.25247018	206.42
85.76032278	-5.62602463	198.39
85.76032278	0.000420918	190.95
85.76032278	5.626866466	183.3
85.76032278	11.24758244	178.44
85.76032278	16.87402798	174.92
85.76032278	22.50047353	170.58
85.76032278	28.12691908	168.74
85.76032278	33.74763505	167.48
85.76032278	39.3740806	165.2
85.76032278	45.00052615	163.14
85.76032278	50.6269717	160.95
85.76032278	56.24768767	161.37
85.76032278	61.87413321	163.83
85.76032278	67.50057876	166.17
85.76032278	73.12702431	169.48
85.76032278	78.74774028	173.58
85.76032278	84.37418583	177.59
85.76032278	90.00063138	181.96
85.76032278	95.62707693	187.36
85.76032278	101.2477929	192.2
85.76032278	106.8742384	195.52
85.76032278	112.500684	198.97
85.76032278	118.1271295	201.98
85.76032278	123.7478455	202.75
85.76032278	129.3742911	201.69
85.76032278	135.0007366	201.03
85.76032278	140.6271822	199.37
85.76032278	146.2478981	196.52
85.76032278	151.8743437	192.09
85.76032278	157.5007892	185.63
85.76032278	163.1272348	177.94
85.76032278	168.7479507	170.88
85.76032278	174.3743963	164.52
80.2713871	-180	197
80.2713871	-174.3749983	188.9
80.2713871	-168.7499737	186.64
80.2713871	-163.125247	187.28
80.2713871	-157.4999474	190.8
80.2713871	-151.8752207	199.4
80.2713871	-146.2499211	210.09
80.2713871	-140.6251944	222.75
80.2713871	-134.9998948	228.73
80.2713871	-129.3751681	236.2
80.2713871	-123.7498685	240.35
80.2713871	-118.1262877	247.73
80.2713871	-112.4998422	249.62
80.2713871	-106.8733966	251.73
80.2713871	-101.2526806	251.46
80.2713871	-95.62623509	250.24
80.2713871	-89.99978954	250.28
80.2713871	-84.37334399	253.81
80.2713871	-78.75262802	256.61
80.2713871	-73.12618247	258.02
80.2713871	-67.49973693	258.39
80.2713871	-61.87329138	266.26
80.2713871	-56.25257541	271.4
80.2713871	-50.62612986	274.47
80.2713871	-44.99968431	271.99
80.2713871	-39.37323876	267.01
80.2713871	-33.75252279	262.66
80.2713871	-28.12607724	252.3
80.2713871	-22.4996317	238.9
80.2713871	-16.87318615	229.51
80.2713871	-11.25247018	222.03
80.2713871	-5.62602463	216
80.2713871	0.000420918	213.29
80.2713871	5.626866466	213.17
80.2713871	11.24758244	217.06
80.2713871	16.87402798	221.38
80.2713871	22.50047353	227.16
80.2713871	28.12691908	228.71
80.2713871	33.74763505	231.75
80.2713871	39.3740806	226.04
80.2713871	45.00052615	224.97
80.2713871	50.6269717	222.71
80.2713871	56.24768767	218.19
80.2713871	61.87413321	219.7
80.2713871	67.50057876	220.32
80.2713871	73.12702431	221.6
80.2713871	78.74774028	224.42
80.2713871	84.37418583	229.45
80.2713871	90.00063138	234.58
80.2713871	95.62707693	245.17
80.2713871	101.2477929	262.97
80.2713871	106.8742384	285.18
80.2713871	112.500684	316.34
80.2713871	118.1271295	349.05
80.2713871	123.7478455	384.88
80.2713871	129.3742911	417.53
80.2713871	135.0007366	441.78
80.2713871	140.6271822	436.96
80.2713871	146.2478981	414.8
80.2713871	151.8743437	377.6
80.2713871	157.5007892	332.78
80.2713871	163.1272348	282.23
80.2713871	168.7479507	244.65
80.2713871	174.3743963	215.34
74.74234437	-180	299.44
74.74234437	-174.3749983	325.83
74.74234437	-168.7499737	357.06
74.74234437	-163.125247	380.03
74.74234437	-157.4999474	378.27
74.74234437	-151.8752207	360.17
74.74234437	-146.2499211	343.56
74.74234437	-140.6251944	324.68
74.74234437	-134.9998948	302.51
74.74234437	-129.3751681	287.42
74.74234437	-123.7498685	278.9
74.74234437	-118.1262877	274.1
74.74234437	-112.4998422	265.28
74.74234437	-106.8733966	248.5
74.74234437	-101.2526806	223.28
74.74234437	-95.62623509	197.93
74.74234437	-89.99978954	182.08
74.74234437	-84.37334399	172.86
74.74234437	-78.75262802	168.9
74.74234437	-73.12618247	168.51
74.74234437	-67.49973693	179.57
74.74234437	-61.87329138	191.42
74.74234437	-56.25257541	207.02
74.74234437	-50.62612986	211.02
74.74234437	-44.99968431	221.74
74.74234437	-39.37323876	228.34
74.74234437	-33.75252279	226.59
74.74234437	-28.12607724	225.01
74.74234437	-22.4996317	224.36
74.74234437	-16.87318615	215.8
74.74234437	-11.25247018	218.84
74.74234437	-5.62602463	235.55
74.74234437	0.000420918	255.08
74.74234437	5.626866466	272.6
74.74234437	11.24758244	289.82
74.74234437	16.87402798	304.28
74.74234437	22.50047353	314.25
74.74234437	28.12691908	326.39
74.74234437	33.74763505	329.42
74.74234437	39.3740806	328.25
74.74234437	45.00052615	316.92
74.74234437	50.6269717	308.58
74.74234437	56.24768767	300.99
74.74234437	61.87413321	299.59
74.74234437	67.50057876	306.43
74.74234437	73.12702431	313.04
74.74234437	78.74774028	312.09
74.74234437	84.37418583	310.49
74.74234437	90.00063138	293.21
74.74234437	95.62707693	278.72
74.74234437	101.2477929	267.51
74.74234437	106.8742384	263.75
74.74234437	112.500684	281.38
74.74234437	118.1271295	320.87
74.74234437	123.7478455	367.69
74.74234437	129.3742911	433.53
74.74234437	135.0007366	495.98
74.74234437	140.6271822	522.9
74.74234437	146.2478981	502.43
74.74234437	151.8743437	439.83
74.74234437	157.5007892	362.98
74.74234437	163.1272348	306.96
74.74234437	168.7479507	284.09
74.74234437	174.3743963	284.92
69.21330165	-180	518.39
69.21330165	-174.3749983	590.69
69.21330165	-168.7499737	617.36
69.21330165	-163.125247	590.03
69.21330165	-157.4999474	485.41
69.21330165	-151.8752207	356.64
69.21330165	-146.2499211	279.38
69.21330165	-140.6251944	236.05
69.21330165	-134.9998948	230.64
69.21330165	-129.3751681	249.72
69.21330165	-123.7498685	270.32
69.21330165	-118.1262877	280.21
69.21330165	-112.4998422	272.33
69.21330165	-106.8733966	248.46
69.21330165	-101.2526806	228.21
69.21330165	-95.62623509	216.63
69.21330165	-89.99978954	214.05
69.21330165	-84.37334399	223.87
69.21330165	-78.75262802	227.53
69.21330165	-73.12618247	239.28
69.21330165	-67.49973693	258.88
69.21330165	-61.87329138	276.77
69.21330165	-56.25257541	281.26
69.21330165	-50.62612986	283.61
69.21330165	-44.99968431	285.93
69.21330165	-39.37323876	290.08
69.21330165	-33.75252279	289.31
69.21330165	-28.12607724	289.41
69.21330165	-22.4996317	295.36
69.21330165	-16.87318615	300.33
69.21330165	-11.25247018	315.35
69.21330165	-5.62602463	349.49
69.21330165	0.000420918	373.11
69.21330165	5.626866466	379.68
69.21330165	11.24758244	376.18
69.21330165	16.87402798	366.75
69.21330165	22.50047353	339.29
69.21330165	28.12691908	311.99
69.21330165	33.74763505	295.27
69.21330165	39.3740806	286.26
69.21330165	45.00052615	288.17
69.21330165	50.6269717	297.85
69.21330165	56.24768767	311.19
69.21330165	61.87413321	326.8
69.21330165	67.50057876	353.2
69.21330165	73.12702431	387.42
69.21330165	78.74774028	430.64
69.21330165	84.37418583	461.92
69.21330165	90.00063138	458.55
69.21330165	95.62707693	407.99
69.21330165	101.2477929	341.72
69.21330165	106.8742384	287.21
69.21330165	112.500684	268.1
69.21330165	118.1271295	276.47
69.21330165	123.7478455	335.68
69.21330165	129.3742911	436.23
69.21330165	135.0007366	528.42
69.21330165	140.6271822	579.57
69.21330165	146.2478981	532.91
69.21330165	151.8743437	426.46
69.21330165	157.5007892	334.28
69.21330165	163.1272348	300.53
69.21330165	168.7479507	321.51
69.21330165	174.3743963	405.1
63.67852935	-180	681.52
63.67852935	-174.3749983	661.03
63.67852935	-168.7499737	582.16
63.67852935	-163.125247	480.53
63.67852935	-157.4999474	358.98
63.67852935	-151.8752207	269.06
63.67852935	-146.2499211	229.52
63.67852935	-140.6251944	231.59
63.67852935	-134.9998948	269.66
63.67852935	-129.3751681	309.7
63.67852935	-123.7498685	302.96
63.67852935	-118.1262877	263.42
63.67852935	-112.4998422	224.01
63.67852935	-106.8733966	213.11
63.67852935	-101.2526806	223.55
63.67852935	-95.62623509	247.93
63.67852935	-89.99978954	268.17
63.67852935	-84.37334399	265.48
63.67852935	-78.75262802	264.42
63.67852935	-73.12618247	272.17
63.67852935	-67.49973693	297.25
63.67852935	-61.87329138	330.42
63.67852935	-56.25257541	344.65
63.67852935	-50.62612986	335.93
63.67852935	-44.99968431	329.76
63.67852935	-39.37323876	329.67
63.67852935	-33.75252279	341.19
63.67852935	-28.12607724	360.09
63.67852935	-22.4996317	395.07
63.67852935	-16.87318615	417.17
63.67852935	-11.25247018	422.24
63.67852935	-5.62602463	405.79
63.67852935	0.000420918	387.19
63.67852935	5.626866466	369.17
63.67852935	11.24758244	341.03
63.67852935	16.87402798	327.04
63.67852935	22.50047353	302.84
63.67852935	28.12691908	285.19
63.67852935	33.74763505	281.74
63.67852935	39.3740806	295.77
63.67852935	45.00052615	316.02
63.67852935	50.6269717	341.33
63.67852935	56.24768767	347.75
63.67852935	61.87413321	338.45
63.67852935	67.50057876	337.06
63.67852935	73.12702431	353.62
63.67852935	78.74774028	411.84
63.67852935	84.37418583	500.6
63.67852935	90.00063138	598.1
63.67852935	95.62707693	634.14
63.67852935	101.2477929	602.15
63.67852935	106.8742384	526.09
63.67852935	112.500684	436.24
63.67852935	118.1271295	404.96
63.67852935	123.7478455	435.21
63.67852935	129.3742911	550.94
63.67852935	135.0007366	697.22
63.67852935	140.6271822	743.91
63.67852935	146.2478981	679.43
63.67852935	151.8743437	549.93
63.67852935	157.5007892	435.53
63.67852935	163.1272348	403.26
63.67852935	168.7479507	463.07
63.67852935	174.3743963	593.46
58.14375705	-180	582.4
58.14375705	-174.3749983	498.2
58.14375705	-168.7499737	428.33
58.14375705	-163.125247	428.16
58.14375705	-157.4999474	466.37
58.14375705	-151.8752207	490.1
58.14375705	-146.2499211	472.49
58.14375705	-140.6251944	430.95
58.14375705	-134.9998948	375.24
58.14375705	-129.3751681	291.55
58.14375705	-123.7498685	198.59
58.14375705	-118.1262877	128.74
58.14375705	-112.4998422	108.27
58.14375705	-106.8733966	128.59
58.14375705	-101.2526806	149.25
58.14375705	-95.62623509	174.05
58.14375705	-89.99978954	196
58.14375705	-84.37334399	127.41
58.14375705	-78.75262802	79.727
58.14375705	-73.12618247	71.343
58.14375705	-67.49973693	95.983
58.14375705	-61.87329138	164.89
58.14375705	-56.25257541	242.12
58.14375705	-50.62612986	283.77
58.14375705	-44.99968431	296.54
58.14375705	-39.37323876	323.36
58.14375705	-33.75252279	356.67
58.14375705	-28.12607724	404.17
58.14375705	-22.4996317	430.88
58.14375705	-16.87318615	435.09
58.14375705	-11.25247018	409.91
58.14375705	-5.62602463	385.44
58.14375705	0.000420918	356.21
58.14375705	5.626866466	348.2
58.14375705	11.24758244	354.44
58.14375705	16.87402798	376.54
58.14375705	22.50047353	392.46
58.14375705	28.12691908	379.44
58.14375705	33.74763505	362.22
58.14375705	39.3740806	341.09
58.14375705	45.00052615	333.95
58.14375705	50.6269717	354.91
58.14375705	56.24768767	385.39
58.14375705	61.87413321	402.24
58.14375705	67.50057876	379.61
58.14375705	73.12702431	349.22
58.14375705	78.74774028	348.38
58.14375705	84.37418583	380.29
58.14375705	90.00063138	451.51
58.14375705	95.62707693	540.58
58.14375705	101.2477929	621.76
58.14375705	106.8742384	632.56
58.14375705	112.500684	569.33
58.14375705	118.1271295	500.09
58.14375705	123.7478455	483.11
58.14375705	129.3742911	525.02
58.14375705	135.0007366	593.59
58.14375705	140.6271822	620.45
58.14375705	146.2478981	568.95
58.14375705	151.8743437	491.43
58.14375705	157.5007892	472.1
58.14375705	163.1272348	507.31
58.14375705	168.7479507	571.97
58.14375705	174.3743963	608.5
52.60669292	-180	427.6
52.60669292	-174.3749983	386.35
52.60669292	-168.7499737	432.33
52.60669292	-163.125247	520.39
52.60669292	-157.4999474	583.85
52.60669292	-151.8752207	486.93
52.60669292	-146.2499211	310.1
52.60669292	-140.6251944	190.82
52.60669292	-134.9998948	130.85
52.60669292	-129.3751681	91.948
52.60669292	-123.7498685	99.601
52.60669292	-118.1262877	159.92
52.60669292	-112.4998422	245.63
52.60669292	-106.8733966	265.92
52.60669292	-101.2526806	219.17
52.60669292	-95.62623509	183.51
52.60669292	-89.99978954	155.84
52.60669292	-84.37334399	110.43
52.60669292	-78.75262802	90.035
52.60669292	-73.12618247	66.175
52.60669292	-67.49973693	73.387
52.60669292	-61.87329138	116.49
52.60669292	-56.25257541	203.76
52.60669292	-50.62612986	260.31
52.60669292	-44.99968431	290.38
52.60669292	-39.37323876	306.99
52.60669292	-33.75252279	336.91
52.60669292	-28.12607724	381.84
52.60669292	-22.4996317	368.84
52.60669292	-16.87318615	349.69
52.60669292	-11.25247018	337.72
52.60669292	-5.62602463	318.95
52.60669292	0.000420918	296.3
52.60669292	5.626866466	287.3
52.60669292	11.24758244	288.5
52.60669292	16.87402798	291.94
52.60669292	22.50047353	260.69
52.60669292	28.12691908	210.13
52.60669292	33.74763505	177.87
52.60669292	39.3740806	150.07
52.60669292	45.00052615	137.35
52.60669292	50.6269717	152
52.60669292	56.24768767	220.12
52.60669292	61.87413321	310.45
52.60669292	67.50057876	390.58
52.60669292	73.12702431	409.01
52.60669292	78.74774028	388.62
52.60669292	84.37418583	367.21
52.60669292	90.00063138	350.4
52.60669292	95.62707693	340.98
52.60669292	101.2477929	383.05
52.60669292	106.8742384	469.66
52.60669292	112.500684	510.39
52.60669292	118.1271295	451.28
52.60669292	123.7478455	375.5
52.60669292	129.3742911	353.6
52.60669292	135.0007366	389.21
52.60669292	140.6271822	412.52
52.60669292	146.2478981	352.97
52.60669292	151.8743437	308.69
52.60669292	157.5007892	324.08
52.60669292	163.1272348	404.4
52.60669292	168.7479507	460.28
52.60669292	174.3743963	452.96
47.06962879	-180	375.46
47.06962879	-174.3749983	496.27
47.06962879	-168.7499737	507.85
47.06962879	-163.125247	400.73
47.06962879	-157.4999474	296.67
47.06962879	-151.8752207	172.6
47.06962879	-146.2499211	87.184
47.06962879	-140.6251944	59.314
47.06962879	-134.9998948	65.726
47.06962879	-129.3751681	141.73
47.06962879	-123.7498685	416.38
47.06962879	-118.1262877	866.1
47.06962879	-112.4998422	850.77
47.06962879	-106.8733966	647.28
47.06962879	-101.2526806	294.44
47.06962879	-95.62623509	132.49
47.06962879	-89.99978954	102.21
47.06962879	-84.37334399	182.98
47.06962879	-78.75262802	265.06
47.06962879	-73.12618247	205.65
47.06962879	-67.49973693	169.56
47.06962879	-61.87329138	171.18
47.06962879	-56.25257541	210.73
47.06962879	-50.62612986	207.17
47.06962879	-44.99968431	204.16
47.06962879	-39.37323876	221.66
47.06962879	-33.75252279	264.46
47.06962879	-28.12607724	264.23
47.06962879	-22.4996317	209.54
47.06962879	-16.87318615	186.16
47.06962879	-11.25247018	213.22
47.06962879	-5.62602463	220.81
47.06962879	0.000420918	176.28
47.06962879	5.626866466	141.09
47.06962879	11.24758244	126.82
47.06962879	16.87402798	105.04
47.06962879	22.50047353	73.972
47.06962879	28.12691908	55.181
47.06962879	33.74763505	67.793
47.06962879	39.3740806	95.327
47.06962879	45.00052615	93.719
47.06962879	50.6269717	89.062
47.06962879	56.24768767	114.8
47.06962879	61.87413321	155.8
47.06962879	67.50057876	197.81
47.06962879	73.12702431	225.48
47.06962879	78.74774028	299.36
47.06962879	84.37418583	374.54
47.06962879	90.00063138	380.07
47.06962879	95.62707693	331.46
47.06962879	101.2477929	312.93
47.06962879	106.8742384	368.03
47.06962879	112.500684	439
47.06962879	118.1271295	393.18
47.06962879	123.7478455	298.48
47.06962879	129.3742911	286.56
47.06962879	135.0007366	377.77
47.06962879	140.6271822	414.74
47.06962879	146.2478981	312.65
47.06962879	151.8743437	250.17
47.06962879	157.5007892	269.59
47.06962879	163.1272348	312.11
47.06962879	168.7479507	303.61
47.06962879	174.3743963	313.44
41.53256465	-180	375
41.53256465	-174.3749983	519.08
41.53256465	-168.7499737	358.82
41.53256465	-163.125247	187.02
41.53256465	-157.4999474	150.61
41.53256465	-151.8752207	124.76
41.53256465	-146.2499211	98.242
41.53256465	-140.6251944	115.88
41.53256465	-134.9998948	179.71
41.53256465	-129.3751681	359.37
41.53256465	-123.7498685	760.81
41.53256465	-118.1262877	1019.8
41.53256465	-112.4998422	739.31
41.53256465	-106.8733966	363.62
41.53256465	-101.2526806	234.45
41.53256465	-95.62623509	84.469
41.53256465	-89.99978954	43.253
41.53256465	-84.37334399	150.6
41.53256465	-78.75262802	339.59
41.53256465	-73.12618247	342.66
41.53256465	-67.49973693	258.14
41.53256465	-61.87329138	195.71
41.53256465	-56.25257541	138.64
41.53256465	-50.62612986	104.62
41.53256465	-44.99968431	82.791
41.53256465	-39.37323876	95.258
41.53256465	-33.75252279	129.94
41.53256465	-28.12607724	131.19
41.53256465	-22.4996317	94.984
41.53256465	-16.87318615	89.757
41.53256465	-11.25247018	109.79
41.53256465	-5.62602463	104.88
41.53256465	0.000420918	58.256
41.53256465	5.626866466	39.652
41.53256465	11.24758244	44.594
41.53256465	16.87402798	49.27
41.53256465	22.50047353	31.47
41.53256465	28.12691908	30.931
41.53256465	33.74763505	70.136
41.53256465	39.3740806	176.46
41.53256465	45.00052615	219.36
41.53256465	50.6269717	184.33
41.53256465	56.24768767	128.9
41.53256465	61.87413321	101.39
41.53256465	67.50057876	58.755
41.53256465	73.12702431	48.261
41.53256465	78.74774028	91.713
41.53256465	84.37418583	191.06
41.53256465	90.00063138	290.09
41.53256465	95.62707693	326.15
41.53256465	101.2477929	294.81
41.53256465	106.8742384	247.35
41.53256465	112.500684	245.56
41.53256465	118.1271295	257.33
41.53256465	123.7478455	230.29
41.53256465	129.3742911	218.53
41.53256465	135.0007366	232.85
41.53256465	140.6271822	187.47
41.53256465	146.2478981	108.41
41.53256465	151.8743437	92.421
41.53256465	157.5007892	183.97
41.53256465	163.1272348	279.23
41.53256465	168.7479507	220.01
41.53256465	174.3743963	216.75
35.99492756	-180	273.99
35.99492756	-174.3749983	341.65
35.99492756	-168.7499737	153.92
35.99492756	-163.125247	73.491
35.99492756	-157.4999474	157.83
35.99492756	-151.8752207	191.28
35.99492756	-146.2499211	77.794
35.99492756	-140.6251944	31.731
35.99492756	-134.9998948	59.623
35.99492756	-129.3751681	103.79
35.99492756	-123.7498685	319.99
35.99492756	-118.1262877	847.12
35.99492756	-112.4998422	523.5
35.99492756	-106.8733966	139.94
35.99492756	-101.2526806	82.301
35.99492756	-95.62623509	43.211
35.99492756	-89.99978954	26.007
35.99492756	-84.37334399	64.942
35.99492756	-78.75262802	136.08
35.99492756	-73.12618247	156.49
35.99492756	-67.49973693	133.24
35.99492756	-61.87329138	120.15
35.99492756	-56.25257541	85.349
35.99492756	-50.62612986	54.402
35.99492756	-44.99968431	41.928
35.99492756	-39.37323876	34.318
35.99492756	-33.75252279	38.143
35.99492756	-28.12607724	41.445
35.99492756	-22.4996317	30.074
35.99492756	-16.87318615	27.562
35.99492756	-11.25247018	30.739
35.99492756	-5.62602463	31.549
35.99492756	0.000420918	20.815
35.99492756	5.626866466	13.585
35.99492756	11.24758244	19.243
35.99492756	16.87402798	26.589
35.99492756	22.50047353	18.179
35.99492756	28.12691908	19.796
35.99492756	33.74763505	60.192
35.99492756	39.3740806	133.77
35.99492756	45.00052615	161.83
35.99492756	50.6269717	145.63
35.99492756	56.24768767	131.95
35.99492756	61.87413321	112.2
35.99492756	67.50057876	74.57
35.99492756	73.12702431	59.037
35.99492756	78.74774028	74.667
35.99492756	84.37418583	94.82
35.99492756	90.00063138	111.98
35.99492756	95.62707693	163.31
35.99492756	101.2477929	190.81
35.99492756	106.8742384	131.85
35.99492756	112.500684	103.57
35.99492756	118.1271295	145.53
35.99492756	123.7478455	176.11
35.99492756	129.3742911	85.917
35.99492756	135.0007366	43.918
35.99492756	140.6271822	48.055
35.99492756	146.2478981	52.126
35.99492756	151.8743437	43.054
35.99492756	157.5007892	99.094
35.99492756	163.1272348	229.64
35.99492756	168.7479507	207.6
35.99492756	174.3743963	161.52
30.45729047	-180	154.7
30.45729047	-174.3749983	168.46
30.45729047	-168.7499737	53.486
30.45729047	-163.125247	59.658
30.45729047	-157.4999474	159.96
30.45729047	-151.8752207	53.613
30.45729047	-146.2499211	9.6239
30.45729047	-140.6251944	23.542
30.45729047	-134.9998948	37.284
30.45729047	-129.3751681	10.037
30.45729047	-123.7498685	22.758
30.45729047	-118.1262877	179.95
30.45729047	-112.4998422	243.93
30.45729047	-106.8733966	50.183
30.45729047	-101.2526806	18.516
30.45729047	-95.62623509	27.815
30.45729047	-89.99978954	31.884
30.45729047	-84.37334399	33.88
30.45729047	-78.75262802	39.804
30.45729047	-73.12618247	42.933
30.45729047	-67.49973693	30.977
30.45729047	-61.87329138	17.968
30.45729047	-56.25257541	11.378
30.45729047	-50.62612986	10.799
30.45729047	-44.99968431	11.792
30.45729047	-39.37323876	11.907
30.45729047	-33.75252279	7.4148
30.45729047	-28.12607724	9.497
30.45729047	-22.4996317	17.152
30.45729047	-16.87318615	16.501
30.45729047	-11.25247018	9.0024
30.45729047	-5.62602463	7.5799
30.45729047	0.000420918	12.011
30.45729047	5.626866466	11.226
30.45729047	11.24758244	14.225
30.45729047	16.87402798	18.81
30.45729047	22.50047353	18.521
30.45729047	28.12691908	23.504
30.45729047	33.74763505	48.956
30.45729047	39.3740806	63.016
30.45729047	45.00052615	49.962
30.45729047	50.6269717	51.374
30.45729047	56.24768767	82.357
30.45729047	61.87413321	111.58
30.45729047	67.50057876	151.32
30.45729047	73.12702431	163.62
30.45729047	78.74774028	154.03
30.45729047	84.37418583	92.295
30.45729047	90.00063138	45.295
30.45729047	95.62707693	64.125
30.45729047	101.2477929	107.68
30.45729047	106.8742384	89.385
30.45729047	112.500684	56.969
30.45729047	118.1271295	97.074
30.45729047	123.7478455	120.66
30.45729047	129.3742911	39.083
30.45729047	135.0007366	61.279
30.45729047	140.6271822	453.58
30.45729047	146.2478981	561.4
30.45729047	151.8743437	165.5
30.45729047	157.5007892	153.41
30.45729047	163.1272348	167.94
30.45729047	168.7479507	151.67
30.45729047	174.3743963	107.02
24.91965338	-180	53.095
24.91965338	-174.3749983	88.292
24.91965338	-168.7499737	46.059
24.91965338	-163.125247	62.065
24.91965338	-157.4999474	84.958
24.91965338	-151.8752207	14.859
24.91965338	-146.2499211	22.205
24.91965338	-140.6251944	366.09
24.91965338	-134.9998948	455.16
24.91965338	-129.3751681	71.48
24.91965338	-123.7498685	4.9324
24.91965338	-118.1262877	24.587
24.91965338	-112.4998422	96.693
24.91965338	-106.8733966	26.642
24.91965338	-101.2526806	9.29
24.91965338	-95.62623509	32.047
24.91965338	-89.99978954	39.525
24.91965338	-84.37334399	26.721
24.91965338	-78.75262802	24.67
24.91965338	-73.12618247	28.513
24.91965338	-67.49973693	12.424
24.91965338	-61.87329138	4.3875
24.91965338	-56.25257541	2.3146
24.91965338	-50.62612986	1.7138
24.91965338	-44.99968431	3.8708
24.91965338	-39.37323876	6.8927
24.91965338	-33.75252279	4.3831
24.91965338	-28.12607724	6.4806
24.91965338	-22.4996317	25.51
24.91965338	-16.87318615	42.83
24.91965338	-11.25247018	11.257
24.91965338	-5.62602463	10.108
24.91965338	0.000420918	23.995
24.91965338	5.626866466	12.064
24.91965338	11.24758244	5.6456
24.91965338	16.87402798	11.754
24.91965338	22.50047353	27.049
24.91965338	28.12691908	33.649
24.91965338	33.74763505	48.714
24.91965338	39.3740806	57.487
24.91965338	45.00052615	48.361
24.91965338	50.6269717	63.206
24.91965338	56.24768767	93.202
24.91965338	61.87413321	107.56
24.91965338	67.50057876	142.65
24.91965338	73.12702431	145.41
24.91965338	78.74774028	100.53
24.91965338	84.37418583	50.048
24.91965338	90.00063138	35.251
24.91965338	95.62707693	27.86
24.91965338	101.2477929	46.21
24.91965338	106.8742384	56.098
24.91965338	112.500684	38.871
24.91965338	118.1271295	58.057
24.91965338	123.7478455	72.746
24.91965338	129.3742911	34.527
24.91965338	135.0007366	226.52
24.91965338	140.6271822	808.01
24.91965338	146.2478981	1504.8
24.91965338	151.8743437	579.88
24.91965338	157.5007892	153.27
24.91965338	163.1272348	47.328
24.91965338	168.7479507	62.073
24.91965338	174.3743963	48.785
19.38201629	-180	29.692
19.38201629	-174.3749983	83.721
19.38201629	-168.7499737	48.105
19.38201629	-163.125247	78.198
19.38201629	-157.4999474	120.16
19.38201629	-151.8752207	26.931
19.38201629	-146.2499211	60.369
19.38201629	-140.6251944	641.03
19.38201629	-134.9998948	1551.2
19.38201629	-129.3751681	963.09
19.38201629	-123.7498685	65.98
19.38201629	-118.1262877	20.145
19.38201629	-112.4998422	96.02
19.38201629	-106.8733966	85.88
19.38201629	-101.2526806	46.009
19.38201629	-95.62623509	48.337
19.38201629	-89.99978954	25.299
19.38201629	-84.37334399	10.819
19.38201629	-78.75262802	8.605
19.38201629	-73.12618247	25.63
19.38201629	-67.49973693	21.896
19.38201629	-61.87329138	13.981
19.38201629	-56.25257541	9.8578
19.38201629	-50.62612986	4.2832
19.38201629	-44.99968431	3.4851
19.38201629	-39.37323876	10.71
19.38201629	-33.75252279	9.0909
19.38201629	-28.12607724	5.2475
19.38201629	-22.4996317	19.971
19.38201629	-16.87318615	43.614
19.38201629	-11.25247018	24.354
19.38201629	-5.62602463	21.65
19.38201629	0.000420918	33.023
19.38201629	5.626866466	14.449
19.38201629	11.24758244	6.9987
19.38201629	16.87402798	21.337
19.38201629	22.50047353	44.279
19.38201629	28.12691908	36.564
19.38201629	33.74763505	43.776
19.38201629	39.3740806	72.787
19.38201629	45.00052615	107.29
19.38201629	50.6269717	141.48
19.38201629	56.24768767	115.35
19.38201629	61.87413321	100.77
19.38201629	67.50057876	118.75
19.38201629	73.12702431	74.214
19.38201629	78.74774028	15.706
19.38201629	84.37418583	14.055
19.38201629	90.00063138	35.663
19.38201629	95.62707693	30.318
19.38201629	101.2477929	24.115
19.38201629	106.8742384	26.047
19.38201629	112.500684	26.058
19.38201629	118.1271295	27.558
19.38201629	123.7478455	28.318
19.38201629	129.3742911	19.766
19.38201629	135.0007366	69.061
19.38201629	140.6271822	348.6
19.38201629	146.2478981	783.69
19.38201629	151.8743437	417.36
19.38201629	157.5007892	52.829
19.38201629	163.1272348	14.47
19.38201629	168.7479507	53.277
19.38201629	174.3743963	29.414
13.8443792	-180	41.183
13.8443792	-174.3749983	91.51
13.8443792	-168.7499737	46.071
13.8443792	-163.125247	74.342
13.8443792	-157.4999474	170.37
13.8443792	-151.8752207	49.313
13.8443792	-146.2499211	43.831
13.8443792	-140.6251944	446.19
13.8443792	-134.9998948	1324.5
13.8443792	-129.3751681	515.8
13.8443792	-123.7498685	38.606
13.8443792	-118.1262877	14.083
13.8443792	-112.4998422	107.21
13.8443792	-106.8733966	268.37
13.8443792	-101.2526806	139.01
13.8443792	-95.62623509	70.4
13.8443792	-89.99978954	22.751
13.8443792	-84.37334399	2.4629
13.8443792	-78.75262802	1.1428
13.8443792	-73.12618247	6.5649
13.8443792	-67.49973693	12.885
13.8443792	-61.87329138	15.229
13.8443792	-56.25257541	21.643
13.8443792	-50.62612986	9.9661
13.8443792	-44.99968431	3.7678
13.8443792	-39.37323876	6.6993
13.8443792	-33.75252279	11.042
13.8443792	-28.12607724	6.9481
13.8443792	-22.4996317	8.8932
13.8443792	-16.87318615	32.606
13.8443792	-11.25247018	28.603
13.8443792	-5.62602463	22.634
13.8443792	0.000420918	29.867
13.8443792	5.626866466	28.244
13.8443792	11.24758244	39.656
13.8443792	16.87402798	88.994
13.8443792	22.50047353	97.743
13.8443792	28.12691908	63.05
13.8443792	33.74763505	62.062
13.8443792	39.3740806	97.995
13.8443792	45.00052615	194.15
13.8443792	50.6269717	236.5
13.8443792	56.24768767	146.1
13.8443792	61.87413321	155.75
13.8443792	67.50057876	210.47
13.8443792	73.12702431	70.435
13.8443792	78.74774028	8.8254
13.8443792	84.37418583	4.901
13.8443792	90.00063138	25.937
13.8443792	95.62707693	26.882
13.8443792	101.2477929	21.264
13.8443792	106.8742384	18.553
13.8443792	112.500684	29.429
13.8443792	118.1271295	28.712
13.8443792	123.7478455	16.076
13.8443792	129.3742911	14.16
13.8443792	135.0007366	43.8
13.8443792	140.6271822	47.711
13.8443792	146.2478981	47.682
13.8443792	151.8743437	31.16
13.8443792	157.5007892	4.8134
13.8443792	163.1272348	15.752
13.8443792	168.7479507	80.567
13.8443792	174.3743963	42.303
8.306742114	-180	59.958
8.306742114	-174.3749983	88.168
8.306742114	-168.7499737	42.116
8.306742114	-163.125247	30.336
8.306742114	-157.4999474	63.413
8.306742114	-151.8752207	54.592
8.306742114	-146.2499211	11.532
8.306742114	-140.6251944	13.033
8.306742114	-134.9998948	59.446
8.306742114	-129.3751681	49.265
8.306742114	-123.7498685	47.591
8.306742114	-118.1262877	79.297
8.306742114	-112.4998422	216.55
8.306742114	-106.8733966	312.8
8.306742114	-101.2526806	201.13
8.306742114	-95.62623509	96.27
8.306742114	-89.99978954	38.115
8.306742114	-84.37334399	10.434
8.306742114	-78.75262802	6.32
8.306742114	-73.12618247	16.547
8.306742114	-67.49973693	13.328
8.306742114	-61.87329138	4.6837
8.306742114	-56.25257541	13.884
8.306742114	-50.62612986	22.66
8.306742114	-44.99968431	3.5888
8.306742114	-39.37323876	4.1425
8.306742114	-33.75252279	8.2968
8.306742114	-28.12607724	12.729
8.306742114	-22.4996317	12.333
8.306742114	-16.87318615	19.796
8.306742114	-11.25247018	18.555
8.306742114	-5.62602463	19.731
8.306742114	0.000420918	31.86
8.306742114	5.626866466	53.297
8.306742114	11.24758244	75.237
8.306742114	16.87402798	90.552
8.306742114	22.50047353	109.43
8.306742114	28.12691908	133.85
8.306742114	33.74763505	125.5
8.306742114	39.3740806	121.45
8.306742114	45.00052615	230.18
8.306742114	50.6269717	299.72
8.306742114	56.24768767	171.1
8.306742114	61.87413321	215.76
8.306742114	67.50057876	376.59
8.306742114	73.12702431	128.37
8.306742114	78.74774028	15.218
8.306742114	84.37418583	5.2385
8.306742114	90.00063138	18.399
8.306742114	95.62707693	27.716
8.306742114	101.2477929	39.028
8.306742114	106.8742384	79.694
8.306742114	112.500684	118.75
8.306742114	118.1271295	71.536
8.306742114	123.7478455	13.562
8.306742114	129.3742911	5.8226
8.306742114	135.0007366	17.798
8.306742114	140.6271822	22.221
8.306742114	146.2478981	8.6552
8.306742114	151.8743437	15.464
8.306742114	157.5007892	35.767
8.306742114	163.1272348	74.367
8.306742114	168.7479507	83.026
8.306742114	174.3743963	45.761
2.768904489	-180	65.918
2.768904489	-174.3749983	55.897
2.768904489	-168.7499737	31.177
2.768904489	-163.125247	32.6
2.768904489	-157.4999474	28.784
2.768904489	-151.8752207	24.578
2.768904489	-146.2499211	23.769
2.768904489	-140.6251944	33.47
2.768904489	-134.9998948	31.37
2.768904489	-129.3751681	60.083
2.768904489	-123.7498685	240.86
2.768904489	-118.1262877	401.34
2.768904489	-112.4998422	422.71
2.768904489	-106.8733966	284.45
2.768904489	-101.2526806	219.54
2.768904489	-95.62623509	98.16
2.768904489	-89.99978954	65.314
2.768904489	-84.37334399	61.304
2.768904489	-78.75262802	53.804
2.768904489	-73.12618247	129.53
2.768904489	-67.49973693	157.84
2.768904489	-61.87329138	43.623
2.768904489	-56.25257541	32.191
2.768904489	-50.62612986	110.31
2.768904489	-44.99968431	76.662
2.768904489	-39.37323876	8.6096
2.768904489	-33.75252279	4.5628
2.768904489	-28.12607724	10.244
2.768904489	-22.4996317	12.144
2.768904489	-16.87318615	9.4649
2.768904489	-11.25247018	10.313
2.768904489	-5.62602463	22.452
2.768904489	0.000420918	38.095
2.768904489	5.626866466	39.906
2.768904489	11.24758244	39.294
2.768904489	16.87402798	54.179
2.768904489	22.50047353	100.91
2.768904489	28.12691908	179.11
2.768904489	33.74763505	127.99
2.768904489	39.3740806	106.35
2.768904489	45.00052615	231.02
2.768904489	50.6269717	355.93
2.768904489	56.24768767	197.43
2.768904489	61.87413321	201.54
2.768904489	67.50057876	358.82
2.768904489	73.12702431	272.09
2.768904489	78.74774028	113.73
2.768904489	84.37418583	61.692
2.768904489	90.00063138	50.991
2.768904489	95.62707693	78.821
2.768904489	101.2477929	112.77
2.768904489	106.8742384	100.23
2.768904489	112.500684	140.1
2.768904489	118.1271295	245.47
2.768904489	123.7478455	90.799
2.768904489	129.3742911	9.6298
2.768904489	135.0007366	4.4255
2.768904489	140.6271822	13.35
2.768904489	146.2478981	14.249
2.768904489	151.8743437	13.634
2.768904489	157.5007892	29.616
2.768904489	163.1272348	41.189
2.768904489	168.7479507	45.101
2.768904489	174.3743963	49.371
-2.768904489	-180	62.361
-2.768904489	-174.3749983	12.882
-2.768904489	-168.7499737	9.6643
-2.768904489	-163.125247	28.304
-2.768904489	-157.4999474	34.238
-2.768904489	-151.8752207	15.644
-2.768904489	-146.2499211	51.335
-2.768904489	-140.6251944	188.95
-2.768904489	-134.9998948	203.79
-2.768904489	-129.3751681	297.42
-2.768904489	-123.7498685	683.57
-2.768904489	-118.1262877	523.8
-2.768904489	-112.4998422	263.92
-2.768904489	-106.8733966	226.04
-2.768904489	-101.2526806	315.31
-2.768904489	-95.62623509	207.48
-2.768904489	-89.99978954	144.45
-2.768904489	-84.37334399	161.92
-2.768904489	-78.75262802	60.957
-2.768904489	-73.12618247	71.506
-2.768904489	-67.49973693	263.33
-2.768904489	-61.87329138	221.23
-2.768904489	-56.25257541	172.28
-2.768904489	-50.62612986	302.49
-2.768904489	-44.99968431	162.86
-2.768904489	-39.37323876	13.189
-2.768904489	-33.75252279	2.4613
-2.768904489	-28.12607724	5.54
-2.768904489	-22.4996317	9.437
-2.768904489	-16.87318615	8.126
-2.768904489	-11.25247018	8.2561
-2.768904489	-5.62602463	17.42
-2.768904489	0.000420918	23.556
-2.768904489	5.626866466	23.674
-2.768904489	11.24758244	35.895
-2.768904489	16.87402798	75.657
-2.768904489	22.50047353	145.96
-2.768904489	28.12691908	203.28
-2.768904489	33.74763505	134.78
-2.768904489	39.3740806	126.58
-2.768904489	45.00052615	266.28
-2.768904489	50.6269717	372.82
-2.768904489	56.24768767	235.43
-2.768904489	61.87413321	231.42
-2.768904489	67.50057876	330.63
-2.768904489	73.12702431	276.62
-2.768904489	78.74774028	229.45
-2.768904489	84.37418583	334.41
-2.768904489	90.00063138	319.22
-2.768904489	95.62707693	361.19
-2.768904489	101.2477929	358.42
-2.768904489	106.8742384	100.25
-2.768904489	112.500684	76.808
-2.768904489	118.1271295	359.12
-2.768904489	123.7478455	502.25
-2.768904489	129.3742911	143.46
-2.768904489	135.0007366	23.769
-2.768904489	140.6271822	11.311
-2.768904489	146.2478981	9.5374
-2.768904489	151.8743437	9.4851
-2.768904489	157.5007892	10.034
-2.768904489	163.1272348	14.681
-2.768904489	168.7479507	24.62
-2.768904489	174.3743963	59.945
-8.306742114	-180	95.5
-8.306742114	-174.3749983	37.48
-8.306742114	-168.7499737	8.5237
-8.306742114	-163.125247	17.012
-8.306742114	-157.4999474	44.806
-8.306742114	-151.8752207	32.204
-8.306742114	-146.2499211	54.658
-8.306742114	-140.6251944	113.19
-8.306742114	-134.9998948	205.43
-8.306742114	-129.3751681	390.78
-8.306742114	-123.7498685	616.95
-8.306742114	-118.1262877	459.86
-8.306742114	-112.4998422	276.8
-8.306742114	-106.8733966	155.84
-8.306742114	-101.2526806	415.58
-8.306742114	-95.62623509	368.85
-8.306742114	-89.99978954	179.51
-8.306742114	-84.37334399	151.58
-8.306742114	-78.75262802	18.768
-8.306742114	-73.12618247	3.0698
-8.306742114	-67.49973693	60.891
-8.306742114	-61.87329138	197.18
-8.306742114	-56.25257541	200.24
-8.306742114	-50.62612986	47.749
-8.306742114	-44.99968431	5.1673
-8.306742114	-39.37323876	2.4221
-8.306742114	-33.75252279	2.6402
-8.306742114	-28.12607724	4.1736
-8.306742114	-22.4996317	6.5319
-8.306742114	-16.87318615	10.403
-8.306742114	-11.25247018	11.7
-8.306742114	-5.62602463	12.518
-8.306742114	0.000420918	13.805
-8.306742114	5.626866466	19.168
-8.306742114	11.24758244	45.865
-8.306742114	16.87402798	103.52
-8.306742114	22.50047353	199.98
-8.306742114	28.12691908	241.47
-8.306742114	33.74763505	180.28
-8.306742114	39.3740806	163.66
-8.306742114	45.00052615	244.67
-8.306742114	50.6269717	244.32
-8.306742114	56.24768767	183.07
-8.306742114	61.87413321	237.53
-8.306742114	67.50057876	268.51
-8.306742114	73.12702431	140.08
-8.306742114	78.74774028	220.24
-8.306742114	84.37418583	492.02
-8.306742114	90.00063138	514.55
-8.306742114	95.62707693	412.69
-8.306742114	101.2477929	307.82
-8.306742114	106.8742384	123.22
-8.306742114	112.500684	97.317
-8.306742114	118.1271295	293.48
-8.306742114	123.7478455	617.61
-8.306742114	129.3742911	416.81
-8.306742114	135.0007366	176.82
-8.306742114	140.6271822	114.05
-8.306742114	146.2478981	64.031
-8.306742114	151.8743437	25.714
-8.306742114	157.5007892	16.948
-8.306742114	163.1272348	8.3869
-8.306742114	168.7479507	7.5608
-8.306742114	174.3743963	27.612
-13.8443792	-180	97.601
-13.8443792	-174.3749983	136.42
-13.8443792	-168.7499737	27.843
-13.8443792	-163.125247	9.9732
-13.8443792	-157.4999474	32.667
-13.8443792	-151.8752207	71.837
-13.8443792	-146.2499211	96.218
-13.8443792	-140.6251944	83.448
-13.8443792	-134.9998948	178.31
-13.8443792	-129.3751681	309.97
-13.8443792	-123.7498685	667.94
-13.8443792	-118.1262877	798.75
-13.8443792	-112.4998422	172.38
-13.8443792	-106.8733966	67.036
-13.8443792	-101.2526806	309.54
-13.8443792	-95.62623509	248.44
-13.8443792	-89.99978954	141.59
-13.8443792	-84.37334399	201.98
-13.8443792	-78.75262802	49.252
-13.8443792	-73.12618247	3.0729
-13.8443792	-67.49973693	25.585
-13.8443792	-61.87329138	107.36
-13.8443792	-56.25257541	53.087
-13.8443792	-50.62612986	1.221
-13.8443792	-44.99968431	0.7144
-13.8443792	-39.37323876	10.493
-13.8443792	-33.75252279	14.401
-13.8443792	-28.12607724	4.0325
-13.8443792	-22.4996317	6.7552
-13.8443792	-16.87318615	13.637
-13.8443792	-11.25247018	11.803
-13.8443792	-5.62602463	13.804
-13.8443792	0.000420918	21.079
-13.8443792	5.626866466	34.044
-13.8443792	11.24758244	50.359
-13.8443792	16.87402798	76.441
-13.8443792	22.50047353	133.89
-13.8443792	28.12691908	169.98
-13.8443792	33.74763505	152.91
-13.8443792	39.3740806	157.75
-13.8443792	45.00052615	190.36
-13.8443792	50.6269717	150.5
-13.8443792	56.24768767	101.78
-13.8443792	61.87413321	108.3
-13.8443792	67.50057876	101.09
-13.8443792	73.12702431	40.887
-13.8443792	78.74774028	103.23
-13.8443792	84.37418583	339.06
-13.8443792	90.00063138	343.61
-13.8443792	95.62707693	143.78
-13.8443792	101.2477929	102.33
-13.8443792	106.8742384	124.04
-13.8443792	112.500684	136.92
-13.8443792	118.1271295	183.34
-13.8443792	123.7478455	195.26
-13.8443792	129.3742911	148.41
-13.8443792	135.0007366	152.58
-13.8443792	140.6271822	226.18
-13.8443792	146.2478981	237.57
-13.8443792	151.8743437	157.42
-13.8443792	157.5007892	86.065
-13.8443792	163.1272348	22.41
-13.8443792	168.7479507	7.4482
-13.8443792	174.3743963	19.993
-19.38201629	-180	140.88
-19.38201629	-174.3749983	190.93
-19.38201629	-168.7499737	70.452
-19.38201629	-163.125247	16.039
-19.38201629	-157.4999474	23.424
-19.38201629	-151.8752207	61.674
-19.38201629	-146.2499211	111.75
-19.38201629	-140.6251944	114.08
-19.38201629	-134.9998948	132.42
-19.38201629	-129.3751681	189.23
-19.38201629	-123.7498685	430.57
-19.38201629	-118.1262877	305.03
-19.38201629	-112.4998422	28.262
-19.38201629	-106.8733966	41.565
-19.38201629	-101.2526806	209.81
-19.38201629	-95.62623509	138.9
-19.38201629	-89.99978954	35.12
-19.38201629	-84.37334399	93.041
-19.38201629	-78.75262802	94.346
-19.38201629	-73.12618247	31.453
-19.38201629	-67.49973693	98.301
-19.38201629	-61.87329138	153.53
-19.38201629	-56.25257541	53.886
-19.38201629	-50.62612986	4.7374
-19.38201629	-44.99968431	20.36
-19.38201629	-39.37323876	71.639
-19.38201629	-33.75252279	28.393
-19.38201629	-28.12607724	3.4933
-19.38201629	-22.4996317	10.17
-19.38201629	-16.87318615	15.762
-19.38201629	-11.25247018	13.954
-19.38201629	-5.62602463	21.285
-19.38201629	0.000420918	41.362
-19.38201629	5.626866466	49.841
-19.38201629	11.24758244	49.446
-19.38201629	16.87402798	49.964
-19.38201629	22.50047353	52.134
-19.38201629	28.12691908	58.436
-19.38201629	33.74763505	63.43
-19.38201629	39.3740806	69.03
-19.38201629	45.00052615	90.579
-19.38201629	50.6269717	107.45
-19.38201629	56.24768767	71.36
-19.38201629	61.87413321	36.269
-19.38201629	67.50057876	32.167
-19.38201629	73.12702431	32.599
-19.38201629	78.74774028	56.808
-19.38201629	84.37418583	126.27
-19.38201629	90.00063138	228.79
-19.38201629	95.62707693	172.04
-19.38201629	101.2477929	117.5
-19.38201629	106.8742384	111.27
-19.38201629	112.500684	102.9
-19.38201629	118.1271295	117.88
-19.38201629	123.7478455	128.28
-19.38201629	129.3742911	92.368
-19.38201629	135.0007366	91.35
-19.38201629	140.6271822	111.95
-19.38201629	146.2478981	145.2
-19.38201629	151.8743437	118.3
-19.38201629	157.5007892	61.086
-19.38201629	163.1272348	39.267
-19.38201629	168.7479507	37.547
-19.38201629	174.3743963	71.062
-24.91965338	-180	107.89
-24.91965338	-174.3749983	135.69
-24.91965338	-168.7499737	129.25
-24.91965338	-163.125247	59.4
-24.91965338	-157.4999474	31.634
-24.91965338	-151.8752207	22.909
-24.91965338	-146.2499211	50.9
-24.91965338	-140.6251944	88.002
-24.91965338	-134.9998948	75.223
-24.91965338	-129.3751681	64.68
-24.91965338	-123.7498685	82.685
-24.91965338	-118.1262877	85.61
-24.91965338	-112.4998422	56.621
-24.91965338	-106.8733966	85.942
-24.91965338	-101.2526806	141.54
-24.91965338	-95.62623509	57.01
-24.91965338	-89.99978954	9.152
-24.91965338	-84.37334399	11.851
-24.91965338	-78.75262802	31.581
-24.91965338	-73.12618247	64.057
-24.91965338	-67.49973693	129.86
-24.91965338	-61.87329138	94.12
-24.91965338	-56.25257541	41.721
-24.91965338	-50.62612986	26.508
-24.91965338	-44.99968431	59.26
-24.91965338	-39.37323876	43.733
-24.91965338	-33.75252279	10.888
-24.91965338	-28.12607724	6.8234
-24.91965338	-22.4996317	23.101
-24.91965338	-16.87318615	29.425
-24.91965338	-11.25247018	32.565
-24.91965338	-5.62602463	51.821
-24.91965338	0.000420918	65.075
-24.91965338	5.626866466	41.94
-24.91965338	11.24758244	40.57
-24.91965338	16.87402798	47.103
-24.91965338	22.50047353	33.085
-24.91965338	28.12691908	26.835
-24.91965338	33.74763505	41.1
-24.91965338	39.3740806	62.616
-24.91965338	45.00052615	82.808
-24.91965338	50.6269717	89.886
-24.91965338	56.24768767	48.337
-24.91965338	61.87413321	17.814
-24.91965338	67.50057876	10.604
-24.91965338	73.12702431	13.186
-24.91965338	78.74774028	16.564
-24.91965338	84.37418583	20.419
-24.91965338	90.00063138	47.192
-24.91965338	95.62707693	112.54
-24.91965338	101.2477929	147.18
-24.91965338	106.8742384	88.074
-24.91965338	112.500684	47.477
-24.91965338	118.1271295	61.117
-24.91965338	123.7478455	130.75
-24.91965338	129.3742911	137.97
-24.91965338	135.0007366	84.985
-24.91965338	140.6271822	47.857
-24.91965338	146.2478981	38.805
-24.91965338	151.8743437	30.917
-24.91965338	157.5007892	34.288
-24.91965338	163.1272348	66.428
-24.91965338	168.7479507	107.16
-24.91965338	174.3743963	107.74
-30.45729047	-180	30.498
-30.45729047	-174.3749983	88.756
-30.45729047	-168.7499737	176.22
-30.45729047	-163.125247	140.7
-30.45729047	-157.4999474	52.566
-30.45729047	-151.8752207	23.86
-30.45729047	-146.2499211	26.754
-30.45729047	-140.6251944	57.489
-30.45729047	-134.9998948	69.412
-30.45729047	-129.3751681	73.978
-30.45729047	-123.7498685	94.962
-30.45729047	-118.1262877	119.84
-30.45729047	-112.4998422	133.1
-30.45729047	-106.8733966	136.9
-30.45729047	-101.2526806	104.12
-30.45729047	-95.62623509	47.172
-30.45729047	-89.99978954	23.806
-30.45729047	-84.37334399	31.802
-30.45729047	-78.75262802	47.874
-30.45729047	-73.12618247	60.419
-30.45729047	-67.49973693	55.88
-30.45729047	-61.87329138	34.067
-30.45729047	-56.25257541	21.931
-30.45729047	-50.62612986	25.022
-30.45729047	-44.99968431	25.579
-30.45729047	-39.37323876	16.194
-30.45729047	-33.75252279	12.197
-30.45729047	-28.12607724	28.921
-30.45729047	-22.4996317	41.807
-30.45729047	-16.87318615	31.352
-30.45729047	-11.25247018	41.953
-30.45729047	-5.62602463	68.556
-30.45729047	0.000420918	47.002
-30.45729047	5.626866466	22.689
-30.45729047	11.24758244	35.512
-30.45729047	16.87402798	53.108
-30.45729047	22.50047353	31.98
-30.45729047	28.12691908	22.048
-30.45729047	33.74763505	38.147
-30.45729047	39.3740806	61.364
-30.45729047	45.00052615	64.998
-30.45729047	50.6269717	56.444
-30.45729047	56.24768767	25.746
-30.45729047	61.87413321	8.4555
-30.45729047	67.50057876	5.9118
-30.45729047	73.12702431	3.8887
-30.45729047	78.74774028	3.4114
-30.45729047	84.37418583	2.2291
-30.45729047	90.00063138	4.7092
-30.45729047	95.62707693	10.264
-30.45729047	101.2477929	37.68
-30.45729047	106.8742384	52.138
-30.45729047	112.500684	41.244
-30.45729047	118.1271295	38.037
-30.45729047	123.7478455	67.688
-30.45729047	129.3742911	70.666
-30.45729047	135.0007366	43.949
-30.45729047	140.6271822	34.511
-30.45729047	146.2478981	29.904
-30.45729047	151.8743437	27.139
-30.45729047	157.5007892	39.31
-30.45729047	163.1272348	52.456
-30.45729047	168.7479507	46.056
-30.45729047	174.3743963	29.976
-35.99492756	-180	26.536
-35.99492756	-174.3749983	56.526
-35.99492756	-168.7499737	87.22
-35.99492756	-163.125247	78.529
-35.99492756	-157.4999474	52.351
-35.99492756	-151.8752207	33.754
-35.99492756	-146.2499211	30.393
-35.99492756	-140.6251944	35.386
-35.99492756	-134.9998948	41.547
-35.99492756	-129.3751681	53.855
-35.99492756	-123.7498685	69.748
-35.99492756	-118.1262877	68.641
-35.99492756	-112.4998422	57.856
-35.99492756	-106.8733966	70.149
-35.99492756	-101.2526806	87.253
-35.99492756	-95.62623509	103.31
-35.99492756	-89.99978954	123.2
-35.99492756	-84.37334399	146.87
-35.99492756	-78.75262802	131.64
-35.99492756	-73.12618247	106.87
-35.99492756	-67.49973693	80.428
-35.99492756	-61.87329138	66.154
-35.99492756	-56.25257541	68.624
-35.99492756	-50.62612986	65.579
-35.99492756	-44.99968431	35.826
-35.99492756	-39.37323876	15.74
-35.99492756	-33.75252279	17.515
-35.99492756	-28.12607724	33.11
-35.99492756	-22.4996317	22.963
-35.99492756	-16.87318615	14.525
-35.99492756	-11.25247018	28.407
-35.99492756	-5.62602463	43.817
-35.99492756	0.000420918	23.174
-35.99492756	5.626866466	15.701
-35.99492756	11.24758244	36.094
-35.99492756	16.87402798	69.9
-35.99492756	22.50047353	51.353
-35.99492756	28.12691908	41.498
-35.99492756	33.74763505	66.963
-35.99492756	39.3740806	91.31
-35.99492756	45.00052615	76.374
-35.99492756	50.6269717	39.071
-35.99492756	56.24768767	17.835
-35.99492756	61.87413321	18.753
-35.99492756	67.50057876	22.268
-35.99492756	73.12702431	20.868
-35.99492756	78.74774028	14.453
-35.99492756	84.37418583	8.6628
-35.99492756	90.00063138	4.4467
-35.99492756	95.62707693	5.3438
-35.99492756	101.2477929	21.474
-35.99492756	106.8742384	38.938
-35.99492756	112.500684	32.785
-35.99492756	118.1271295	21.662
-35.99492756	123.7478455	27.467
-35.99492756	129.3742911	43.733
-35.99492756	135.0007366	46.229
-35.99492756	140.6271822	59.875
-35.99492756	146.2478981	54.33
-35.99492756	151.8743437	42.662
-35.99492756	157.5007892	41.757
-35.99492756	163.1272348	41.879
-35.99492756	168.7479507	36.834
-35.99492756	174.3743963	27.913
-41.53256465	-180	79.332
-41.53256465	-174.3749983	56.489
-41.53256465	-168.7499737	38.947
-41.53256465	-163.125247	37.46
-41.53256465	-157.4999474	52.09
-41.53256465	-151.8752207	72.035
-41.53256465	-146.2499211	69.223
-41.53256465	-140.6251944	48.659
-41.53256465	-134.9998948	38.913
-41.53256465	-129.3751681	39.354
-41.53256465	-123.7498685	36.578
-41.53256465	-118.1262877	26.992
-41.53256465	-112.4998422	22.771
-41.53256465	-106.8733966	37.515
-41.53256465	-101.2526806	77.553
-41.53256465	-95.62623509	118.72
-41.53256465	-89.99978954	119.42
-41.53256465	-84.37334399	97.97
-41.53256465	-78.75262802	92.619
-41.53256465	-73.12618247	93.255
-41.53256465	-67.49973693	101.55
-41.53256465	-61.87329138	117.82
-41.53256465	-56.25257541	122.19
-41.53256465	-50.62612986	72.387
-41.53256465	-44.99968431	23.7
-41.53256465	-39.37323876	7.9468
-41.53256465	-33.75252279	10.951
-41.53256465	-28.12607724	23.225
-41.53256465	-22.4996317	22.238
-41.53256465	-16.87318615	21.105
-41.53256465	-11.25247018	34.43
-41.53256465	-5.62602463	44.262
-41.53256465	0.000420918	31.068
-41.53256465	5.626866466	25.898
-41.53256465	11.24758244	46.261
-41.53256465	16.87402798	83.116
-41.53256465	22.50047353	73.298
-41.53256465	28.12691908	79.592
-41.53256465	33.74763505	139.3
-41.53256465	39.3740806	161.39
-41.53256465	45.00052615	86.835
-41.53256465	50.6269717	39.936
-41.53256465	56.24768767	35.345
-41.53256465	61.87413321	62.591
-41.53256465	67.50057876	91.057
-41.53256465	73.12702431	88.124
-41.53256465	78.74774028	70.002
-41.53256465	84.37418583	48.664
-41.53256465	90.00063138	24.739
-41.53256465	95.62707693	25.745
-41.53256465	101.2477929	61.158
-41.53256465	106.8742384	88.571
-41.53256465	112.500684	58.327
-41.53256465	118.1271295	33.516
-41.53256465	123.7478455	39.904
-41.53256465	129.3742911	78.268
-41.53256465	135.0007366	95.92
-41.53256465	140.6271822	88.021
-41.53256465	146.2478981	75.447
-41.53256465	151.8743437	63.677
-41.53256465	157.5007892	68.669
-41.53256465	163.1272348	88.139
-41.53256465	168.7479507	106.22
-41.53256465	174.3743963	102
-47.06962879	-180	124.09
-47.06962879	-174.3749983	94.801
-47.06962879	-168.7499737	75.666
-47.06962879	-163.125247	76.954
-47.06962879	-157.4999474	107.33
-47.06962879	-151.8752207	145.14
-47.06962879	-146.2499211	143.62
-47.06962879	-140.6251944	113.23
-47.06962879	-134.9998948	93.573
-47.06962879	-129.3751681	80.775
-47.06962879	-123.7498685	66.276
-47.06962879	-118.1262877	45.414
-47.06962879	-112.4998422	44.262
-47.06962879	-106.8733966	72.115
-47.06962879	-101.2526806	95.118
-47.06962879	-95.62623509	73.235
-47.06962879	-89.99978954	39.463
-47.06962879	-84.37334399	29.094
-47.06962879	-78.75262802	40.313
-47.06962879	-73.12618247	73.104
-47.06962879	-67.49973693	92.963
-47.06962879	-61.87329138	101.1
-47.06962879	-56.25257541	76.934
-47.06962879	-50.62612986	26.66
-47.06962879	-44.99968431	14.106
-47.06962879	-39.37323876	6.8567
-47.06962879	-33.75252279	12.328
-47.06962879	-28.12607724	54.427
-47.06962879	-22.4996317	70.6
-47.06962879	-16.87318615	58.354
-47.06962879	-11.25247018	58.365
-47.06962879	-5.62602463	60.676
-47.06962879	0.000420918	57.789
-47.06962879	5.626866466	58.653
-47.06962879	11.24758244	64.527
-47.06962879	16.87402798	72.276
-47.06962879	22.50047353	71.359
-47.06962879	28.12691908	103.35
-47.06962879	33.74763505	192.75
-47.06962879	39.3740806	220.96
-47.06962879	45.00052615	125.46
-47.06962879	50.6269717	79.338
-47.06962879	56.24768767	82.927
-47.06962879	61.87413321	151.05
-47.06962879	67.50057876	182.11
-47.06962879	73.12702431	147.41
-47.06962879	78.74774028	115.42
-47.06962879	84.37418583	105.73
-47.06962879	90.00063138	138.38
-47.06962879	95.62707693	214.72
-47.06962879	101.2477929	280.1
-47.06962879	106.8742384	223.95
-47.06962879	112.500684	133.6
-47.06962879	118.1271295	84.657
-47.06962879	123.7478455	90.692
-47.06962879	129.3742911	143.65
-47.06962879	135.0007366	143.91
-47.06962879	140.6271822	99.074
-47.06962879	146.2478981	92.999
-47.06962879	151.8743437	100.19
-47.06962879	157.5007892	138.94
-47.06962879	163.1272348	187.84
-47.06962879	168.7479507	188.02
-47.06962879	174.3743963	157.67
-52.60669292	-180	141.28
-52.60669292	-174.3749983	147.68
-52.60669292	-168.7499737	160.54
-52.60669292	-163.125247	166.14
-52.60669292	-157.4999474	153.39
-52.60669292	-151.8752207	140.14
-52.60669292	-146.2499211	132.17
-52.60669292	-140.6251944	133.96
-52.60669292	-134.9998948	133.29
-52.60669292	-129.3751681	109.82
-52.60669292	-123.7498685	85.58
-52.60669292	-118.1262877	69.651
-52.60669292	-112.4998422	82.814
-52.60669292	-106.8733966	129.42
-52.60669292	-101.2526806	131.18
-52.60669292	-95.62623509	77.869
-52.60669292	-89.99978954	48.15
-52.60669292	-84.37334399	37.181
-52.60669292	-78.75262802	42.886
-52.60669292	-73.12618247	76.374
-52.60669292	-67.49973693	87.669
-52.60669292	-61.87329138	89.96
-52.60669292	-56.25257541	79.477
-52.60669292	-50.62612986	46.765
-52.60669292	-44.99968431	27.33
-52.60669292	-39.37323876	18.414
-52.60669292	-33.75252279	37.877
-52.60669292	-28.12607724	112.76
-52.60669292	-22.4996317	122.9
-52.60669292	-16.87318615	88.289
-52.60669292	-11.25247018	74.18
-52.60669292	-5.62602463	79.334
-52.60669292	0.000420918	93.289
-52.60669292	5.626866466	99.655
-52.60669292	11.24758244	93.631
-52.60669292	16.87402798	89.553
-52.60669292	22.50047353	93.009
-52.60669292	28.12691908	127.88
-52.60669292	33.74763505	222.4
-52.60669292	39.3740806	333.31
-52.60669292	45.00052615	319.89
-52.60669292	50.6269717	235.46
-52.60669292	56.24768767	254.05
-52.60669292	61.87413321	349.4
-52.60669292	67.50057876	396.01
-52.60669292	73.12702431	339.84
-52.60669292	78.74774028	277.13
-52.60669292	84.37418583	315.9
-52.60669292	90.00063138	511.26
-52.60669292	95.62707693	730.16
-52.60669292	101.2477929	657.04
-52.60669292	106.8742384	424.9
-52.60669292	112.500684	236.49
-52.60669292	118.1271295	135.45
-52.60669292	123.7478455	105.01
-52.60669292	129.3742911	114.66
-52.60669292	135.0007366	131.49
-52.60669292	140.6271822	125.21
-52.60669292	146.2478981	140.36
-52.60669292	151.8743437	180.22
-52.60669292	157.5007892	236.76
-52.60669292	163.1272348	231.44
-52.60669292	168.7479507	176.85
-52.60669292	174.3743963	146.66
-58.14375705	-180	164.16
-58.14375705	-174.3749983	179.18
-58.14375705	-168.7499737	188.78
-58.14375705	-163.125247	163.9
-58.14375705	-157.4999474	129.51
-58.14375705	-151.8752207	110.5
-58.14375705	-146.2499211	107.72
-58.14375705	-140.6251944	124.2
-58.14375705	-134.9998948	135.19
-58.14375705	-129.3751681	116.12
-58.14375705	-123.7498685	94.582
-58.14375705	-118.1262877	82.937
-58.14375705	-112.4998422	82.371
-58.14375705	-106.8733966	101.73
-58.14375705	-101.2526806	115.57
-58.14375705	-95.62623509	103.67
-58.14375705	-89.99978954	85.794
-58.14375705	-84.37334399	66.388
-58.14375705	-78.75262802	61.111
-58.14375705	-73.12618247	76.202
-58.14375705	-67.49973693	98.781
-58.14375705	-61.87329138	126.28
-58.14375705	-56.25257541	146.81
-58.14375705	-50.62612986	135.94
-58.14375705	-44.99968431	122.97
-58.14375705	-39.37323876	175.7
-58.14375705	-33.75252279	191.3
-58.14375705	-28.12607724	195.26
-58.14375705	-22.4996317	150.86
-58.14375705	-16.87318615	114.82
-58.14375705	-11.25247018	105.19
-58.14375705	-5.62602463	110.65
-58.14375705	0.000420918	120.64
-58.14375705	5.626866466	123.52
-58.14375705	11.24758244	121.15
-58.14375705	16.87402798	124.73
-58.14375705	22.50047353	148.39
-58.14375705	28.12691908	189.42
-58.14375705	33.74763505	290.02
-58.14375705	39.3740806	441.2
-58.14375705	45.00052615	552.37
-58.14375705	50.6269717	555.09
-58.14375705	56.24768767	583.58
-58.14375705	61.87413321	608.93
-58.14375705	67.50057876	601.53
-58.14375705	73.12702431	604.33
-58.14375705	78.74774028	641.32
-58.14375705	84.37418583	703.27
-58.14375705	90.00063138	774.36
-58.14375705	95.62707693	763.65
-58.14375705	101.2477929	618.04
-58.14375705	106.8742384	423.53
-58.14375705	112.500684	253.67
-58.14375705	118.1271295	155.03
-58.14375705	123.7478455	109.11
-58.14375705	129.3742911	93.275
-58.14375705	135.0007366	96.243
-58.14375705	140.6271822	119.34
-58.14375705	146.2478981	170.48
-58.14375705	151.8743437	243.71
-58.14375705	157.5007892	281.04
-58.14375705	163.1272348	248
-58.14375705	168.7479507	193.57
-58.14375705	174.3743963	168.56
-63.67852935	-180	163.01
-63.67852935	-174.3749983	152.37
-63.67852935	-168.7499737	137.89
-63.67852935	-163.125247	127.52
-63.67852935	-157.4999474	125.49
-63.67852935	-151.8752207	140.05
-63.67852935	-146.2499211	175.5
-63.67852935	-140.6251944	225.95
-63.67852935	-134.9998948	245.99
-63.67852935	-129.3751681	224.39
-63.67852935	-123.7498685	187.08
-63.67852935	-118.1262877	154.89
-63.67852935	-112.4998422	127.57
-63.67852935	-106.8733966	114.42
-63.67852935	-101.2526806	107.99
-63.67852935	-95.62623509	103.01
-63.67852935	-89.99978954	91.899
-63.67852935	-84.37334399	78.905
-63.67852935	-78.75262802	70.804
-63.67852935	-73.12618247	72.289
-63.67852935	-67.49973693	87.909
-63.67852935	-61.87329138	116.02
-63.67852935	-56.25257541	162.37
-63.67852935	-50.62612986	200.52
-63.67852935	-44.99968431	221.43
-63.67852935	-39.37323876	228.75
-63.67852935	-33.75252279	214.68
-63.67852935	-28.12607724	184.34
-63.67852935	-22.4996317	163.56
-63.67852935	-16.87318615	160.16
-63.67852935	-11.25247018	158.39
-63.67852935	-5.62602463	151.11
-63.67852935	0.000420918	139.71
-63.67852935	5.626866466	125.05
-63.67852935	11.24758244	106.41
-63.67852935	16.87402798	101.39
-63.67852935	22.50047353	114.04
-63.67852935	28.12691908	152.07
-63.67852935	33.74763505	208.66
-63.67852935	39.3740806	286.02
-63.67852935	45.00052615	370.72
-63.67852935	50.6269717	441.4
-63.67852935	56.24768767	457.09
-63.67852935	61.87413321	442.08
-63.67852935	67.50057876	427.94
-63.67852935	73.12702431	438.98
-63.67852935	78.74774028	467.72
-63.67852935	84.37418583	487.82
-63.67852935	90.00063138	484.22
-63.67852935	95.62707693	456.09
-63.67852935	101.2477929	368.11
-63.67852935	106.8742384	271.59
-63.67852935	112.500684	196.54
-63.67852935	118.1271295	152.77
-63.67852935	123.7478455	122.7
-63.67852935	129.3742911	103.16
-63.67852935	135.0007366	92.734
-63.67852935	140.6271822	101.42
-63.67852935	146.2478981	135.32
-63.67852935	151.8743437	183.4
-63.67852935	157.5007892	214.84
-63.67852935	163.1272348	216.47
-63.67852935	168.7479507	198.97
-63.67852935	174.3743963	178.27
-69.21330165	-180	144.18
-69.21330165	-174.3749983	130.13
-69.21330165	-168.7499737	111.16
-69.21330165	-163.125247	102.68
-69.21330165	-157.4999474	103.99
-69.21330165	-151.8752207	113.83
-69.21330165	-146.2499211	136.21
-69.21330165	-140.6251944	165.39
-69.21330165	-134.9998948	191.22
-69.21330165	-129.3751681	212.93
-69.21330165	-123.7498685	220.6
-69.21330165	-118.1262877	205.53
-69.21330165	-112.4998422	179.37
-69.21330165	-106.8733966	153.59
-69.21330165	-101.2526806	134.06
-69.21330165	-95.62623509	119.72
-69.21330165	-89.99978954	110.04
-69.21330165	-84.37334399	101.37
-69.21330165	-78.75262802	95.075
-69.21330165	-73.12618247	91.573
-69.21330165	-67.49973693	92.344
-69.21330165	-61.87329138	98.582
-69.21330165	-56.25257541	103.17
-69.21330165	-50.62612986	106.22
-69.21330165	-44.99968431	104.14
-69.21330165	-39.37323876	100.6
-69.21330165	-33.75252279	97.379
-69.21330165	-28.12607724	100.31
-69.21330165	-22.4996317	115.69
-69.21330165	-16.87318615	135.21
-69.21330165	-11.25247018	152.5
-69.21330165	-5.62602463	154.86
-69.21330165	0.000420918	144.99
-69.21330165	5.626866466	130.2
-69.21330165	11.24758244	108.83
-69.21330165	16.87402798	88.62
-69.21330165	22.50047353	77.609
-69.21330165	28.12691908	79.111
-69.21330165	33.74763505	95.277
-69.21330165	39.3740806	119.88
-69.21330165	45.00052615	152.27
-69.21330165	50.6269717	187.62
-69.21330165	56.24768767	206.42
-69.21330165	61.87413321	211.13
-69.21330165	67.50057876	213.27
-69.21330165	73.12702431	217.2
-69.21330165	78.74774028	225.88
-69.21330165	84.37418583	228.89
-69.21330165	90.00063138	217.34
-69.21330165	95.62707693	198.84
-69.21330165	101.2477929	173.89
-69.21330165	106.8742384	156.67
-69.21330165	112.500684	149.39
-69.21330165	118.1271295	145.51
-69.21330165	123.7478455	139.02
-69.21330165	129.3742911	125.79
-69.21330165	135.0007366	109.9
-69.21330165	140.6271822	101.66
-69.21330165	146.2478981	106.88
-69.21330165	151.8743437	121.71
-69.21330165	157.5007892	137.11
-69.21330165	163.1272348	145.92
-69.21330165	168.7479507	147.9
-69.21330165	174.3743963	153.81
-74.74234437	-180	249.58
-74.74234437	-174.3749983	235.31
-74.74234437	-168.7499737	197.51
-74.74234437	-163.125247	156.66
-74.74234437	-157.4999474	122.46
-74.74234437	-151.8752207	99.423
-74.74234437	-146.2499211	86.125
-74.74234437	-140.6251944	81.412
-74.74234437	-134.9998948	79.764
-74.74234437	-129.3751681	85.935
-74.74234437	-123.7498685	92.481
-74.74234437	-118.1262877	95.194
-74.74234437	-112.4998422	95.555
-74.74234437	-106.8733966	95.641
-74.74234437	-101.2526806	95.068
-74.74234437	-95.62623509	99.129
-74.74234437	-89.99978954	105.79
-74.74234437	-84.37334399	117
-74.74234437	-78.75262802	125.47
-74.74234437	-73.12618247	130.03
-74.74234437	-67.49973693	126.58
-74.74234437	-61.87329138	114.92
-74.74234437	-56.25257541	101.19
-74.74234437	-50.62612986	86.591
-74.74234437	-44.99968431	75.219
-74.74234437	-39.37323876	69.39
-74.74234437	-33.75252279	68.173
-74.74234437	-28.12607724	75.324
-74.74234437	-22.4996317	90.388
-74.74234437	-16.87318615	111.13
-74.74234437	-11.25247018	136.42
-74.74234437	-5.62602463	158.03
-74.74234437	0.000420918	170.53
-74.74234437	5.626866466	173.54
-74.74234437	11.24758244	166.85
-74.74234437	16.87402798	157.49
-74.74234437	22.50047353	150.83
-74.74234437	28.12691908	143.23
-74.74234437	33.74763505	144.29
-74.74234437	39.3740806	149.57
-74.74234437	45.00052615	163.64
-74.74234437	50.6269717	173.05
-74.74234437	56.24768767	174.31
-74.74234437	61.87413321	166.21
-74.74234437	67.50057876	150.72
-74.74234437	73.12702431	134.02
-74.74234437	78.74774028	120.3
-74.74234437	84.37418583	109.51
-74.74234437	90.00063138	99.594
-74.74234437	95.62707693	92.434
-74.74234437	101.2477929	92.828
-74.74234437	106.8742384	98.737
-74.74234437	112.500684	108.03
-74.74234437	118.1271295	116.02
-74.74234437	123.7478455	120.23
-74.74234437	129.3742911	123.57
-74.74234437	135.0007366	124.23
-74.74234437	140.6271822	127.65
-74.74234437	146.2478981	135.82
-74.74234437	151.8743437	155.16
-74.74234437	157.5007892	177.08
-74.74234437	163.1272348	199.3
-74.74234437	168.7479507	221.84
-74.74234437	174.3743963	242.61
-80.2713871	-180	277.7
-80.2713871	-174.3749983	293.45
-80.2713871	-168.7499737	297.06
-80.2713871	-163.125247	288.81
-80.2713871	-157.4999474	269.12
-80.2713871	-151.8752207	240.69
-80.2713871	-146.2499211	210.39
-80.2713871	-140.6251944	182.29
-80.2713871	-134.9998948	157.84
-80.2713871	-129.3751681	138.82
-80.2713871	-123.7498685	126.27
-80.2713871	-118.1262877	117.91
-80.2713871	-112.4998422	112.19
-80.2713871	-106.8733966	112.29
-80.2713871	-101.2526806	116.28
-80.2713871	-95.62623509	122.42
-80.2713871	-89.99978954	130.23
-80.2713871	-84.37334399	141.16
-80.2713871	-78.75262802	151.69
-80.2713871	-73.12618247	160.6
-80.2713871	-67.49973693	163.53
-80.2713871	-61.87329138	162.44
-80.2713871	-56.25257541	156.73
-80.2713871	-50.62612986	148.22
-80.2713871	-44.99968431	139.28
-80.2713871	-39.37323876	129.53
-80.2713871	-33.75252279	124.15
-80.2713871	-28.12607724	126.58
-80.2713871	-22.4996317	136.17
-80.2713871	-16.87318615	151.26
-80.2713871	-11.25247018	164.11
-80.2713871	-5.62602463	176.46
-80.2713871	0.000420918	192.7
-80.2713871	5.626866466	208.54
-80.2713871	11.24758244	221.57
-80.2713871	16.87402798	237.18
-80.2713871	22.50047353	243.96
-80.2713871	28.12691908	250.94
-80.2713871	33.74763505	256.19
-80.2713871	39.3740806	257.87
-80.2713871	45.00052615	251.2
-80.2713871	50.6269717	239.07
-80.2713871	56.24768767	216.88
-80.2713871	61.87413321	189.75
-80.2713871	67.50057876	165.64
-80.2713871	73.12702431	148.23
-80.2713871	78.74774028	131.29
-80.2713871	84.37418583	114.72
-80.2713871	90.00063138	105.67
-80.2713871	95.62707693	99.811
-80.2713871	101.2477929	93.996
-80.2713871	106.8742384	91.873
-80.2713871	112.500684	95.436
-80.2713871	118.1271295	99.582
-80.2713871	123.7478455	107.81
-80.2713871	129.3742911	118.89
-80.2713871	135.0007366	130.75
-80.2713871	140.6271822	146.34
-80.2713871	146.2478981	164.93
-80.2713871	151.8743437	181.86
-80.2713871	157.5007892	198.06
-80.2713871	163.1272348	216.75
-80.2713871	168.7479507	235
-80.2713871	174.3743963	255.59
-85.76032278	-180	440.78
-85.76032278	-174.3749983	434.69
-85.76032278	-168.7499737	406.22
-85.76032278	-163.125247	362.79
-85.76032278	-157.4999474	312.86
-85.76032278	-151.8752207	262.73
-85.76032278	-146.2499211	218.91
-85.76032278	-140.6251944	181.9
-85.76032278	-134.9998948	153.99
-85.76032278	-129.3751681	132.95
-85.76032278	-123.7498685	117.87
-85.76032278	-118.1262877	106.52
-85.76032278	-112.4998422	97.943
-85.76032278	-106.8733966	91.697
-85.76032278	-101.2526806	87.017
-85.76032278	-95.62623509	83.712
-85.76032278	-89.99978954	80.827
-85.76032278	-84.37334399	79.28
-85.76032278	-78.75262802	79.151
-85.76032278	-73.12618247	78.736
-85.76032278	-67.49973693	78.277
-85.76032278	-61.87329138	77.838
-85.76032278	-56.25257541	77.541
-85.76032278	-50.62612986	77.136
-85.76032278	-44.99968431	77.117
-85.76032278	-39.37323876	77.302
-85.76032278	-33.75252279	78.553
-85.76032278	-28.12607724	80.671
-85.76032278	-22.4996317	83.53
-85.76032278	-16.87318615	86.603
-85.76032278	-11.25247018	89.794
-85.76032278	-5.62602463	93.247
-85.76032278	0.000420918	96.334
-85.76032278	5.626866466	98.32
-85.76032278	11.24758244	99.543
-85.76032278	16.87402798	99.854
-85.76032278	22.50047353	98.491
-85.76032278	28.12691908	95.558
-85.76032278	33.74763505	91.069
-85.76032278	39.3740806	85.727
-85.76032278	45.00052615	80.425
-85.76032278	50.6269717	75.716
-85.76032278	56.24768767	71.21
-85.76032278	61.87413321	67.479
-85.76032278	67.50057876	64.601
-85.76032278	73.12702431	62.168
-85.76032278	78.74774028	60.53
-85.76032278	84.37418583	59.96
-85.76032278	90.00063138	59.867
-85.76032278	95.62707693	60.479
-85.76032278	101.2477929	61.934
-85.76032278	106.8742384	64.462
-85.76032278	112.500684	67.914
-85.76032278	118.1271295	73.38
-85.76032278	123.7478455	82.172
-85.76032278	129.3742911	94.962
-85.76032278	135.0007366	113.35
-85.76032278	140.6271822	139.84
-85.76032278	146.2478981	175.68
-85.76032278	151.8743437	221.98
-85.76032278	157.5007892	276.61
-85.76032278	163.1272348	334.46
-85.76032278	168.7479507	386.79
-85.76032278	174.3743963	424.5