85.76032278	-180	237.68
85.76032278	-174.3749983	234.67
85.76032278	-168.7499737	232.99
85.76032278	-163.125247	232.83
85.76032278	-157.4999474	231.56
85.76032278	-151.8752207	232.58
85.76032278	-146.2499211	235.53
85.76032278	-140.6251944	237.99
85.76032278	-134.9998948	240.79
85.76032278	-129.3751681	244.63
85.76032278	-123.7498685	247.89
85.76032278	-118.1262877	251.13
85.76032278	-112.4998422	256.91
85.76032278	-106.8733966	258.46
85.76032278	-101.2526806	263.72
85.76032278	-95.62623509	269.38
85.76032278	-89.99978954	277.79
85.76032278	-84.37334399	284
85.76032278	-78.75262802	291.76
85.76032278	-73.12618247	300.79
85.76032278	-67.49973693	308.21
85.76032278	-61.87329138	313.64
85.76032278	-56.25257541	318.95
85.76032278	-50.62612986	321.65
85.76032278	-44.99968431	320.85
85.76032278	-39.37323876	317.64
85.76032278	-33.75252279	313.55
85.76032278	-28.12607724	308.05
85.76032278	-22.4996317	301.71
85.76032278	-16.87318615	295.38
85.76032278	-11.25247018	289.57
85.76032278	-5.62602463	279.2
85.76032278	0.000420918	270.32
85.76032278	5.626866466	262
85.76032278	11.24758244	257.28
85.76032278	16.87402798	254.22
85.76032278	22.50047353	252.45
85.76032278	28.12691908	249.81
85.76032278	33.74763505	246.76
85.76032278	39.3740806	245.1
85.76032278	45.00052615	245.65
85.76032278	50.6269717	246.87
85.76032278	56.24768767	250.53
85.76032278	61.87413321	253.75
85.76032278	67.50057876	259.26
85.76032278	73.12702431	263.35
85.76032278	78.74774028	265.71
85.76032278	84.37418583	270.08
85.76032278	90.00063138	273.62
85.76032278	95.62707693	276.46
85.76032278	101.2477929	277.85
85.76032278	106.8742384	280.15
85.76032278	112.500684	282.52
85.76032278	118.1271295	284.13
85.76032278	123.7478455	285.44
85.76032278	129.3742911	281.15
85.76032278	135.0007366	278.66
85.76032278	140.6271822	275.98
85.76032278	146.2478981	269.02
85.76032278	151.8743437	261.95
85.76032278	157.5007892	255.82
85.76032278	163.1272348	250.79
85.76032278	168.7479507	245.33
85.76032278	174.3743963	242.24
80.2713871	-180	303.9
80.2713871	-174.3749983	297.44
80.2713871	-168.7499737	296.16
80.2713871	-163.125247	297.34
80.2713871	-157.4999474	300.83
80.2713871	-151.8752207	304.37
80.2713871	-146.2499211	310.09
80.2713871	-140.6251944	313.51
80.2713871	-134.9998948	316.58
80.2713871	-129.3751681	320.57
80.2713871	-123.7498685	330.73
80.2713871	-118.1262877	336.06
80.2713871	-112.4998422	337.13
80.2713871	-106.8733966	338.52
80.2713871	-101.2526806	338.52
80.2713871	-95.62623509	337.77
80.2713871	-89.99978954	341.98
80.2713871	-84.37334399	349.89
80.2713871	-78.75262802	356.49
80.2713871	-73.12618247	363.66
80.2713871	-67.49973693	376.67
80.2713871	-61.87329138	385.08
80.2713871	-56.25257541	392.38
80.2713871	-50.62612986	397.05
80.2713871	-44.99968431	398.62
80.2713871	-39.37323876	397.57
80.2713871	-33.75252279	384.89
80.2713871	-28.12607724	369.88
80.2713871	-22.4996317	360.34
80.2713871	-16.87318615	343.17
80.2713871	-11.25247018	328.87
80.2713871	-5.62602463	321.08
80.2713871	0.000420918	314.4
80.2713871	5.626866466	313.26
80.2713871	11.24758244	320.45
80.2713871	16.87402798	326.32
80.2713871	22.50047353	332.37
80.2713871	28.12691908	338.46
80.2713871	33.74763505	341.77
80.2713871	39.3740806	348.25
80.2713871	45.00052615	348.01
80.2713871	50.6269717	345.52
80.2713871	56.24768767	343.38
80.2713871	61.87413321	335.65
80.2713871	67.50057876	335.45
80.2713871	73.12702431	334.22
80.2713871	78.74774028	338.65
80.2713871	84.37418583	344.45
80.2713871	90.00063138	353.1
80.2713871	95.62707693	367.2
80.2713871	101.2477929	383.89
80.2713871	106.8742384	401.19
80.2713871	112.500684	416.8
80.2713871	118.1271295	446.49
80.2713871	123.7478455	465.47
80.2713871	129.3742911	492.18
80.2713871	135.0007366	509.19
80.2713871	140.6271822	509.76
80.2713871	146.2478981	491.46
80.2713871	151.8743437	455.93
80.2713871	157.5007892	410.59
80.2713871	163.1272348	371.12
80.2713871	168.7479507	340.13
80.2713871	174.3743963	318.38
74.74234437	-180	363.32
74.74234437	-174.3749983	400.11
74.74234437	-168.7499737	436.35
74.74234437	-163.125247	467.02
74.74234437	-157.4999474	474.93
74.74234437	-151.8752207	471.99
74.74234437	-146.2499211	453.57
74.74234437	-140.6251944	433.77
74.74234437	-134.9998948	422.27
74.74234437	-129.3751681	425.29
74.74234437	-123.7498685	420.81
74.74234437	-118.1262877	413.49
74.74234437	-112.4998422	397.81
74.74234437	-106.8733966	377.99
74.74234437	-101.2526806	350.7
74.74234437	-95.62623509	325.12
74.74234437	-89.99978954	302.95
74.74234437	-84.37334399	292.44
74.74234437	-78.75262802	289.3
74.74234437	-73.12618247	287.62
74.74234437	-67.49973693	295.49
74.74234437	-61.87329138	308.98
74.74234437	-56.25257541	326.13
74.74234437	-50.62612986	348.38
74.74234437	-44.99968431	372.61
74.74234437	-39.37323876	381.24
74.74234437	-33.75252279	379.74
74.74234437	-28.12607724	373.82
74.74234437	-22.4996317	367.39
74.74234437	-16.87318615	360.45
74.74234437	-11.25247018	355.75
74.74234437	-5.62602463	357.04
74.74234437	0.000420918	373.12
74.74234437	5.626866466	393.72
74.74234437	11.24758244	410.89
74.74234437	16.87402798	421.25
74.74234437	22.50047353	423.64
74.74234437	28.12691908	433.87
74.74234437	33.74763505	450.02
74.74234437	39.3740806	456.72
74.74234437	45.00052615	467.12
74.74234437	50.6269717	474.55
74.74234437	56.24768767	477.83
74.74234437	61.87413321	467.53
74.74234437	67.50057876	457.72
74.74234437	73.12702431	448.14
74.74234437	78.74774028	447.43
74.74234437	84.37418583	424.67
74.74234437	90.00063138	407.13
74.74234437	95.62707693	394.56
74.74234437	101.2477929	384.07
74.74234437	106.8742384	385.76
74.74234437	112.500684	397.45
74.74234437	118.1271295	419.34
74.74234437	123.7478455	458.68
74.74234437	129.3742911	517.33
74.74234437	135.0007366	575.87
74.74234437	140.6271822	600.44
74.74234437	146.2478981	570.65
74.74234437	151.8743437	502.81
74.74234437	157.5007892	425.99
74.74234437	163.1272348	372.47
74.74234437	168.7479507	344.53
74.74234437	174.3743963	341.42
69.21330165	-180	511.66
69.21330165	-174.3749983	659.22
69.21330165	-168.7499737	744.08
69.21330165	-163.125247	739.5
69.21330165	-157.4999474	611.2
69.21330165	-151.8752207	471.01
69.21330165	-146.2499211	384.64
69.21330165	-140.6251944	347.85
69.21330165	-134.9998948	338.94
69.21330165	-129.3751681	357.3
69.21330165	-123.7498685	380.48
69.21330165	-118.1262877	382.75
69.21330165	-112.4998422	362.59
69.21330165	-106.8733966	341.58
69.21330165	-101.2526806	323.08
69.21330165	-95.62623509	317.02
69.21330165	-89.99978954	314.72
69.21330165	-84.37334399	315.1
69.21330165	-78.75262802	332.53
69.21330165	-73.12618247	355.69
69.21330165	-67.49973693	370.71
69.21330165	-61.87329138	389.77
69.21330165	-56.25257541	415.88
69.21330165	-50.62612986	448.02
69.21330165	-44.99968431	449.76
69.21330165	-39.37323876	444.81
69.21330165	-33.75252279	449.34
69.21330165	-28.12607724	441.48
69.21330165	-22.4996317	441.99
69.21330165	-16.87318615	457.51
69.21330165	-11.25247018	473.23
69.21330165	-5.62602463	483.02
69.21330165	0.000420918	484.54
69.21330165	5.626866466	496.12
69.21330165	11.24758244	504.72
69.21330165	16.87402798	477
69.21330165	22.50047353	450.13
69.21330165	28.12691908	417.74
69.21330165	33.74763505	386.05
69.21330165	39.3740806	376.53
69.21330165	45.00052615	383.27
69.21330165	50.6269717	400.74
69.21330165	56.24768767	427.59
69.21330165	61.87413321	453.81
69.21330165	67.50057876	477.45
69.21330165	73.12702431	499.37
69.21330165	78.74774028	525.04
69.21330165	84.37418583	548.96
69.21330165	90.00063138	571.02
69.21330165	95.62707693	568.88
69.21330165	101.2477929	528.1
69.21330165	106.8742384	459.28
69.21330165	112.500684	414.93
69.21330165	118.1271295	400.67
69.21330165	123.7478455	434.21
69.21330165	129.3742911	511.16
69.21330165	135.0007366	610
69.21330165	140.6271822	651.3
69.21330165	146.2478981	605.47
69.21330165	151.8743437	484.6
69.21330165	157.5007892	389.84
69.21330165	163.1272348	343.03
69.21330165	168.7479507	352.88
69.21330165	174.3743963	406.58
63.67852935	-180	677.33
63.67852935	-174.3749983	733.01
63.67852935	-168.7499737	665.84
63.67852935	-163.125247	543.8
63.67852935	-157.4999474	404.16
63.67852935	-151.8752207	317.91
63.67852935	-146.2499211	278.72
63.67852935	-140.6251944	281.59
63.67852935	-134.9998948	327.09
63.67852935	-129.3751681	394.38
63.67852935	-123.7498685	391.55
63.67852935	-118.1262877	347.15
63.67852935	-112.4998422	298.43
63.67852935	-106.8733966	275.69
63.67852935	-101.2526806	298.43
63.67852935	-95.62623509	351.72
63.67852935	-89.99978954	403.64
63.67852935	-84.37334399	421.55
63.67852935	-78.75262802	427
63.67852935	-73.12618247	432.99
63.67852935	-67.49973693	458.14
63.67852935	-61.87329138	473.95
63.67852935	-56.25257541	511.07
63.67852935	-50.62612986	531.17
63.67852935	-44.99968431	517.73
63.67852935	-39.37323876	481.96
63.67852935	-33.75252279	463.43
63.67852935	-28.12607724	473.4
63.67852935	-22.4996317	502.58
63.67852935	-16.87318615	528.13
63.67852935	-11.25247018	527.24
63.67852935	-5.62602463	510.33
63.67852935	0.000420918	492.75
63.67852935	5.626866466	481.04
63.67852935	11.24758244	475.53
63.67852935	16.87402798	457.25
63.67852935	22.50047353	427.61
63.67852935	28.12691908	396.02
63.67852935	33.74763505	382.1
63.67852935	39.3740806	384.03
63.67852935	45.00052615	412.93
63.67852935	50.6269717	459.42
63.67852935	56.24768767	505.32
63.67852935	61.87413321	522.15
63.67852935	67.50057876	489.69
63.67852935	73.12702431	456.48
63.67852935	78.74774028	472.44
63.67852935	84.37418583	556.11
63.67852935	90.00063138	683.3
63.67852935	95.62707693	801.21
63.67852935	101.2477929	829.57
63.67852935	106.8742384	707.06
63.67852935	112.500684	578.21
63.67852935	118.1271295	526.16
63.67852935	123.7478455	532.46
63.67852935	129.3742911	639.7
63.67852935	135.0007366	768.04
63.67852935	140.6271822	828.94
63.67852935	146.2478981	732.68
63.67852935	151.8743437	568.81
63.67852935	157.5007892	442.06
63.67852935	163.1272348	398.85
63.67852935	168.7479507	447.85
63.67852935	174.3743963	546.3
58.14375705	-180	610.71
58.14375705	-174.3749983	501.32
58.14375705	-168.7499737	441.56
58.14375705	-163.125247	445.03
58.14375705	-157.4999474	465.65
58.14375705	-151.8752207	475.95
58.14375705	-146.2499211	497.32
58.14375705	-140.6251944	514.21
58.14375705	-134.9998948	493.54
58.14375705	-129.3751681	392.83
58.14375705	-123.7498685	279.95
58.14375705	-118.1262877	201.95
58.14375705	-112.4998422	173.82
58.14375705	-106.8733966	196.08
58.14375705	-101.2526806	251.21
58.14375705	-95.62623509	319.13
58.14375705	-89.99978954	364.39
58.14375705	-84.37334399	268.69
58.14375705	-78.75262802	205.88
58.14375705	-73.12618247	200.44
58.14375705	-67.49973693	230.37
58.14375705	-61.87329138	279.67
58.14375705	-56.25257541	367.8
58.14375705	-50.62612986	409.66
58.14375705	-44.99968431	391.9
58.14375705	-39.37323876	366.72
58.14375705	-33.75252279	392.56
58.14375705	-28.12607724	440.86
58.14375705	-22.4996317	490.89
58.14375705	-16.87318615	503.57
58.14375705	-11.25247018	485.33
58.14375705	-5.62602463	450.13
58.14375705	0.000420918	423.47
58.14375705	5.626866466	415.34
58.14375705	11.24758244	425.13
58.14375705	16.87402798	426.76
58.14375705	22.50047353	435.42
58.14375705	28.12691908	432.15
58.14375705	33.74763505	414.25
58.14375705	39.3740806	400.85
58.14375705	45.00052615	412.68
58.14375705	50.6269717	478.5
58.14375705	56.24768767	585.81
58.14375705	61.87413321	629.61
58.14375705	67.50057876	557.6
58.14375705	73.12702431	456.91
58.14375705	78.74774028	423.27
58.14375705	84.37418583	462.91
58.14375705	90.00063138	550.18
58.14375705	95.62707693	643.26
58.14375705	101.2477929	680.36
58.14375705	106.8742384	668.71
58.14375705	112.500684	634.61
58.14375705	118.1271295	606.21
58.14375705	123.7478455	568.93
58.14375705	129.3742911	574.13
58.14375705	135.0007366	658.12
58.14375705	140.6271822	695.77
58.14375705	146.2478981	650.36
58.14375705	151.8743437	531.14
58.14375705	157.5007892	469.78
58.14375705	163.1272348	487.12
58.14375705	168.7479507	554.6
58.14375705	174.3743963	630.86
52.60669292	-180	424.94
52.60669292	-174.3749983	360.8
52.60669292	-168.7499737	359.87
52.60669292	-163.125247	454.31
52.60669292	-157.4999474	566.15
52.60669292	-151.8752207	530.5
52.60669292	-146.2499211	368.37
52.60669292	-140.6251944	241.19
52.60669292	-134.9998948	168.41
52.60669292	-129.3751681	127.33
52.60669292	-123.7498685	128.19
52.60669292	-118.1262877	170.89
52.60669292	-112.4998422	265.95
52.60669292	-106.8733966	341.08
52.60669292	-101.2526806	353.98
52.60669292	-95.62623509	324.58
52.60669292	-89.99978954	276.08
52.60669292	-84.37334399	205.82
52.60669292	-78.75262802	182.01
52.60669292	-73.12618247	168.48
52.60669292	-67.49973693	194.64
52.60669292	-61.87329138	264.75
52.60669292	-56.25257541	347.24
52.60669292	-50.62612986	334.02
52.60669292	-44.99968431	302.26
52.60669292	-39.37323876	288.04
52.60669292	-33.75252279	303.67
52.60669292	-28.12607724	356.38
52.60669292	-22.4996317	361.14
52.60669292	-16.87318615	334.47
52.60669292	-11.25247018	328.11
52.60669292	-5.62602463	331.59
52.60669292	0.000420918	312.67
52.60669292	5.626866466	297.89
52.60669292	11.24758244	287.23
52.60669292	16.87402798	254.7
52.60669292	22.50047353	213.32
52.60669292	28.12691908	189.31
52.60669292	33.74763505	183
52.60669292	39.3740806	176.79
52.60669292	45.00052615	179.97
52.60669292	50.6269717	209.28
52.60669292	56.24768767	281.25
52.60669292	61.87413321	354.61
52.60669292	67.50057876	386.36
52.60669292	73.12702431	380.53
52.60669292	78.74774028	386.71
52.60669292	84.37418583	406.74
52.60669292	90.00063138	417.62
52.60669292	95.62707693	393.01
52.60669292	101.2477929	396.68
52.60669292	106.8742384	443.21
52.60669292	112.500684	538.74
52.60669292	118.1271295	556.09
52.60669292	123.7478455	450.72
52.60669292	129.3742911	368.72
52.60669292	135.0007366	374.96
52.60669292	140.6271822	410.76
52.60669292	146.2478981	400.31
52.60669292	151.8743437	337.64
52.60669292	157.5007892	306.07
52.60669292	163.1272348	355.08
52.60669292	168.7479507	439.01
52.60669292	174.3743963	467.07
47.06962879	-180	240.55
47.06962879	-174.3749983	261.64
47.06962879	-168.7499737	254.94
47.06962879	-163.125247	223.93
47.06962879	-157.4999474	197.13
47.06962879	-151.8752207	125.67
47.06962879	-146.2499211	69.951
47.06962879	-140.6251944	49.269
47.06962879	-134.9998948	45.268
47.06962879	-129.3751681	99.138
47.06962879	-123.7498685	342.97
47.06962879	-118.1262877	803.8
47.06962879	-112.4998422	1010.6
47.06962879	-106.8733966	828.48
47.06962879	-101.2526806	390.7
47.06962879	-95.62623509	193.97
47.06962879	-89.99978954	159.22
47.06962879	-84.37334399	244.36
47.06962879	-78.75262802	312.66
47.06962879	-73.12618247	261.51
47.06962879	-67.49973693	249.47
47.06962879	-61.87329138	246.48
47.06962879	-56.25257541	240.58
47.06962879	-50.62612986	205.2
47.06962879	-44.99968431	165.85
47.06962879	-39.37323876	151.56
47.06962879	-33.75252279	167.24
47.06962879	-28.12607724	165.32
47.06962879	-22.4996317	138.8
47.06962879	-16.87318615	130.44
47.06962879	-11.25247018	144.82
47.06962879	-5.62602463	148
47.06962879	0.000420918	116.52
47.06962879	5.626866466	94.024
47.06962879	11.24758244	94.936
47.06962879	16.87402798	96.719
47.06962879	22.50047353	75.277
47.06962879	28.12691908	58.313
47.06962879	33.74763505	58.595
47.06962879	39.3740806	69.639
47.06962879	45.00052615	78.387
47.06962879	50.6269717	95.473
47.06962879	56.24768767	123.74
47.06962879	61.87413321	135.08
47.06962879	67.50057876	140.97
47.06962879	73.12702431	157.46
47.06962879	78.74774028	183.61
47.06962879	84.37418583	220.49
47.06962879	90.00063138	263.68
47.06962879	95.62707693	265.18
47.06962879	101.2477929	247.2
47.06962879	106.8742384	265.85
47.06962879	112.500684	307.78
47.06962879	118.1271295	293.94
47.06962879	123.7478455	206.91
47.06962879	129.3742911	161.17
47.06962879	135.0007366	187.64
47.06962879	140.6271822	228.29
47.06962879	146.2478981	206.48
47.06962879	151.8743437	162.68
47.06962879	157.5007892	154.9
47.06962879	163.1272348	184.57
47.06962879	168.7479507	202.07
47.06962879	174.3743963	222.86
41.53256465	-180	128.47
41.53256465	-174.3749983	158.53
41.53256465	-168.7499737	98.263
41.53256465	-163.125247	47.678
41.53256465	-157.4999474	39.921
41.53256465	-151.8752207	33.09
41.53256465	-146.2499211	23.77
41.53256465	-140.6251944	31.323
41.53256465	-134.9998948	87.892
41.53256465	-129.3751681	279.71
41.53256465	-123.7498685	752.25
41.53256465	-118.1262877	1461.3
41.53256465	-112.4998422	1362.9
41.53256465	-106.8733966	613.67
41.53256465	-101.2526806	292.18
41.53256465	-95.62623509	73.962
41.53256465	-89.99978954	41.495
41.53256465	-84.37334399	138.5
41.53256465	-78.75262802	343.97
41.53256465	-73.12618247	291.17
41.53256465	-67.49973693	178.27
41.53256465	-61.87329138	111.71
41.53256465	-56.25257541	78.333
41.53256465	-50.62612986	75.1
41.53256465	-44.99968431	58.075
41.53256465	-39.37323876	48.43
41.53256465	-33.75252279	52.259
41.53256465	-28.12607724	47.106
41.53256465	-22.4996317	32.952
41.53256465	-16.87318615	30.309
41.53256465	-11.25247018	42.271
41.53256465	-5.62602463	46.85
41.53256465	0.000420918	29.313
41.53256465	5.626866466	20.874
41.53256465	11.24758244	24.48
41.53256465	16.87402798	31.01
41.53256465	22.50047353	27.406
41.53256465	28.12691908	20.742
41.53256465	33.74763505	25.995
41.53256465	39.3740806	57.234
41.53256465	45.00052615	66.229
41.53256465	50.6269717	61.364
41.53256465	56.24768767	58.167
41.53256465	61.87413321	60.577
41.53256465	67.50057876	53.891
41.53256465	73.12702431	54.638
41.53256465	78.74774028	63.109
41.53256465	84.37418583	74.867
41.53256465	90.00063138	100.86
41.53256465	95.62707693	120.47
41.53256465	101.2477929	112.39
41.53256465	106.8742384	106.3
41.53256465	112.500684	108.81
41.53256465	118.1271295	95.209
41.53256465	123.7478455	72.03
41.53256465	129.3742911	54.643
41.53256465	135.0007366	57.952
41.53256465	140.6271822	57.295
41.53256465	146.2478981	44.894
41.53256465	151.8743437	45.623
41.53256465	157.5007892	70.904
41.53256465	163.1272348	113
41.53256465	168.7479507	106.15
41.53256465	174.3743963	91.933
35.99492756	-180	44.224
35.99492756	-174.3749983	54.131
35.99492756	-168.7499737	24.238
35.99492756	-163.125247	10.919
35.99492756	-157.4999474	12.684
35.99492756	-151.8752207	15.992
35.99492756	-146.2499211	8.5844
35.99492756	-140.6251944	3.0118
35.99492756	-134.9998948	3.4927
35.99492756	-129.3751681	17.177
35.99492756	-123.7498685	190.83
35.99492756	-118.1262877	847.65
35.99492756	-112.4998422	872.08
35.99492756	-106.8733966	170.49
35.99492756	-101.2526806	84.264
35.99492756	-95.62623509	33.835
35.99492756	-89.99978954	21.686
35.99492756	-84.37334399	48.047
35.99492756	-78.75262802	92.081
35.99492756	-73.12618247	77.946
35.99492756	-67.49973693	41.791
35.99492756	-61.87329138	26.125
35.99492756	-56.25257541	22.679
35.99492756	-50.62612986	21.68
35.99492756	-44.99968431	15.616
35.99492756	-39.37323876	11.675
35.99492756	-33.75252279	13.162
35.99492756	-28.12607724	12.691
35.99492756	-22.4996317	7.4262
35.99492756	-16.87318615	7.731
35.99492756	-11.25247018	9.2288
35.99492756	-5.62602463	11.418
35.99492756	0.000420918	7.9438
35.99492756	5.626866466	4.2341
35.99492756	11.24758244	4.1644
35.99492756	16.87402798	8.7122
35.99492756	22.50047353	8.4841
35.99492756	28.12691908	8.7896
35.99492756	33.74763505	19.031
35.99492756	39.3740806	44.384
35.99492756	45.00052615	47.379
35.99492756	50.6269717	38.639
35.99492756	56.24768767	31.556
35.99492756	61.87413321	35.152
35.99492756	67.50057876	46.225
35.99492756	73.12702431	51.66
35.99492756	78.74774028	56.881
35.99492756	84.37418583	46.85
35.99492756	90.00063138	47.864
35.99492756	95.62707693	52.121
35.99492756	101.2477929	52.235
35.99492756	106.8742384	48.065
35.99492756	112.500684	42.564
35.99492756	118.1271295	44.171
35.99492756	123.7478455	40.601
35.99492756	129.3742911	25.556
35.99492756	135.0007366	20.965
35.99492756	140.6271822	23.282
35.99492756	146.2478981	19.894
35.99492756	151.8743437	21.903
35.99492756	157.5007892	34.183
35.99492756	163.1272348	54.54
35.99492756	168.7479507	46.313
35.99492756	174.3743963	41.159
30.45729047	-180	20.229
30.45729047	-174.3749983	17.017
30.45729047	-168.7499737	11.12
30.45729047	-163.125247	4.1206
30.45729047	-157.4999474	4.3534
30.45729047	-151.8752207	2.8021
30.45729047	-146.2499211	2.9983
30.45729047	-140.6251944	1.2115
30.45729047	-134.9998948	0.33713
30.45729047	-129.3751681	9.94E-02
30.45729047	-123.7498685	2.1331
30.45729047	-118.1262877	77.303
30.45729047	-112.4998422	192.48
30.45729047	-106.8733966	45.181
30.45729047	-101.2526806	16.137
30.45729047	-95.62623509	20.491
30.45729047	-89.99978954	22.512
30.45729047	-84.37334399	12.257
30.45729047	-78.75262802	9.0172
30.45729047	-73.12618247	6.142
30.45729047	-67.49973693	2.7966
30.45729047	-61.87329138	5.0783
30.45729047	-56.25257541	6.1174
30.45729047	-50.62612986	4.2882
30.45729047	-44.99968431	3.3726
30.45729047	-39.37323876	3.2676
30.45729047	-33.75252279	4.185
30.45729047	-28.12607724	4.528
30.45729047	-22.4996317	5.0335
30.45729047	-16.87318615	3.6816
30.45729047	-11.25247018	1.7568
30.45729047	-5.62602463	1.5148
30.45729047	0.000420918	1.8933
30.45729047	5.626866466	1.6131
30.45729047	11.24758244	2.2652
30.45729047	16.87402798	4.2601
30.45729047	22.50047353	8.1254
30.45729047	28.12691908	7.8601
30.45729047	33.74763505	14.599
30.45729047	39.3740806	23.986
30.45729047	45.00052615	18.72
30.45729047	50.6269717	17.717
30.45729047	56.24768767	23.964
30.45729047	61.87413321	37.054
30.45729047	67.50057876	42.216
30.45729047	73.12702431	40.276
30.45729047	78.74774028	43.061
30.45729047	84.37418583	40.027
30.45729047	90.00063138	35.483
30.45729047	95.62707693	31.93
30.45729047	101.2477929	31.286
30.45729047	106.8742384	26.727
30.45729047	112.500684	20.45
30.45729047	118.1271295	19.543
30.45729047	123.7478455	15.981
30.45729047	129.3742911	12.143
30.45729047	135.0007366	15.127
30.45729047	140.6271822	36.301
30.45729047	146.2478981	109.39
30.45729047	151.8743437	26.719
30.45729047	157.5007892	29.307
30.45729047	163.1272348	30.207
30.45729047	168.7479507	31.674
30.45729047	174.3743963	28.413
24.91965338	-180	7.5291
24.91965338	-174.3749983	2.7443
24.91965338	-168.7499737	3.2414
24.91965338	-163.125247	1.9137
24.91965338	-157.4999474	0.94691
24.91965338	-151.8752207	2.375
24.91965338	-146.2499211	4.4705
24.91965338	-140.6251944	6.5446
24.91965338	-134.9998948	99.474
24.91965338	-129.3751681	24.836
24.91965338	-123.7498685	0.96506
24.91965338	-118.1262877	5.4202
24.91965338	-112.4998422	46.548
24.91965338	-106.8733966	20.024
24.91965338	-101.2526806	7.6206
24.91965338	-95.62623509	28.177
24.91965338	-89.99978954	26.873
24.91965338	-84.37334399	5.4386
24.91965338	-78.75262802	2.14
24.91965338	-73.12618247	1.9691
24.91965338	-67.49973693	0.27711
24.91965338	-61.87329138	0.62681
24.91965338	-56.25257541	0.89041
24.91965338	-50.62612986	1.1775
24.91965338	-44.99968431	0.8143
24.91965338	-39.37323876	0.83426
24.91965338	-33.75252279	0.8671
24.91965338	-28.12607724	1.2509
24.91965338	-22.4996317	2.8967
24.91965338	-16.87318615	2.1586
24.91965338	-11.25247018	0.40498
24.91965338	-5.62602463	0.72423
24.91965338	0.000420918	1.7804
24.91965338	5.626866466	1.6093
24.91965338	11.24758244	1.3029
24.91965338	16.87402798	2.7956
24.91965338	22.50047353	5.3205
24.91965338	28.12691908	4.9439
24.91965338	33.74763505	11.314
24.91965338	39.3740806	18.708
24.91965338	45.00052615	15.358
24.91965338	50.6269717	18.676
24.91965338	56.24768767	35.997
24.91965338	61.87413321	52.143
24.91965338	67.50057876	59.47
24.91965338	73.12702431	37.645
24.91965338	78.74774028	26.516
24.91965338	84.37418583	30.374
24.91965338	90.00063138	27.722
24.91965338	95.62707693	19.891
24.91965338	101.2477929	13.995
24.91965338	106.8742384	14.474
24.91965338	112.500684	11.78
24.91965338	118.1271295	9.5899
24.91965338	123.7478455	7.6444
24.91965338	129.3742911	5.9274
24.91965338	135.0007366	10.64
24.91965338	140.6271822	112.8
24.91965338	146.2478981	856.49
24.91965338	151.8743437	176.96
24.91965338	157.5007892	16.489
24.91965338	163.1272348	9.3682
24.91965338	168.7479507	15.755
24.91965338	174.3743963	14.383
19.38201629	-180	2.6386
19.38201629	-174.3749983	3.4548
19.38201629	-168.7499737	3.3011
19.38201629	-163.125247	0.39376
19.38201629	-157.4999474	0.53021
19.38201629	-151.8752207	0.72234
19.38201629	-146.2499211	0.43169
19.38201629	-140.6251944	117.55
19.38201629	-134.9998948	1839
19.38201629	-129.3751681	1095.6
19.38201629	-123.7498685	67.437
19.38201629	-118.1262877	3.663
19.38201629	-112.4998422	38.328
19.38201629	-106.8733966	69.731
19.38201629	-101.2526806	39.535
19.38201629	-95.62623509	42.663
19.38201629	-89.99978954	10.8
19.38201629	-84.37334399	1.1466
19.38201629	-78.75262802	0.52596
19.38201629	-73.12618247	1.1593
19.38201629	-67.49973693	0.45654
19.38201629	-61.87329138	0.17143
19.38201629	-56.25257541	0.12085
19.38201629	-50.62612986	0.54946
19.38201629	-44.99968431	0.56766
19.38201629	-39.37323876	1.0807
19.38201629	-33.75252279	0.58132
19.38201629	-28.12607724	0.29088
19.38201629	-22.4996317	0.34583
19.38201629	-16.87318615	0.23875
19.38201629	-11.25247018	0.19139
19.38201629	-5.62602463	0.37167
19.38201629	0.000420918	1.7779
19.38201629	5.626866466	0.61651
19.38201629	11.24758244	0.34562
19.38201629	16.87402798	1.9388
19.38201629	22.50047353	6.1077
19.38201629	28.12691908	4.1423
19.38201629	33.74763505	9.0376
19.38201629	39.3740806	21.61
19.38201629	45.00052615	26.155
19.38201629	50.6269717	38.497
19.38201629	56.24768767	43.933
19.38201629	61.87413321	40.315
19.38201629	67.50057876	46.079
19.38201629	73.12702431	16.568
19.38201629	78.74774028	8.0407
19.38201629	84.37418583	12.195
19.38201629	90.00063138	10.828
19.38201629	95.62707693	6.1187
19.38201629	101.2477929	2.4106
19.38201629	106.8742384	2.3644
19.38201629	112.500684	3.2171
19.38201629	118.1271295	2.6775
19.38201629	123.7478455	2.3181
19.38201629	129.3742911	3.2129
19.38201629	135.0007366	9.8975
19.38201629	140.6271822	27.778
19.38201629	146.2478981	210.27
19.38201629	151.8743437	61.395
19.38201629	157.5007892	2.5674
19.38201629	163.1272348	1.8491
19.38201629	168.7479507	7.9989
19.38201629	174.3743963	7.1587
13.8443792	-180	7.9423
13.8443792	-174.3749983	11.87
13.8443792	-168.7499737	6.256
13.8443792	-163.125247	1.3542
13.8443792	-157.4999474	0.76474
13.8443792	-151.8752207	1.0087
13.8443792	-146.2499211	5.26E-03
13.8443792	-140.6251944	13.883
13.8443792	-134.9998948	514.65
13.8443792	-129.3751681	499.12
13.8443792	-123.7498685	48.026
13.8443792	-118.1262877	3.7558
13.8443792	-112.4998422	70.053
13.8443792	-106.8733966	214.5
13.8443792	-101.2526806	179
13.8443792	-95.62623509	59.358
13.8443792	-89.99978954	8.4932
13.8443792	-84.37334399	6.59E-02
13.8443792	-78.75262802	6.44E-04
13.8443792	-73.12618247	3.10E-02
13.8443792	-67.49973693	0.10311
13.8443792	-61.87329138	0.22496
13.8443792	-56.25257541	0.2758
13.8443792	-50.62612986	9.71E-02
13.8443792	-44.99968431	0.15448
13.8443792	-39.37323876	0.79064
13.8443792	-33.75252279	0.93225
13.8443792	-28.12607724	0.93604
13.8443792	-22.4996317	3.49E-02
13.8443792	-16.87318615	0.33003
13.8443792	-11.25247018	0.18858
13.8443792	-5.62602463	0.35903
13.8443792	0.000420918	1.6065
13.8443792	5.626866466	2.0616
13.8443792	11.24758244	2.7782
13.8443792	16.87402798	8.6527
13.8443792	22.50047353	9.7084
13.8443792	28.12691908	5.1221
13.8443792	33.74763505	7.9388
13.8443792	39.3740806	20.307
13.8443792	45.00052615	41.424
13.8443792	50.6269717	63.495
13.8443792	56.24768767	44.257
13.8443792	61.87413321	44.538
13.8443792	67.50057876	74.532
13.8443792	73.12702431	12.388
13.8443792	78.74774028	3.3847
13.8443792	84.37418583	5.0542
13.8443792	90.00063138	5.8951
13.8443792	95.62707693	2.449
13.8443792	101.2477929	1.2588
13.8443792	106.8742384	0.38512
13.8443792	112.500684	0.50163
13.8443792	118.1271295	0.85369
13.8443792	123.7478455	1.3348
13.8443792	129.3742911	1.7615
13.8443792	135.0007366	3.3636
13.8443792	140.6271822	4.5195
13.8443792	146.2478981	2.7429
13.8443792	151.8743437	0.93829
13.8443792	157.5007892	0.12103
13.8443792	163.1272348	0.81188
13.8443792	168.7479507	16.806
13.8443792	174.3743963	10.597
8.306742114	-180	13.846
8.306742114	-174.3749983	22.151
8.306742114	-168.7499737	9.1918
8.306742114	-163.125247	2.5488
8.306742114	-157.4999474	1.9132
8.306742114	-151.8752207	0.49992
8.306742114	-146.2499211	1.94E-02
8.306742114	-140.6251944	1.61E-04
8.306742114	-134.9998948	1.0653
8.306742114	-129.3751681	8.8098
8.306742114	-123.7498685	24.426
8.306742114	-118.1262877	52.521
8.306742114	-112.4998422	157.39
8.306742114	-106.8733966	291.81
8.306742114	-101.2526806	233.15
8.306742114	-95.62623509	85.316
8.306742114	-89.99978954	13.137
8.306742114	-84.37334399	0.78093
8.306742114	-78.75262802	0.18251
8.306742114	-73.12618247	0.98237
8.306742114	-67.49973693	0.46982
8.306742114	-61.87329138	3.34E-02
8.306742114	-56.25257541	2.38E-02
8.306742114	-50.62612986	2.36E-02
8.306742114	-44.99968431	4.34E-02
8.306742114	-39.37323876	0.13313
8.306742114	-33.75252279	0.95578
8.306742114	-28.12607724	0.82558
8.306742114	-22.4996317	2.78E-02
8.306742114	-16.87318615	0.1274
8.306742114	-11.25247018	0.12375
8.306742114	-5.62602463	0.21868
8.306742114	0.000420918	0.47962
8.306742114	5.626866466	2.6127
8.306742114	11.24758244	6.3863
8.306742114	16.87402798	7.3062
8.306742114	22.50047353	9.1231
8.306742114	28.12691908	14.581
8.306742114	33.74763505	18.469
8.306742114	39.3740806	25.814
8.306742114	45.00052615	67.654
8.306742114	50.6269717	110.84
8.306742114	56.24768767	72.258
8.306742114	61.87413321	68.632
8.306742114	67.50057876	149.41
8.306742114	73.12702431	42.526
8.306742114	78.74774028	1.2237
8.306742114	84.37418583	0.27897
8.306742114	90.00063138	0.36284
8.306742114	95.62707693	1.8117
8.306742114	101.2477929	1.4969
8.306742114	106.8742384	2.2658
8.306742114	112.500684	5.8423
8.306742114	118.1271295	1.4043
8.306742114	123.7478455	0.30603
8.306742114	129.3742911	0.14361
8.306742114	135.0007366	0.5515
8.306742114	140.6271822	0.80838
8.306742114	146.2478981	0.5916
8.306742114	151.8743437	2.1097
8.306742114	157.5007892	10.28
8.306742114	163.1272348	16.688
8.306742114	168.7479507	15.149
8.306742114	174.3743963	9.2339
2.768904489	-180	12.28
2.768904489	-174.3749983	11.094
2.768904489	-168.7499737	6.2791
2.768904489	-163.125247	2.7443
2.768904489	-157.4999474	0.24091
2.768904489	-151.8752207	0.51248
2.768904489	-146.2499211	3.11E-02
2.768904489	-140.6251944	0.34387
2.768904489	-134.9998948	0.53748
2.768904489	-129.3751681	5.9905
2.768904489	-123.7498685	171.75
2.768904489	-118.1262877	384.09
2.768904489	-112.4998422	475.19
2.768904489	-106.8733966	399.82
2.768904489	-101.2526806	283.5
2.768904489	-95.62623509	81.959
2.768904489	-89.99978954	23.778
2.768904489	-84.37334399	20.761
2.768904489	-78.75262802	19.744
2.768904489	-73.12618247	41.89
2.768904489	-67.49973693	38.18
2.768904489	-61.87329138	3.3561
2.768904489	-56.25257541	1.3016
2.768904489	-50.62612986	5.8278
2.768904489	-44.99968431	2.8354
2.768904489	-39.37323876	1.33E-03
2.768904489	-33.75252279	7.03E-02
2.768904489	-28.12607724	4.37E-04
2.768904489	-22.4996317	3.95E-04
2.768904489	-16.87318615	2.23E-03
2.768904489	-11.25247018	1.92E-02
2.768904489	-5.62602463	0.11011
2.768904489	0.000420918	0.31881
2.768904489	5.626866466	1.848
2.768904489	11.24758244	2.1064
2.768904489	16.87402798	3.6639
2.768904489	22.50047353	14.146
2.768904489	28.12691908	47.305
2.768904489	33.74763505	33.628
2.768904489	39.3740806	21.969
2.768904489	45.00052615	84.613
2.768904489	50.6269717	176.69
2.768904489	56.24768767	110.61
2.768904489	61.87413321	92.953
2.768904489	67.50057876	187.7
2.768904489	73.12702431	160.96
2.768904489	78.74774028	20.724
2.768904489	84.37418583	1.6339
2.768904489	90.00063138	0.67435
2.768904489	95.62707693	2.7732
2.768904489	101.2477929	7.0109
2.768904489	106.8742384	7.4366
2.768904489	112.500684	16.703
2.768904489	118.1271295	26.891
2.768904489	123.7478455	2.7326
2.768904489	129.3742911	4.16E-02
2.768904489	135.0007366	0.38855
2.768904489	140.6271822	1.797
2.768904489	146.2478981	1.8745
2.768904489	151.8743437	0.6286
2.768904489	157.5007892	2.2393
2.768904489	163.1272348	5.0038
2.768904489	168.7479507	4.9124
2.768904489	174.3743963	5.974
-2.768904489	-180	1.5697
-2.768904489	-174.3749983	0.86209
-2.768904489	-168.7499737	1.0715
-2.768904489	-163.125247	0.50196
-2.768904489	-157.4999474	1.0214
-2.768904489	-151.8752207	7.38E-02
-2.768904489	-146.2499211	5.46E-02
-2.768904489	-140.6251944	8.471
-2.768904489	-134.9998948	38.008
-2.768904489	-129.3751681	146.67
-2.768904489	-123.7498685	704.52
-2.768904489	-118.1262877	1352.2
-2.768904489	-112.4998422	764.27
-2.768904489	-106.8733966	459.38
-2.768904489	-101.2526806	431.87
-2.768904489	-95.62623509	180.52
-2.768904489	-89.99978954	74.032
-2.768904489	-84.37334399	64.033
-2.768904489	-78.75262802	14.877
-2.768904489	-73.12618247	15.295
-2.768904489	-67.49973693	132.65
-2.768904489	-61.87329138	83.261
-2.768904489	-56.25257541	25.535
-2.768904489	-50.62612986	43.052
-2.768904489	-44.99968431	14.122
-2.768904489	-39.37323876	4.22E-02
-2.768904489	-33.75252279	1.45E-06
-2.768904489	-28.12607724	3.86E-09
-2.768904489	-22.4996317	2.15E-06
-2.768904489	-16.87318615	3.52E-05
-2.768904489	-11.25247018	0.15164
-2.768904489	-5.62602463	7.94E-02
-2.768904489	0.000420918	0.22852
-2.768904489	5.626866466	0.71694
-2.768904489	11.24758244	1.6408
-2.768904489	16.87402798	8.7555
-2.768904489	22.50047353	48.923
-2.768904489	28.12691908	86.091
-2.768904489	33.74763505	48.012
-2.768904489	39.3740806	40.993
-2.768904489	45.00052615	124.73
-2.768904489	50.6269717	199.7
-2.768904489	56.24768767	155.03
-2.768904489	61.87413321	162.66
-2.768904489	67.50057876	229.7
-2.768904489	73.12702431	194.78
-2.768904489	78.74774028	171.5
-2.768904489	84.37418583	167.75
-2.768904489	90.00063138	101.06
-2.768904489	95.62707693	91.841
-2.768904489	101.2477929	79.337
-2.768904489	106.8742384	14.996
-2.768904489	112.500684	10.606
-2.768904489	118.1271295	111.77
-2.768904489	123.7478455	167.43
-2.768904489	129.3742911	8.6221
-2.768904489	135.0007366	0.1377
-2.768904489	140.6271822	9.61E-03
-2.768904489	146.2478981	2.75E-03
-2.768904489	151.8743437	2.45E-03
-2.768904489	157.5007892	0.26614
-2.768904489	163.1272348	0.77225
-2.768904489	168.7479507	1.9123
-2.768904489	174.3743963	5.0417
-8.306742114	-180	4.8554
-8.306742114	-174.3749983	0.62646
-8.306742114	-168.7499737	0.17567
-8.306742114	-163.125247	1.3808
-8.306742114	-157.4999474	2.4756
-8.306742114	-151.8752207	1.3443
-8.306742114	-146.2499211	1.1203
-8.306742114	-140.6251944	10.357
-8.306742114	-134.9998948	61.219
-8.306742114	-129.3751681	254.07
-8.306742114	-123.7498685	1651.1
-8.306742114	-118.1262877	1931.4
-8.306742114	-112.4998422	841.75
-8.306742114	-106.8733966	389.39
-8.306742114	-101.2526806	741.5
-8.306742114	-95.62623509	414.48
-8.306742114	-89.99978954	142.18
-8.306742114	-84.37334399	82.903
-8.306742114	-78.75262802	4.7133
-8.306742114	-73.12618247	0.14739
-8.306742114	-67.49973693	25.876
-8.306742114	-61.87329138	77.417
-8.306742114	-56.25257541	29.789
-8.306742114	-50.62612986	3.2054
-8.306742114	-44.99968431	0.19045
-8.306742114	-39.37323876	1.80E-03
-8.306742114	-33.75252279	9.30E-05
-8.306742114	-28.12607724	4.72E-05
-8.306742114	-22.4996317	6.96E-04
-8.306742114	-16.87318615	2.44E-02
-8.306742114	-11.25247018	8.77E-02
-8.306742114	-5.62602463	0.10503
-8.306742114	0.000420918	0.23959
-8.306742114	5.626866466	1.8175
-8.306742114	11.24758244	5.5925
-8.306742114	16.87402798	25.23
-8.306742114	22.50047353	98.126
-8.306742114	28.12691908	154.13
-8.306742114	33.74763505	111.19
-8.306742114	39.3740806	89.222
-8.306742114	45.00052615	162.51
-8.306742114	50.6269717	193.78
-8.306742114	56.24768767	127.43
-8.306742114	61.87413321	156.49
-8.306742114	67.50057876	180
-8.306742114	73.12702431	77.561
-8.306742114	78.74774028	117.01
-8.306742114	84.37418583	344.76
-8.306742114	90.00063138	302.39
-8.306742114	95.62707693	176.13
-8.306742114	101.2477929	130.33
-8.306742114	106.8742384	34.646
-8.306742114	112.500684	19.694
-8.306742114	118.1271295	122.76
-8.306742114	123.7478455	352.93
-8.306742114	129.3742911	140.82
-8.306742114	135.0007366	21.789
-8.306742114	140.6271822	7.9674
-8.306742114	146.2478981	2.6709
-8.306742114	151.8743437	0.3158
-8.306742114	157.5007892	0.37659
-8.306742114	163.1272348	0.13543
-8.306742114	168.7479507	0.35964
-8.306742114	174.3743963	2.6117
-13.8443792	-180	6.2232
-13.8443792	-174.3749983	10.497
-13.8443792	-168.7499737	1.2418
-13.8443792	-163.125247	0.66253
-13.8443792	-157.4999474	2.3486
-13.8443792	-151.8752207	8.5592
-13.8443792	-146.2499211	11.734
-13.8443792	-140.6251944	19.906
-13.8443792	-134.9998948	52.749
-13.8443792	-129.3751681	226.07
-13.8443792	-123.7498685	1073.6
-13.8443792	-118.1262877	1899.2
-13.8443792	-112.4998422	292.89
-13.8443792	-106.8733966	90.708
-13.8443792	-101.2526806	541.54
-13.8443792	-95.62623509	356.45
-13.8443792	-89.99978954	144.31
-13.8443792	-84.37334399	185.22
-13.8443792	-78.75262802	34.206
-13.8443792	-73.12618247	0.56282
-13.8443792	-67.49973693	13.423
-13.8443792	-61.87329138	51.6
-13.8443792	-56.25257541	13.077
-13.8443792	-50.62612986	1.57E-02
-13.8443792	-44.99968431	8.23E-03
-13.8443792	-39.37323876	0.10647
-13.8443792	-33.75252279	6.22E-02
-13.8443792	-28.12607724	1.53E-02
-13.8443792	-22.4996317	4.95E-02
-13.8443792	-16.87318615	0.23135
-13.8443792	-11.25247018	0.33649
-13.8443792	-5.62602463	0.50155
-13.8443792	0.000420918	1.422
-13.8443792	5.626866466	5.1946
-13.8443792	11.24758244	10.378
-13.8443792	16.87402798	24.325
-13.8443792	22.50047353	63.371
-13.8443792	28.12691908	80.893
-13.8443792	33.74763505	66.097
-13.8443792	39.3740806	77.55
-13.8443792	45.00052615	107.65
-13.8443792	50.6269717	78.31
-13.8443792	56.24768767	37.065
-13.8443792	61.87413321	39.022
-13.8443792	67.50057876	52.121
-13.8443792	73.12702431	17.799
-13.8443792	78.74774028	39.385
-13.8443792	84.37418583	173.52
-13.8443792	90.00063138	170.15
-13.8443792	95.62707693	64.29
-13.8443792	101.2477929	42.686
-13.8443792	106.8742384	50.148
-13.8443792	112.500684	44.907
-13.8443792	118.1271295	72.945
-13.8443792	123.7478455	106.39
-13.8443792	129.3742911	68.949
-13.8443792	135.0007366	48.608
-13.8443792	140.6271822	72.4
-13.8443792	146.2478981	64.628
-13.8443792	151.8743437	25.535
-13.8443792	157.5007892	5.762
-13.8443792	163.1272348	0.84781
-13.8443792	168.7479507	0.85062
-13.8443792	174.3743963	2.1276
-19.38201629	-180	27.138
-19.38201629	-174.3749983	51.25
-19.38201629	-168.7499737	9.3632
-19.38201629	-163.125247	0.71487
-19.38201629	-157.4999474	1.6728
-19.38201629	-151.8752207	7.4759
-19.38201629	-146.2499211	21.54
-19.38201629	-140.6251944	34.445
-19.38201629	-134.9998948	42.96
-19.38201629	-129.3751681	97.434
-19.38201629	-123.7498685	178.13
-19.38201629	-118.1262877	141.89
-19.38201629	-112.4998422	17.297
-19.38201629	-106.8733966	48.239
-19.38201629	-101.2526806	264.14
-19.38201629	-95.62623509	173.58
-19.38201629	-89.99978954	28.116
-19.38201629	-84.37334399	77.713
-19.38201629	-78.75262802	79.189
-19.38201629	-73.12618247	17.545
-19.38201629	-67.49973693	73.582
-19.38201629	-61.87329138	103.03
-19.38201629	-56.25257541	28.87
-19.38201629	-50.62612986	0.2204
-19.38201629	-44.99968431	2.6715
-19.38201629	-39.37323876	4.8504
-19.38201629	-33.75252279	0.96255
-19.38201629	-28.12607724	0.29284
-19.38201629	-22.4996317	0.2174
-19.38201629	-16.87318615	0.38368
-19.38201629	-11.25247018	0.48671
-19.38201629	-5.62602463	0.9993
-19.38201629	0.000420918	3.5959
-19.38201629	5.626866466	7.5135
-19.38201629	11.24758244	9.8055
-19.38201629	16.87402798	12.404
-19.38201629	22.50047353	17.224
-19.38201629	28.12691908	28.077
-19.38201629	33.74763505	35.636
-19.38201629	39.3740806	39.619
-19.38201629	45.00052615	41.281
-19.38201629	50.6269717	36.19
-19.38201629	56.24768767	16.006
-19.38201629	61.87413321	5.5286
-19.38201629	67.50057876	4.0779
-19.38201629	73.12702431	4.0222
-19.38201629	78.74774028	11.737
-19.38201629	84.37418583	46.475
-19.38201629	90.00063138	98.576
-19.38201629	95.62707693	57.227
-19.38201629	101.2477929	29.26
-19.38201629	106.8742384	32.873
-19.38201629	112.500684	33.511
-19.38201629	118.1271295	32.921
-19.38201629	123.7478455	33.876
-19.38201629	129.3742911	34.759
-19.38201629	135.0007366	31.382
-19.38201629	140.6271822	38.996
-19.38201629	146.2478981	53.884
-19.38201629	151.8743437	40.637
-19.38201629	157.5007892	8.632
-19.38201629	163.1272348	3.1031
-19.38201629	168.7479507	2.6012
-19.38201629	174.3743963	6.1651
-24.91965338	-180	21.961
-24.91965338	-174.3749983	28.937
-24.91965338	-168.7499737	22.936
-24.91965338	-163.125247	11.85
-24.91965338	-157.4999474	5.1788
-24.91965338	-151.8752207	2.5781
-24.91965338	-146.2499211	6.4606
-24.91965338	-140.6251944	17.8
-24.91965338	-134.9998948	19.991
-24.91965338	-129.3751681	19.326
-24.91965338	-123.7498685	32.029
-24.91965338	-118.1262877	41.233
-24.91965338	-112.4998422	45.721
-24.91965338	-106.8733966	120.06
-24.91965338	-101.2526806	156.41
-24.91965338	-95.62623509	60.225
-24.91965338	-89.99978954	7.9871
-24.91965338	-84.37334399	8.9475
-24.91965338	-78.75262802	23.566
-24.91965338	-73.12618247	43.236
-24.91965338	-67.49973693	104.7
-24.91965338	-61.87329138	73.645
-24.91965338	-56.25257541	16.936
-24.91965338	-50.62612986	3.4854
-24.91965338	-44.99968431	11.729
-24.91965338	-39.37323876	4.4633
-24.91965338	-33.75252279	0.59111
-24.91965338	-28.12607724	0.16706
-24.91965338	-22.4996317	0.61928
-24.91965338	-16.87318615	0.69773
-24.91965338	-11.25247018	0.97588
-24.91965338	-5.62602463	5.62
-24.91965338	0.000420918	9.5644
-24.91965338	5.626866466	8.1908
-24.91965338	11.24758244	14.17
-24.91965338	16.87402798	17.545
-24.91965338	22.50047353	13.27
-24.91965338	28.12691908	11.912
-24.91965338	33.74763505	22.182
-24.91965338	39.3740806	36.227
-24.91965338	45.00052615	33.398
-24.91965338	50.6269717	17.859
-24.91965338	56.24768767	6.0276
-24.91965338	61.87413321	3.5513
-24.91965338	67.50057876	3.7399
-24.91965338	73.12702431	2.9423
-24.91965338	78.74774028	1.7548
-24.91965338	84.37418583	1.3685
-24.91965338	90.00063138	4.7502
-24.91965338	95.62707693	12.052
-24.91965338	101.2477929	17.17
-24.91965338	106.8742384	14.201
-24.91965338	112.500684	10.105
-24.91965338	118.1271295	11.884
-24.91965338	123.7478455	28.791
-24.91965338	129.3742911	48.768
-24.91965338	135.0007366	33.468
-24.91965338	140.6271822	13.852
-24.91965338	146.2478981	8.6097
-24.91965338	151.8743437	4.8724
-24.91965338	157.5007892	3.4321
-24.91965338	163.1272348	9.3899
-24.91965338	168.7479507	24.984
-24.91965338	174.3743963	22.577
-30.45729047	-180	1.8505
-30.45729047	-174.3749983	7.0351
-30.45729047	-168.7499737	26.651
-30.45729047	-163.125247	34.222
-30.45729047	-157.4999474	15.888
-30.45729047	-151.8752207	4.7765
-30.45729047	-146.2499211	3.3863
-30.45729047	-140.6251944	6.9791
-30.45729047	-134.9998948	11.811
-30.45729047	-129.3751681	17.474
-30.45729047	-123.7498685	40.433
-30.45729047	-118.1262877	80.588
-30.45729047	-112.4998422	124.62
-30.45729047	-106.8733966	149.44
-30.45729047	-101.2526806	107.87
-30.45729047	-95.62623509	53.461
-30.45729047	-89.99978954	27.078
-30.45729047	-84.37334399	33.394
-30.45729047	-78.75262802	42.52
-30.45729047	-73.12618247	45.276
-30.45729047	-67.49973693	38.473
-30.45729047	-61.87329138	18.576
-30.45729047	-56.25257541	7.1915
-30.45729047	-50.62612986	5.8348
-30.45729047	-44.99968431	5.0985
-30.45729047	-39.37323876	1.8167
-30.45729047	-33.75252279	0.9107
-30.45729047	-28.12607724	2.0329
-30.45729047	-22.4996317	2.709
-30.45729047	-16.87318615	1.6897
-30.45729047	-11.25247018	4.8697
-30.45729047	-5.62602463	20.8
-30.45729047	0.000420918	13.627
-30.45729047	5.626866466	6.2316
-30.45729047	11.24758244	13.416
-30.45729047	16.87402798	22.136
-30.45729047	22.50047353	12.323
-30.45729047	28.12691908	8.2404
-30.45729047	33.74763505	14.773
-30.45729047	39.3740806	21.351
-30.45729047	45.00052615	15.245
-30.45729047	50.6269717	17.962
-30.45729047	56.24768767	24.027
-30.45729047	61.87413321	10.39
-30.45729047	67.50057876	6.1313
-30.45729047	73.12702431	4.108
-30.45729047	78.74774028	2.1444
-30.45729047	84.37418583	0.83216
-30.45729047	90.00063138	0.83788
-30.45729047	95.62707693	0.99655
-30.45729047	101.2477929	2.0065
-30.45729047	106.8742384	6.9747
-30.45729047	112.500684	7.1726
-30.45729047	118.1271295	4.7229
-30.45729047	123.7478455	9.081
-30.45729047	129.3742911	19.67
-30.45729047	135.0007366	17.862
-30.45729047	140.6271822	11.788
-30.45729047	146.2478981	6.9061
-30.45729047	151.8743437	4.4595
-30.45729047	157.5007892	6.0703
-30.45729047	163.1272348	8.9943
-30.45729047	168.7479507	9.1252
-30.45729047	174.3743963	3.9221
-35.99492756	-180	6.412
-35.99492756	-174.3749983	8.7369
-35.99492756	-168.7499737	15.46
-35.99492756	-163.125247	19.931
-35.99492756	-157.4999474	19.563
-35.99492756	-151.8752207	14.285
-35.99492756	-146.2499211	10.746
-35.99492756	-140.6251944	9.5555
-35.99492756	-134.9998948	11.139
-35.99492756	-129.3751681	19.01
-35.99492756	-123.7498685	41.351
-35.99492756	-118.1262877	52.673
-35.99492756	-112.4998422	45.672
-35.99492756	-106.8733966	60.527
-35.99492756	-101.2526806	101.18
-35.99492756	-95.62623509	125.95
-35.99492756	-89.99978954	138.64
-35.99492756	-84.37334399	145.26
-35.99492756	-78.75262802	113.68
-35.99492756	-73.12618247	80.59
-35.99492756	-67.49973693	48.518
-35.99492756	-61.87329138	28.157
-35.99492756	-56.25257541	21.245
-35.99492756	-50.62612986	17.217
-35.99492756	-44.99968431	8.7526
-35.99492756	-39.37323876	5.165
-35.99492756	-33.75252279	5.1108
-35.99492756	-28.12607724	6.7226
-35.99492756	-22.4996317	4.7491
-35.99492756	-16.87318615	3.2406
-35.99492756	-11.25247018	8.9038
-35.99492756	-5.62602463	18.3
-35.99492756	0.000420918	10.058
-35.99492756	5.626866466	5.34
-35.99492756	11.24758244	13.033
-35.99492756	16.87402798	31.046
-35.99492756	22.50047353	26.72
-35.99492756	28.12691908	23.166
-35.99492756	33.74763505	28.545
-35.99492756	39.3740806	36.538
-35.99492756	45.00052615	40.911
-35.99492756	50.6269717	47.873
-35.99492756	56.24768767	35.541
-35.99492756	61.87413321	25.605
-35.99492756	67.50057876	14.868
-35.99492756	73.12702431	10.138
-35.99492756	78.74774028	8.1508
-35.99492756	84.37418583	6.8195
-35.99492756	90.00063138	3.8946
-35.99492756	95.62707693	2.5228
-35.99492756	101.2477929	4.2332
-35.99492756	106.8742384	10.71
-35.99492756	112.500684	13.618
-35.99492756	118.1271295	5.1719
-35.99492756	123.7478455	3.5783
-35.99492756	129.3742911	11.5
-35.99492756	135.0007366	25.592
-35.99492756	140.6271822	29.997
-35.99492756	146.2478981	24.182
-35.99492756	151.8743437	16.037
-35.99492756	157.5007892	12.89
-35.99492756	163.1272348	12.964
-35.99492756	168.7479507	11.549
-35.99492756	174.3743963	9.2759
-41.53256465	-180	60.747
-41.53256465	-174.3749983	32.261
-41.53256465	-168.7499737	18.8
-41.53256465	-163.125247	17.828
-41.53256465	-157.4999474	32.498
-41.53256465	-151.8752207	51.15
-41.53256465	-146.2499211	52.585
-41.53256465	-140.6251944	41.871
-41.53256465	-134.9998948	31.248
-41.53256465	-129.3751681	29.094
-41.53256465	-123.7498685	27.763
-41.53256465	-118.1262877	22.545
-41.53256465	-112.4998422	20.24
-41.53256465	-106.8733966	32.094
-41.53256465	-101.2526806	82.463
-41.53256465	-95.62623509	149.97
-41.53256465	-89.99978954	133.77
-41.53256465	-84.37334399	92.483
-41.53256465	-78.75262802	85.698
-41.53256465	-73.12618247	85.76
-41.53256465	-67.49973693	72.644
-41.53256465	-61.87329138	58.434
-41.53256465	-56.25257541	46.837
-41.53256465	-50.62612986	30.495
-41.53256465	-44.99968431	29.506
-41.53256465	-39.37323876	24.83
-41.53256465	-33.75252279	18.22
-41.53256465	-28.12607724	14.894
-41.53256465	-22.4996317	14.338
-41.53256465	-16.87318615	15.484
-41.53256465	-11.25247018	21.79
-41.53256465	-5.62602463	25.501
-41.53256465	0.000420918	19.158
-41.53256465	5.626866466	16.997
-41.53256465	11.24758244	28.402
-41.53256465	16.87402798	51.038
-41.53256465	22.50047353	59.277
-41.53256465	28.12691908	64.675
-41.53256465	33.74763505	76.987
-41.53256465	39.3740806	112.94
-41.53256465	45.00052615	87.144
-41.53256465	50.6269717	69.111
-41.53256465	56.24768767	63.426
-41.53256465	61.87413321	61.476
-41.53256465	67.50057876	55.692
-41.53256465	73.12702431	42.802
-41.53256465	78.74774028	31.562
-41.53256465	84.37418583	26.072
-41.53256465	90.00063138	15.882
-41.53256465	95.62707693	9.1927
-41.53256465	101.2477929	13.855
-41.53256465	106.8742384	39.435
-41.53256465	112.500684	46.535
-41.53256465	118.1271295	25.422
-41.53256465	123.7478455	20.957
-41.53256465	129.3742911	53.017
-41.53256465	135.0007366	80.292
-41.53256465	140.6271822	64.876
-41.53256465	146.2478981	45.915
-41.53256465	151.8743437	39.196
-41.53256465	157.5007892	44.633
-41.53256465	163.1272348	62.459
-41.53256465	168.7479507	82.652
-41.53256465	174.3743963	87.297
-47.06962879	-180	122.66
-47.06962879	-174.3749983	88.787
-47.06962879	-168.7499737	73.664
-47.06962879	-163.125247	80.754
-47.06962879	-157.4999474	113.31
-47.06962879	-151.8752207	143.13
-47.06962879	-146.2499211	145.46
-47.06962879	-140.6251944	126.2
-47.06962879	-134.9998948	101.03
-47.06962879	-129.3751681	73.699
-47.06962879	-123.7498685	51.203
-47.06962879	-118.1262877	39.613
-47.06962879	-112.4998422	44.117
-47.06962879	-106.8733966	76.417
-47.06962879	-101.2526806	118.25
-47.06962879	-95.62623509	93.825
-47.06962879	-89.99978954	38.879
-47.06962879	-84.37334399	24.638
-47.06962879	-78.75262802	37.967
-47.06962879	-73.12618247	78.139
-47.06962879	-67.49973693	84.011
-47.06962879	-61.87329138	83.115
-47.06962879	-56.25257541	69.306
-47.06962879	-50.62612986	59.803
-47.06962879	-44.99968431	53.74
-47.06962879	-39.37323876	35.862
-47.06962879	-33.75252279	23.562
-47.06962879	-28.12607724	32.382
-47.06962879	-22.4996317	59.214
-47.06962879	-16.87318615	64.76
-47.06962879	-11.25247018	61.653
-47.06962879	-5.62602463	59.325
-47.06962879	0.000420918	63.633
-47.06962879	5.626866466	66.337
-47.06962879	11.24758244	66.134
-47.06962879	16.87402798	69.4
-47.06962879	22.50047353	85.884
-47.06962879	28.12691908	135.08
-47.06962879	33.74763505	246.97
-47.06962879	39.3740806	313.22
-47.06962879	45.00052615	193.98
-47.06962879	50.6269717	123.59
-47.06962879	56.24768767	109.78
-47.06962879	61.87413321	119.05
-47.06962879	67.50057876	119.3
-47.06962879	73.12702431	93.467
-47.06962879	78.74774028	73.328
-47.06962879	84.37418583	64.703
-47.06962879	90.00063138	74.959
-47.06962879	95.62707693	85.946
-47.06962879	101.2477929	114.21
-47.06962879	106.8742384	137.6
-47.06962879	112.500684	124.85
-47.06962879	118.1271295	87.242
-47.06962879	123.7478455	87.785
-47.06962879	129.3742911	147.22
-47.06962879	135.0007366	156.27
-47.06962879	140.6271822	95.626
-47.06962879	146.2478981	81.818
-47.06962879	151.8743437	88.832
-47.06962879	157.5007892	133.13
-47.06962879	163.1272348	195.43
-47.06962879	168.7479507	203.96
-47.06962879	174.3743963	168.23
-52.60669292	-180	154.89
-52.60669292	-174.3749983	175.36
-52.60669292	-168.7499737	212.6
-52.60669292	-163.125247	231.29
-52.60669292	-157.4999474	211.29
-52.60669292	-151.8752207	178.61
-52.60669292	-146.2499211	161.33
-52.60669292	-140.6251944	164.62
-52.60669292	-134.9998948	161.97
-52.60669292	-129.3751681	129.55
-52.60669292	-123.7498685	93.525
-52.60669292	-118.1262877	76.523
-52.60669292	-112.4998422	90.191
-52.60669292	-106.8733966	147.06
-52.60669292	-101.2526806	173.37
-52.60669292	-95.62623509	112.56
-52.60669292	-89.99978954	65.56
-52.60669292	-84.37334399	46.036
-52.60669292	-78.75262802	47.158
-52.60669292	-73.12618247	76.429
-52.60669292	-67.49973693	91.121
-52.60669292	-61.87329138	93.316
-52.60669292	-56.25257541	82.367
-52.60669292	-50.62612986	76.453
-52.60669292	-44.99968431	73.924
-52.60669292	-39.37323876	56.408
-52.60669292	-33.75252279	44.488
-52.60669292	-28.12607724	79.111
-52.60669292	-22.4996317	123.08
-52.60669292	-16.87318615	116.83
-52.60669292	-11.25247018	102.5
-52.60669292	-5.62602463	110.98
-52.60669292	0.000420918	135.93
-52.60669292	5.626866466	147.21
-52.60669292	11.24758244	131.01
-52.60669292	16.87402798	118.73
-52.60669292	22.50047353	142.48
-52.60669292	28.12691908	241.79
-52.60669292	33.74763505	437.28
-52.60669292	39.3740806	528.2
-52.60669292	45.00052615	369.3
-52.60669292	50.6269717	222.39
-52.60669292	56.24768767	213.46
-52.60669292	61.87413321	258.33
-52.60669292	67.50057876	275.21
-52.60669292	73.12702431	227.16
-52.60669292	78.74774028	181.03
-52.60669292	84.37418583	198.4
-52.60669292	90.00063138	327.57
-52.60669292	95.62707693	474.23
-52.60669292	101.2477929	445.32
-52.60669292	106.8742384	308.39
-52.60669292	112.500684	204.9
-52.60669292	118.1271295	133.46
-52.60669292	123.7478455	108.82
-52.60669292	129.3742911	116.86
-52.60669292	135.0007366	138.45
-52.60669292	140.6271822	140.86
-52.60669292	146.2478981	159.66
-52.60669292	151.8743437	202.71
-52.60669292	157.5007892	276.47
-52.60669292	163.1272348	294.25
-52.60669292	168.7479507	232.67
-52.60669292	174.3743963	170.99
-58.14375705	-180	203.42
-58.14375705	-174.3749983	215.89
-58.14375705	-168.7499737	240.69
-58.14375705	-163.125247	231.41
-58.14375705	-157.4999474	195.64
-58.14375705	-151.8752207	166.78
-58.14375705	-146.2499211	158.11
-58.14375705	-140.6251944	175.84
-58.14375705	-134.9998948	189.84
-58.14375705	-129.3751681	177.08
-58.14375705	-123.7498685	145.29
-58.14375705	-118.1262877	120.15
-58.14375705	-112.4998422	109.42
-58.14375705	-106.8733966	120.96
-58.14375705	-101.2526806	126.74
-58.14375705	-95.62623509	116.88
-58.14375705	-89.99978954	98.647
-58.14375705	-84.37334399	81.544
-58.14375705	-78.75262802	79.233
-58.14375705	-73.12618247	87.657
-58.14375705	-67.49973693	106.7
-58.14375705	-61.87329138	131.68
-58.14375705	-56.25257541	143.46
-58.14375705	-50.62612986	133.3
-58.14375705	-44.99968431	120.37
-58.14375705	-39.37323876	112.85
-58.14375705	-33.75252279	136.31
-58.14375705	-28.12607724	180.88
-58.14375705	-22.4996317	178.54
-58.14375705	-16.87318615	150.12
-58.14375705	-11.25247018	137.94
-58.14375705	-5.62602463	151.63
-58.14375705	0.000420918	172.65
-58.14375705	5.626866466	180.88
-58.14375705	11.24758244	165.39
-58.14375705	16.87402798	158.11
-58.14375705	22.50047353	191.72
-58.14375705	28.12691908	282.82
-58.14375705	33.74763505	467.12
-58.14375705	39.3740806	666.35
-58.14375705	45.00052615	673.72
-58.14375705	50.6269717	556.02
-58.14375705	56.24768767	556.68
-58.14375705	61.87413321	537.53
-58.14375705	67.50057876	499.19
-58.14375705	73.12702431	433.46
-58.14375705	78.74774028	404.96
-58.14375705	84.37418583	449.35
-58.14375705	90.00063138	521.62
-58.14375705	95.62707693	606.92
-58.14375705	101.2477929	544.25
-58.14375705	106.8742384	420.64
-58.14375705	112.500684	290.6
-58.14375705	118.1271295	186.57
-58.14375705	123.7478455	115.78
-58.14375705	129.3742911	92.186
-58.14375705	135.0007366	95.379
-58.14375705	140.6271822	122.38
-58.14375705	146.2478981	182.07
-58.14375705	151.8743437	277.03
-58.14375705	157.5007892	357.43
-58.14375705	163.1272348	354.7
-58.14375705	168.7479507	282.8
-58.14375705	174.3743963	227.57
-63.67852935	-180	177.13
-63.67852935	-174.3749983	167.8
-63.67852935	-168.7499737	175.78
-63.67852935	-163.125247	187.4
-63.67852935	-157.4999474	203.39
-63.67852935	-151.8752207	214.74
-63.67852935	-146.2499211	242.59
-63.67852935	-140.6251944	294.55
-63.67852935	-134.9998948	337.84
-63.67852935	-129.3751681	343.59
-63.67852935	-123.7498685	317.2
-63.67852935	-118.1262877	257.8
-63.67852935	-112.4998422	189.4
-63.67852935	-106.8733966	142.95
-63.67852935	-101.2526806	123.31
-63.67852935	-95.62623509	118.33
-63.67852935	-89.99978954	110.22
-63.67852935	-84.37334399	99.595
-63.67852935	-78.75262802	95.675
-63.67852935	-73.12618247	101.66
-63.67852935	-67.49973693	116.68
-63.67852935	-61.87329138	144.68
-63.67852935	-56.25257541	183.23
-63.67852935	-50.62612986	214.73
-63.67852935	-44.99968431	221.23
-63.67852935	-39.37323876	219.85
-63.67852935	-33.75252279	223.86
-63.67852935	-28.12607724	223.3
-63.67852935	-22.4996317	207.61
-63.67852935	-16.87318615	192.1
-63.67852935	-11.25247018	182.08
-63.67852935	-5.62602463	173.89
-63.67852935	0.000420918	171.68
-63.67852935	5.626866466	165.47
-63.67852935	11.24758244	150.73
-63.67852935	16.87402798	142.5
-63.67852935	22.50047353	162.53
-63.67852935	28.12691908	207.46
-63.67852935	33.74763505	290.35
-63.67852935	39.3740806	404.41
-63.67852935	45.00052615	488.7
-63.67852935	50.6269717	503.24
-63.67852935	56.24768767	479.01
-63.67852935	61.87413321	436.64
-63.67852935	67.50057876	378.08
-63.67852935	73.12702431	352.69
-63.67852935	78.74774028	366
-63.67852935	84.37418583	403.23
-63.67852935	90.00063138	429.22
-63.67852935	95.62707693	432.91
-63.67852935	101.2477929	399.39
-63.67852935	106.8742384	340.53
-63.67852935	112.500684	262.79
-63.67852935	118.1271295	182.93
-63.67852935	123.7478455	121.21
-63.67852935	129.3742911	95.726
-63.67852935	135.0007366	86.84
-63.67852935	140.6271822	101.79
-63.67852935	146.2478981	148.34
-63.67852935	151.8743437	215.87
-63.67852935	157.5007892	278.52
-63.67852935	163.1272348	288
-63.67852935	168.7479507	255.39
-63.67852935	174.3743963	209.23
-69.21330165	-180	149.03
-69.21330165	-174.3749983	141.81
-69.21330165	-168.7499737	130.2
-69.21330165	-163.125247	120.96
-69.21330165	-157.4999474	115.66
-69.21330165	-151.8752207	117.11
-69.21330165	-146.2499211	128.73
-69.21330165	-140.6251944	150.75
-69.21330165	-134.9998948	185.07
-69.21330165	-129.3751681	230.05
-69.21330165	-123.7498685	261.8
-69.21330165	-118.1262877	253.76
-69.21330165	-112.4998422	217.3
-69.21330165	-106.8733966	183.66
-69.21330165	-101.2526806	162.51
-69.21330165	-95.62623509	151.05
-69.21330165	-89.99978954	137.23
-69.21330165	-84.37334399	130.53
-69.21330165	-78.75262802	121.47
-69.21330165	-73.12618247	113.68
-69.21330165	-67.49973693	108.72
-69.21330165	-61.87329138	112.27
-69.21330165	-56.25257541	112.65
-69.21330165	-50.62612986	110.61
-69.21330165	-44.99968431	107.47
-69.21330165	-39.37323876	101.81
-69.21330165	-33.75252279	104.59
-69.21330165	-28.12607724	113.98
-69.21330165	-22.4996317	132.87
-69.21330165	-16.87318615	154.46
-69.21330165	-11.25247018	172.21
-69.21330165	-5.62602463	186.05
-69.21330165	0.000420918	193.44
-69.21330165	5.626866466	188.42
-69.21330165	11.24758244	158.59
-69.21330165	16.87402798	135.4
-69.21330165	22.50047353	123.45
-69.21330165	28.12691908	123.67
-69.21330165	33.74763505	139.88
-69.21330165	39.3740806	164.16
-69.21330165	45.00052615	205.39
-69.21330165	50.6269717	235.69
-69.21330165	56.24768767	234.3
-69.21330165	61.87413321	224.18
-69.21330165	67.50057876	210.99
-69.21330165	73.12702431	214.21
-69.21330165	78.74774028	227.01
-69.21330165	84.37418583	227.65
-69.21330165	90.00063138	220.49
-69.21330165	95.62707693	213.6
-69.21330165	101.2477929	191.97
-69.21330165	106.8742384	171.2
-69.21330165	112.500684	159.55
-69.21330165	118.1271295	149.48
-69.21330165	123.7478455	132.84
-69.21330165	129.3742911	117.42
-69.21330165	135.0007366	109.8
-69.21330165	140.6271822	112.64
-69.21330165	146.2478981	126.1
-69.21330165	151.8743437	147.67
-69.21330165	157.5007892	160.91
-69.21330165	163.1272348	169.3
-69.21330165	168.7479507	166.84
-69.21330165	174.3743963	158.74
-74.74234437	-180	270.19
-74.74234437	-174.3749983	246.01
-74.74234437	-168.7499737	207.1
-74.74234437	-163.125247	166.25
-74.74234437	-157.4999474	131.99
-74.74234437	-151.8752207	110.69
-74.74234437	-146.2499211	101.53
-74.74234437	-140.6251944	100.95
-74.74234437	-134.9998948	103.58
-74.74234437	-129.3751681	107.94
-74.74234437	-123.7498685	110.25
-74.74234437	-118.1262877	114.41
-74.74234437	-112.4998422	117.57
-74.74234437	-106.8733966	118.09
-74.74234437	-101.2526806	119.25
-74.74234437	-95.62623509	120.95
-74.74234437	-89.99978954	123.98
-74.74234437	-84.37334399	127.83
-74.74234437	-78.75262802	127.74
-74.74234437	-73.12618247	124.22
-74.74234437	-67.49973693	117.38
-74.74234437	-61.87329138	105.69
-74.74234437	-56.25257541	94.896
-74.74234437	-50.62612986	87.292
-74.74234437	-44.99968431	82.737
-74.74234437	-39.37323876	80.973
-74.74234437	-33.75252279	82.985
-74.74234437	-28.12607724	90.622
-74.74234437	-22.4996317	102.63
-74.74234437	-16.87318615	116.6
-74.74234437	-11.25247018	139.36
-74.74234437	-5.62602463	165.53
-74.74234437	0.000420918	189.66
-74.74234437	5.626866466	198.87
-74.74234437	11.24758244	195.47
-74.74234437	16.87402798	184.45
-74.74234437	22.50047353	173.16
-74.74234437	28.12691908	170.51
-74.74234437	33.74763505	176.43
-74.74234437	39.3740806	184.22
-74.74234437	45.00052615	190.22
-74.74234437	50.6269717	190.61
-74.74234437	56.24768767	188.18
-74.74234437	61.87413321	178.04
-74.74234437	67.50057876	162.88
-74.74234437	73.12702431	149.24
-74.74234437	78.74774028	134.03
-74.74234437	84.37418583	123.2
-74.74234437	90.00063138	118.98
-74.74234437	95.62707693	112.05
-74.74234437	101.2477929	111.03
-74.74234437	106.8742384	108.39
-74.74234437	112.500684	109.4
-74.74234437	118.1271295	113.88
-74.74234437	123.7478455	117.48
-74.74234437	129.3742911	118.32
-74.74234437	135.0007366	122.48
-74.74234437	140.6271822	132.2
-74.74234437	146.2478981	147.64
-74.74234437	151.8743437	165.56
-74.74234437	157.5007892	192.1
-74.74234437	163.1272348	222.39
-74.74234437	168.7479507	251.28
-74.74234437	174.3743963	271.86
-80.2713871	-180	432.76
-80.2713871	-174.3749983	460.78
-80.2713871	-168.7499737	447.59
-80.2713871	-163.125247	417.88
-80.2713871	-157.4999474	374.43
-80.2713871	-151.8752207	320.73
-80.2713871	-146.2499211	271.18
-80.2713871	-140.6251944	226.98
-80.2713871	-134.9998948	189.24
-80.2713871	-129.3751681	163.32
-80.2713871	-123.7498685	146.07
-80.2713871	-118.1262877	134.65
-80.2713871	-112.4998422	129.29
-80.2713871	-106.8733966	126.17
-80.2713871	-101.2526806	126.52
-80.2713871	-95.62623509	128.06
-80.2713871	-89.99978954	136.31
-80.2713871	-84.37334399	145.01
-80.2713871	-78.75262802	150.66
-80.2713871	-73.12618247	152.67
-80.2713871	-67.49973693	149.31
-80.2713871	-61.87329138	146.19
-80.2713871	-56.25257541	138.18
-80.2713871	-50.62612986	129.59
-80.2713871	-44.99968431	125.37
-80.2713871	-39.37323876	121.81
-80.2713871	-33.75252279	121.48
-80.2713871	-28.12607724	127.21
-80.2713871	-22.4996317	134.33
-80.2713871	-16.87318615	145.24
-80.2713871	-11.25247018	157.34
-80.2713871	-5.62602463	170.75
-80.2713871	0.000420918	184.55
-80.2713871	5.626866466	199.87
-80.2713871	11.24758244	216.65
-80.2713871	16.87402798	229.11
-80.2713871	22.50047353	242.58
-80.2713871	28.12691908	254.27
-80.2713871	33.74763505	252.94
-80.2713871	39.3740806	251.2
-80.2713871	45.00052615	239.07
-80.2713871	50.6269717	223.44
-80.2713871	56.24768767	205.4
-80.2713871	61.87413321	183.29
-80.2713871	67.50057876	158.88
-80.2713871	73.12702431	140.48
-80.2713871	78.74774028	123.76
-80.2713871	84.37418583	112.37
-80.2713871	90.00063138	101.74
-80.2713871	95.62707693	96.071
-80.2713871	101.2477929	94.565
-80.2713871	106.8742384	95.046
-80.2713871	112.500684	96.895
-80.2713871	118.1271295	98.311
-80.2713871	123.7478455	101.47
-80.2713871	129.3742911	106.6
-80.2713871	135.0007366	117.17
-80.2713871	140.6271822	133.04
-80.2713871	146.2478981	148.5
-80.2713871	151.8743437	174.39
-80.2713871	157.5007892	207.72
-80.2713871	163.1272348	255.46
-80.2713871	168.7479507	318
-80.2713871	174.3743963	380.93
-85.76032278	-180	322.87
-85.76032278	-174.3749983	319.26
-85.76032278	-168.7499737	304.66
-85.76032278	-163.125247	277.95
-85.76032278	-157.4999474	245.64
-85.76032278	-151.8752207	215.49
-85.76032278	-146.2499211	184.91
-85.76032278	-140.6251944	159.98
-85.76032278	-134.9998948	139.45
-85.76032278	-129.3751681	122.53
-85.76032278	-123.7498685	109.86
-85.76032278	-118.1262877	99.993
-85.76032278	-112.4998422	91.881
-85.76032278	-106.8733966	87.284
-85.76032278	-101.2526806	82.508
-85.76032278	-95.62623509	78.137
-85.76032278	-89.99978954	75.427
-85.76032278	-84.37334399	73.097
-85.76032278	-78.75262802	71.533
-85.76032278	-73.12618247	70.489
-85.76032278	-67.49973693	69.869
-85.76032278	-61.87329138	69.3
-85.76032278	-56.25257541	69.322
-85.76032278	-50.62612986	69.252
-85.76032278	-44.99968431	69.39
-85.76032278	-39.37323876	70.457
-85.76032278	-33.75252279	71.23
-85.76032278	-28.12607724	72.958
-85.76032278	-22.4996317	74.694
-85.76032278	-16.87318615	76.677
-85.76032278	-11.25247018	79.013
-85.76032278	-5.62602463	80.958
-85.76032278	0.000420918	83.052
-85.76032278	5.626866466	84.559
-85.76032278	11.24758244	84.834
-85.76032278	16.87402798	83.818
-85.76032278	22.50047353	82.348
-85.76032278	28.12691908	80.822
-85.76032278	33.74763505	77.82
-85.76032278	39.3740806	73.321
-85.76032278	45.00052615	69.482
-85.76032278	50.6269717	65.912
-85.76032278	56.24768767	62.53
-85.76032278	61.87413321	59.398
-85.76032278	67.50057876	57.277
-85.76032278	73.12702431	55.523
-85.76032278	78.74774028	54.357
-85.76032278	84.37418583	53.687
-85.76032278	90.00063138	53.631
-85.76032278	95.62707693	54.251
-85.76032278	101.2477929	55.88
-85.76032278	106.8742384	58.184
-85.76032278	112.500684	61.52
-85.76032278	118.1271295	65.745
-85.76032278	123.7478455	72.54
-85.76032278	129.3742911	82.927
-85.76032278	135.0007366	96.566
-85.76032278	140.6271822	114.61
-85.76032278	146.2478981	138.96
-85.76032278	151.8743437	169.48
-85.76032278	157.5007892	207.53
-85.76032278	163.1272348	247.17
-85.76032278	168.7479507	283.18
-85.76032278	174.3743963	309.54