85.76032278	-180	26.939
85.76032278	-174.3749983	26.991
85.76032278	-168.7499737	26.496
85.76032278	-163.125247	26.596
85.76032278	-157.4999474	26.74
85.76032278	-151.8752207	27.114
85.76032278	-146.2499211	27.884
85.76032278	-140.6251944	28.824
85.76032278	-134.9998948	30.376
85.76032278	-129.3751681	31.654
85.76032278	-123.7498685	33.463
85.76032278	-118.1262877	35.163
85.76032278	-112.4998422	37.017
85.76032278	-106.8733966	38.764
85.76032278	-101.2526806	40.96
85.76032278	-95.62623509	43.343
85.76032278	-89.99978954	45.401
85.76032278	-84.37334399	47.418
85.76032278	-78.75262802	49.196
85.76032278	-73.12618247	51.18
85.76032278	-67.49973693	52.744
85.76032278	-61.87329138	53.392
85.76032278	-56.25257541	53.689
85.76032278	-50.62612986	53.789
85.76032278	-44.99968431	53.519
85.76032278	-39.37323876	53.005
85.76032278	-33.75252279	52.29
85.76032278	-28.12607724	50.972
85.76032278	-22.4996317	49.528
85.76032278	-16.87318615	48.09
85.76032278	-11.25247018	46.484
85.76032278	-5.62602463	44.665
85.76032278	0.000420918	42.947
85.76032278	5.626866466	41.185
85.76032278	11.24758244	38.913
85.76032278	16.87402798	36.692
85.76032278	22.50047353	35.119
85.76032278	28.12691908	33.652
85.76032278	33.74763505	31.939
85.76032278	39.3740806	30.648
85.76032278	45.00052615	30.005
85.76032278	50.6269717	29.042
85.76032278	56.24768767	28.27
85.76032278	61.87413321	27.842
85.76032278	67.50057876	27.969
85.76032278	73.12702431	27.969
85.76032278	78.74774028	27.861
85.76032278	84.37418583	27.912
85.76032278	90.00063138	27.808
85.76032278	95.62707693	28.06
85.76032278	101.2477929	28.034
85.76032278	106.8742384	28.194
85.76032278	112.500684	28.588
85.76032278	118.1271295	28.69
85.76032278	123.7478455	28.84
85.76032278	129.3742911	29.039
85.76032278	135.0007366	29.074
85.76032278	140.6271822	28.715
85.76032278	146.2478981	28.499
85.76032278	151.8743437	28.528
85.76032278	157.5007892	28.259
85.76032278	163.1272348	28.067
85.76032278	168.7479507	27.579
85.76032278	174.3743963	27.404
80.2713871	-180	29.883
80.2713871	-174.3749983	28.994
80.2713871	-168.7499737	28.856
80.2713871	-163.125247	28.532
80.2713871	-157.4999474	29.328
80.2713871	-151.8752207	30.716
80.2713871	-146.2499211	31.522
80.2713871	-140.6251944	33.002
80.2713871	-134.9998948	34.394
80.2713871	-129.3751681	35.699
80.2713871	-123.7498685	36.055
80.2713871	-118.1262877	36.043
80.2713871	-112.4998422	35.476
80.2713871	-106.8733966	35.093
80.2713871	-101.2526806	35.084
80.2713871	-95.62623509	35.428
80.2713871	-89.99978954	36.09
80.2713871	-84.37334399	36.98
80.2713871	-78.75262802	38.486
80.2713871	-73.12618247	40.517
80.2713871	-67.49973693	42.799
80.2713871	-61.87329138	44.674
80.2713871	-56.25257541	45.419
80.2713871	-50.62612986	44.752
80.2713871	-44.99968431	43.411
80.2713871	-39.37323876	42.124
80.2713871	-33.75252279	40.26
80.2713871	-28.12607724	39.014
80.2713871	-22.4996317	38.784
80.2713871	-16.87318615	38.626
80.2713871	-11.25247018	38.446
80.2713871	-5.62602463	39.504
80.2713871	0.000420918	41.31
80.2713871	5.626866466	41.318
80.2713871	11.24758244	41.404
80.2713871	16.87402798	41.075
80.2713871	22.50047353	39.502
80.2713871	28.12691908	37.321
80.2713871	33.74763505	35.347
80.2713871	39.3740806	34.155
80.2713871	45.00052615	32.511
80.2713871	50.6269717	31.4
80.2713871	56.24768767	30.517
80.2713871	61.87413321	30.946
80.2713871	67.50057876	31.752
80.2713871	73.12702431	32.886
80.2713871	78.74774028	33.325
80.2713871	84.37418583	35.177
80.2713871	90.00063138	37.559
80.2713871	95.62707693	39.636
80.2713871	101.2477929	41.904
80.2713871	106.8742384	43.897
80.2713871	112.500684	45.734
80.2713871	118.1271295	47.405
80.2713871	123.7478455	48.451
80.2713871	129.3742911	48.8
80.2713871	135.0007366	48.738
80.2713871	140.6271822	48.378
80.2713871	146.2478981	47.766
80.2713871	151.8743437	45.315
80.2713871	157.5007892	42.045
80.2713871	163.1272348	38.148
80.2713871	168.7479507	34.337
80.2713871	174.3743963	31.022
74.74234437	-180	49.325
74.74234437	-174.3749983	50.95
74.74234437	-168.7499737	49.364
74.74234437	-163.125247	46.602
74.74234437	-157.4999474	45.235
74.74234437	-151.8752207	44.935
74.74234437	-146.2499211	43.451
74.74234437	-140.6251944	43.296
74.74234437	-134.9998948	44.026
74.74234437	-129.3751681	44.619
74.74234437	-123.7498685	43.858
74.74234437	-118.1262877	42.041
74.74234437	-112.4998422	38.542
74.74234437	-106.8733966	33.59
74.74234437	-101.2526806	29.959
74.74234437	-95.62623509	26.276
74.74234437	-89.99978954	24.484
74.74234437	-84.37334399	24.806
74.74234437	-78.75262802	26.807
74.74234437	-73.12618247	29.309
74.74234437	-67.49973693	34.06
74.74234437	-61.87329138	38.573
74.74234437	-56.25257541	40.324
74.74234437	-50.62612986	38.338
74.74234437	-44.99968431	33.697
74.74234437	-39.37323876	29.807
74.74234437	-33.75252279	26.979
74.74234437	-28.12607724	25.473
74.74234437	-22.4996317	25.588
74.74234437	-16.87318615	29.702
74.74234437	-11.25247018	35.48
74.74234437	-5.62602463	42.844
74.74234437	0.000420918	51.193
74.74234437	5.626866466	56.27
74.74234437	11.24758244	56.656
74.74234437	16.87402798	55.011
74.74234437	22.50047353	50.925
74.74234437	28.12691908	47.32
74.74234437	33.74763505	45.228
74.74234437	39.3740806	43.728
74.74234437	45.00052615	43.028
74.74234437	50.6269717	43.822
74.74234437	56.24768767	44.199
74.74234437	61.87413321	44.615
74.74234437	67.50057876	46.181
74.74234437	73.12702431	47.706
74.74234437	78.74774028	50.439
74.74234437	84.37418583	50.024
74.74234437	90.00063138	49.225
74.74234437	95.62707693	47.808
74.74234437	101.2477929	45.652
74.74234437	106.8742384	45.493
74.74234437	112.500684	47.994
74.74234437	118.1271295	54.687
74.74234437	123.7478455	60.721
74.74234437	129.3742911	61.812
74.74234437	135.0007366	58.359
74.74234437	140.6271822	55.234
74.74234437	146.2478981	51.949
74.74234437	151.8743437	49.233
74.74234437	157.5007892	47.115
74.74234437	163.1272348	46.151
74.74234437	168.7479507	44.893
74.74234437	174.3743963	46.04
69.21330165	-180	69.12
69.21330165	-174.3749983	70.652
69.21330165	-168.7499737	66.776
69.21330165	-163.125247	58.471
69.21330165	-157.4999474	50.915
69.21330165	-151.8752207	42.992
69.21330165	-146.2499211	37.761
69.21330165	-140.6251944	34.618
69.21330165	-134.9998948	36.413
69.21330165	-129.3751681	41.193
69.21330165	-123.7498685	45.806
69.21330165	-118.1262877	47.496
69.21330165	-112.4998422	45.274
69.21330165	-106.8733966	41.341
69.21330165	-101.2526806	36.58
69.21330165	-95.62623509	31.967
69.21330165	-89.99978954	28.007
69.21330165	-84.37334399	26.386
69.21330165	-78.75262802	28.6
69.21330165	-73.12618247	32.753
69.21330165	-67.49973693	41.232
69.21330165	-61.87329138	51.15
69.21330165	-56.25257541	54.76
69.21330165	-50.62612986	51.024
69.21330165	-44.99968431	43.821
69.21330165	-39.37323876	37.7
69.21330165	-33.75252279	34.117
69.21330165	-28.12607724	32.428
69.21330165	-22.4996317	34.579
69.21330165	-16.87318615	41.929
69.21330165	-11.25247018	55.212
69.21330165	-5.62602463	69.657
69.21330165	0.000420918	79.617
69.21330165	5.626866466	76.523
69.21330165	11.24758244	62.82
69.21330165	16.87402798	48.927
69.21330165	22.50047353	41.194
69.21330165	28.12691908	40.415
69.21330165	33.74763505	43.735
69.21330165	39.3740806	49.042
69.21330165	45.00052615	53.617
69.21330165	50.6269717	53.493
69.21330165	56.24768767	51.622
69.21330165	61.87413321	51.085
69.21330165	67.50057876	54.036
69.21330165	73.12702431	60.553
69.21330165	78.74774028	67.611
69.21330165	84.37418583	64.111
69.21330165	90.00063138	52.258
69.21330165	95.62707693	43.687
69.21330165	101.2477929	37.624
69.21330165	106.8742384	34.064
69.21330165	112.500684	35.321
69.21330165	118.1271295	40.173
69.21330165	123.7478455	46.341
69.21330165	129.3742911	52.12
69.21330165	135.0007366	51.252
69.21330165	140.6271822	45.57
69.21330165	146.2478981	41.809
69.21330165	151.8743437	42.001
69.21330165	157.5007892	41.914
69.21330165	163.1272348	45.019
69.21330165	168.7479507	49.68
69.21330165	174.3743963	60.163
63.67852935	-180	58.112
63.67852935	-174.3749983	55.48
63.67852935	-168.7499737	55.095
63.67852935	-163.125247	55.97
63.67852935	-157.4999474	54.234
63.67852935	-151.8752207	42.95
63.67852935	-146.2499211	33.966
63.67852935	-140.6251944	34.643
63.67852935	-134.9998948	39.949
63.67852935	-129.3751681	42.715
63.67852935	-123.7498685	38.391
63.67852935	-118.1262877	33.506
63.67852935	-112.4998422	30.744
63.67852935	-106.8733966	31.247
63.67852935	-101.2526806	36.357
63.67852935	-95.62623509	41.18
63.67852935	-89.99978954	38.774
63.67852935	-84.37334399	30.892
63.67852935	-78.75262802	26.524
63.67852935	-73.12618247	23.45
63.67852935	-67.49973693	26.916
63.67852935	-61.87329138	33.683
63.67852935	-56.25257541	36.848
63.67852935	-50.62612986	35.363
63.67852935	-44.99968431	36.635
63.67852935	-39.37323876	40.785
63.67852935	-33.75252279	47.123
63.67852935	-28.12607724	53.116
63.67852935	-22.4996317	56.563
63.67852935	-16.87318615	59.187
63.67852935	-11.25247018	62.747
63.67852935	-5.62602463	64.413
63.67852935	0.000420918	67.23
63.67852935	5.626866466	62.751
63.67852935	11.24758244	51.873
63.67852935	16.87402798	41.038
63.67852935	22.50047353	36.113
63.67852935	28.12691908	39.403
63.67852935	33.74763505	53.321
63.67852935	39.3740806	71.976
63.67852935	45.00052615	71.249
63.67852935	50.6269717	57.519
63.67852935	56.24768767	44.781
63.67852935	61.87413321	38.481
63.67852935	67.50057876	40.655
63.67852935	73.12702431	51.989
63.67852935	78.74774028	65.375
63.67852935	84.37418583	74.291
63.67852935	90.00063138	69.729
63.67852935	95.62707693	60.882
63.67852935	101.2477929	53.986
63.67852935	106.8742384	51.824
63.67852935	112.500684	51.766
63.67852935	118.1271295	57.853
63.67852935	123.7478455	71.17
63.67852935	129.3742911	80.731
63.67852935	135.0007366	76.293
63.67852935	140.6271822	63.381
63.67852935	146.2478981	57.337
63.67852935	151.8743437	56.118
63.67852935	157.5007892	61.066
63.67852935	163.1272348	70.254
63.67852935	168.7479507	69.924
63.67852935	174.3743963	63.949
58.14375705	-180	47.069
58.14375705	-174.3749983	43.372
58.14375705	-168.7499737	48.076
58.14375705	-163.125247	65.049
58.14375705	-157.4999474	84.415
58.14375705	-151.8752207	76.389
58.14375705	-146.2499211	62.06
58.14375705	-140.6251944	54.202
58.14375705	-134.9998948	50.162
58.14375705	-129.3751681	46.967
58.14375705	-123.7498685	37.185
58.14375705	-118.1262877	28.599
58.14375705	-112.4998422	22.939
58.14375705	-106.8733966	21.827
58.14375705	-101.2526806	24.594
58.14375705	-95.62623509	30.937
58.14375705	-89.99978954	30.268
58.14375705	-84.37334399	22.121
58.14375705	-78.75262802	14.129
58.14375705	-73.12618247	11.586
58.14375705	-67.49973693	13.524
58.14375705	-61.87329138	20.916
58.14375705	-56.25257541	28.097
58.14375705	-50.62612986	28.132
58.14375705	-44.99968431	29.813
58.14375705	-39.37323876	36.397
58.14375705	-33.75252279	48.68
58.14375705	-28.12607724	62.432
58.14375705	-22.4996317	63.148
58.14375705	-16.87318615	55.707
58.14375705	-11.25247018	45.209
58.14375705	-5.62602463	40.918
58.14375705	0.000420918	46.764
58.14375705	5.626866466	57.078
58.14375705	11.24758244	55.058
58.14375705	16.87402798	49.226
58.14375705	22.50047353	48.291
58.14375705	28.12691908	53.692
58.14375705	33.74763505	66.317
58.14375705	39.3740806	76.916
58.14375705	45.00052615	70.287
58.14375705	50.6269717	52.601
58.14375705	56.24768767	40.011
58.14375705	61.87413321	38.848
58.14375705	67.50057876	44.074
58.14375705	73.12702431	50.877
58.14375705	78.74774028	54.052
58.14375705	84.37418583	55.256
58.14375705	90.00063138	55.458
58.14375705	95.62707693	63.461
58.14375705	101.2477929	79.379
58.14375705	106.8742384	82.062
58.14375705	112.500684	69.107
58.14375705	118.1271295	60.388
58.14375705	123.7478455	63.553
58.14375705	129.3742911	78.176
58.14375705	135.0007366	79.556
58.14375705	140.6271822	65.588
58.14375705	146.2478981	53.805
58.14375705	151.8743437	53.623
58.14375705	157.5007892	71.551
58.14375705	163.1272348	97.691
58.14375705	168.7479507	95.971
58.14375705	174.3743963	65.42
52.60669292	-180	50.081
52.60669292	-174.3749983	48.585
52.60669292	-168.7499737	54.217
52.60669292	-163.125247	71.52
52.60669292	-157.4999474	80.327
52.60669292	-151.8752207	60.248
52.60669292	-146.2499211	40.009
52.60669292	-140.6251944	29.248
52.60669292	-134.9998948	30.298
52.60669292	-129.3751681	42.982
52.60669292	-123.7498685	53.603
52.60669292	-118.1262877	38.802
52.60669292	-112.4998422	37.526
52.60669292	-106.8733966	37.666
52.60669292	-101.2526806	30.142
52.60669292	-95.62623509	24.306
52.60669292	-89.99978954	24.408
52.60669292	-84.37334399	19.69
52.60669292	-78.75262802	15.667
52.60669292	-73.12618247	13.11
52.60669292	-67.49973693	16.188
52.60669292	-61.87329138	23.846
52.60669292	-56.25257541	34.745
52.60669292	-50.62612986	38.895
52.60669292	-44.99968431	37.509
52.60669292	-39.37323876	42.538
52.60669292	-33.75252279	57.528
52.60669292	-28.12607724	63.236
52.60669292	-22.4996317	58.551
52.60669292	-16.87318615	49.989
52.60669292	-11.25247018	44.644
52.60669292	-5.62602463	46.864
52.60669292	0.000420918	52.447
52.60669292	5.626866466	59.447
52.60669292	11.24758244	58.897
52.60669292	16.87402798	51.887
52.60669292	22.50047353	41.726
52.60669292	28.12691908	33.469
52.60669292	33.74763505	28.45
52.60669292	39.3740806	27.505
52.60669292	45.00052615	28.037
52.60669292	50.6269717	29.364
52.60669292	56.24768767	37.802
52.60669292	61.87413321	53.485
52.60669292	67.50057876	67.334
52.60669292	73.12702431	71.559
52.60669292	78.74774028	56.122
52.60669292	84.37418583	43.198
52.60669292	90.00063138	41.376
52.60669292	95.62707693	55.237
52.60669292	101.2477929	86.785
52.60669292	106.8742384	87.121
52.60669292	112.500684	64.026
52.60669292	118.1271295	44.579
52.60669292	123.7478455	39.962
52.60669292	129.3742911	48.803
52.60669292	135.0007366	60.691
52.60669292	140.6271822	54.818
52.60669292	146.2478981	44.699
52.60669292	151.8743437	41.723
52.60669292	157.5007892	50.811
52.60669292	163.1272348	68.075
52.60669292	168.7479507	71.16
52.60669292	174.3743963	57.246
47.06962879	-180	66.235
47.06962879	-174.3749983	75.238
47.06962879	-168.7499737	55.495
47.06962879	-163.125247	41.257
47.06962879	-157.4999474	34.076
47.06962879	-151.8752207	26.222
47.06962879	-146.2499211	18.283
47.06962879	-140.6251944	18.428
47.06962879	-134.9998948	26.386
47.06962879	-129.3751681	52.024
47.06962879	-123.7498685	63.157
47.06962879	-118.1262877	75.926
47.06962879	-112.4998422	103.98
47.06962879	-106.8733966	90.567
47.06962879	-101.2526806	44.174
47.06962879	-95.62623509	22.563
47.06962879	-89.99978954	17.559
47.06962879	-84.37334399	28.197
47.06962879	-78.75262802	39.548
47.06962879	-73.12618247	33.685
47.06962879	-67.49973693	34.896
47.06962879	-61.87329138	42.466
47.06962879	-56.25257541	52.026
47.06962879	-50.62612986	48.397
47.06962879	-44.99968431	41.556
47.06962879	-39.37323876	45.771
47.06962879	-33.75252279	62.453
47.06962879	-28.12607724	51.667
47.06962879	-22.4996317	38.269
47.06962879	-16.87318615	35.423
47.06962879	-11.25247018	45.286
47.06962879	-5.62602463	49.973
47.06962879	0.000420918	41.019
47.06962879	5.626866466	36.545
47.06962879	11.24758244	33.521
47.06962879	16.87402798	27.369
47.06962879	22.50047353	19.619
47.06962879	28.12691908	15.95
47.06962879	33.74763505	15.325
47.06962879	39.3740806	22.061
47.06962879	45.00052615	28.671
47.06962879	50.6269717	32.048
47.06962879	56.24768767	37.886
47.06962879	61.87413321	38.95
47.06962879	67.50057876	35.175
47.06962879	73.12702431	38.613
47.06962879	78.74774028	44.985
47.06962879	84.37418583	48.43
47.06962879	90.00063138	48.747
47.06962879	95.62707693	55.255
47.06962879	101.2477929	65.346
47.06962879	106.8742384	68.05
47.06962879	112.500684	56.213
47.06962879	118.1271295	43.564
47.06962879	123.7478455	45.917
47.06962879	129.3742911	64.819
47.06962879	135.0007366	80.29
47.06962879	140.6271822	74.044
47.06962879	146.2478981	55.017
47.06962879	151.8743437	47.634
47.06962879	157.5007892	49.037
47.06962879	163.1272348	47.495
47.06962879	168.7479507	42.655
47.06962879	174.3743963	43.984
41.53256465	-180	67.023
41.53256465	-174.3749983	80.139
41.53256465	-168.7499737	36.986
41.53256465	-163.125247	23.858
41.53256465	-157.4999474	34.269
41.53256465	-151.8752207	41.362
41.53256465	-146.2499211	34.875
41.53256465	-140.6251944	55.984
41.53256465	-134.9998948	86.484
41.53256465	-129.3751681	81.868
41.53256465	-123.7498685	81.907
41.53256465	-118.1262877	98.278
41.53256465	-112.4998422	68.618
41.53256465	-106.8733966	37.611
41.53256465	-101.2526806	31.982
41.53256465	-95.62623509	18.173
41.53256465	-89.99978954	10.836
41.53256465	-84.37334399	28.121
41.53256465	-78.75262802	63.104
41.53256465	-73.12618247	51.817
41.53256465	-67.49973693	51.922
41.53256465	-61.87329138	67.188
41.53256465	-56.25257541	59.827
41.53256465	-50.62612986	41.79
41.53256465	-44.99968431	27.139
41.53256465	-39.37323876	32.797
41.53256465	-33.75252279	47.398
41.53256465	-28.12607724	32.871
41.53256465	-22.4996317	21.927
41.53256465	-16.87318615	25.162
41.53256465	-11.25247018	41.009
41.53256465	-5.62602463	39.064
41.53256465	0.000420918	24.367
41.53256465	5.626866466	18.11
41.53256465	11.24758244	20.593
41.53256465	16.87402798	22.585
41.53256465	22.50047353	21.111
41.53256465	28.12691908	27.732
41.53256465	33.74763505	40.579
41.53256465	39.3740806	86.815
41.53256465	45.00052615	122.51
41.53256465	50.6269717	108.67
41.53256465	56.24768767	59.844
41.53256465	61.87413321	30.563
41.53256465	67.50057876	18.593
41.53256465	73.12702431	17.833
41.53256465	78.74774028	27.69
41.53256465	84.37418583	41.659
41.53256465	90.00063138	54.41
41.53256465	95.62707693	60.564
41.53256465	101.2477929	48.832
41.53256465	106.8742384	41.693
41.53256465	112.500684	46.576
41.53256465	118.1271295	66.429
41.53256465	123.7478455	75.612
41.53256465	129.3742911	62.704
41.53256465	135.0007366	49.357
41.53256465	140.6271822	44.336
41.53256465	146.2478981	35.511
41.53256465	151.8743437	40.052
41.53256465	157.5007892	57.498
41.53256465	163.1272348	54.327
41.53256465	168.7479507	32.722
41.53256465	174.3743963	30.497
35.99492756	-180	53.359
35.99492756	-174.3749983	48.804
35.99492756	-168.7499737	21.077
35.99492756	-163.125247	24.14
35.99492756	-157.4999474	70.908
35.99492756	-151.8752207	68.079
35.99492756	-146.2499211	25.906
35.99492756	-140.6251944	32.456
35.99492756	-134.9998948	88.331
35.99492756	-129.3751681	162.42
35.99492756	-123.7498685	191.19
35.99492756	-118.1262877	80.384
35.99492756	-112.4998422	40.382
35.99492756	-106.8733966	38.817
35.99492756	-101.2526806	24.744
35.99492756	-95.62623509	12.2
35.99492756	-89.99978954	5.703
35.99492756	-84.37334399	14.855
35.99492756	-78.75262802	34.289
35.99492756	-73.12618247	34.14
35.99492756	-67.49973693	50.394
35.99492756	-61.87329138	69.6
35.99492756	-56.25257541	48.223
35.99492756	-50.62612986	28.926
35.99492756	-44.99968431	23.589
35.99492756	-39.37323876	37.837
35.99492756	-33.75252279	31.293
35.99492756	-28.12607724	21.54
35.99492756	-22.4996317	20.262
35.99492756	-16.87318615	36.166
35.99492756	-11.25247018	32.103
35.99492756	-5.62602463	20.767
35.99492756	0.000420918	17.319
35.99492756	5.626866466	18.542
35.99492756	11.24758244	34.872
35.99492756	16.87402798	51.753
35.99492756	22.50047353	59.86
35.99492756	28.12691908	63.756
35.99492756	33.74763505	80.628
35.99492756	39.3740806	107.29
35.99492756	45.00052615	120.43
35.99492756	50.6269717	98.125
35.99492756	56.24768767	58.966
35.99492756	61.87413321	39.919
35.99492756	67.50057876	34.65
35.99492756	73.12702431	32.465
35.99492756	78.74774028	33.409
35.99492756	84.37418583	31.379
35.99492756	90.00063138	33.076
35.99492756	95.62707693	41.337
35.99492756	101.2477929	36.924
35.99492756	106.8742384	24.723
35.99492756	112.500684	31.398
35.99492756	118.1271295	74.962
35.99492756	123.7478455	68.655
35.99492756	129.3742911	23.031
35.99492756	135.0007366	14.414
35.99492756	140.6271822	30.103
35.99492756	146.2478981	37.733
35.99492756	151.8743437	25.32
35.99492756	157.5007892	37.189
35.99492756	163.1272348	55.419
35.99492756	168.7479507	34.972
35.99492756	174.3743963	28.093
30.45729047	-180	48.432
30.45729047	-174.3749983	39.812
30.45729047	-168.7499737	21.879
30.45729047	-163.125247	32.473
30.45729047	-157.4999474	63.222
30.45729047	-151.8752207	18.288
30.45729047	-146.2499211	12.655
30.45729047	-140.6251944	49.739
30.45729047	-134.9998948	45.275
30.45729047	-129.3751681	58.092
30.45729047	-123.7498685	112.33
30.45729047	-118.1262877	80.387
30.45729047	-112.4998422	27.126
30.45729047	-106.8733966	9.449
30.45729047	-101.2526806	3.8663
30.45729047	-95.62623509	6.9939
30.45729047	-89.99978954	6.4461
30.45729047	-84.37334399	11.756
30.45729047	-78.75262802	15.061
30.45729047	-73.12618247	16.358
30.45729047	-67.49973693	21.177
30.45729047	-61.87329138	28.323
30.45729047	-56.25257541	16.24
30.45729047	-50.62612986	14.797
30.45729047	-44.99968431	26.251
30.45729047	-39.37323876	37.021
30.45729047	-33.75252279	21.161
30.45729047	-28.12607724	17.988
30.45729047	-22.4996317	45.395
30.45729047	-16.87318615	74.633
30.45729047	-11.25247018	26.054
30.45729047	-5.62602463	14.943
30.45729047	0.000420918	33.6
30.45729047	5.626866466	56.708
30.45729047	11.24758244	66.635
30.45729047	16.87402798	81.239
30.45729047	22.50047353	107
30.45729047	28.12691908	104.94
30.45729047	33.74763505	80.247
30.45729047	39.3740806	54.003
30.45729047	45.00052615	45.403
30.45729047	50.6269717	53.884
30.45729047	56.24768767	58.601
30.45729047	61.87413321	58.84
30.45729047	67.50057876	69.739
30.45729047	73.12702431	71.485
30.45729047	78.74774028	68.121
30.45729047	84.37418583	41.342
30.45729047	90.00063138	19.385
30.45729047	95.62707693	29.128
30.45729047	101.2477929	40.345
30.45729047	106.8742384	28.467
30.45729047	112.500684	25.672
30.45729047	118.1271295	52.31
30.45729047	123.7478455	34.358
30.45729047	129.3742911	10.775
30.45729047	135.0007366	48.317
30.45729047	140.6271822	197.9
30.45729047	146.2478981	183.31
30.45729047	151.8743437	79.551
30.45729047	157.5007892	39.479
30.45729047	163.1272348	34.365
30.45729047	168.7479507	29.596
30.45729047	174.3743963	28.238
24.91965338	-180	37.608
24.91965338	-174.3749983	42.72
24.91965338	-168.7499737	22.567
24.91965338	-163.125247	35.618
24.91965338	-157.4999474	44.48
24.91965338	-151.8752207	12.58
24.91965338	-146.2499211	57.008
24.91965338	-140.6251944	180.01
24.91965338	-134.9998948	139.17
24.91965338	-129.3751681	148.71
24.91965338	-123.7498685	86.039
24.91965338	-118.1262877	41.56
24.91965338	-112.4998422	27.186
24.91965338	-106.8733966	4.6429
24.91965338	-101.2526806	2.2592
24.91965338	-95.62623509	6.1414
24.91965338	-89.99978954	9.3928
24.91965338	-84.37334399	13.058
24.91965338	-78.75262802	12.849
24.91965338	-73.12618247	11.472
24.91965338	-67.49973693	11.561
24.91965338	-61.87329138	15.372
24.91965338	-56.25257541	12.112
24.91965338	-50.62612986	11.89
24.91965338	-44.99968431	19.278
24.91965338	-39.37323876	32.888
24.91965338	-33.75252279	21.118
24.91965338	-28.12607724	22.022
24.91965338	-22.4996317	68.395
24.91965338	-16.87318615	85.239
24.91965338	-11.25247018	25.802
24.91965338	-5.62602463	29.596
24.91965338	0.000420918	75.894
24.91965338	5.626866466	80.257
24.91965338	11.24758244	51.592
24.91965338	16.87402798	72.687
24.91965338	22.50047353	111.91
24.91965338	28.12691908	107.42
24.91965338	33.74763505	68.759
24.91965338	39.3740806	50.636
24.91965338	45.00052615	61.024
24.91965338	50.6269717	88.254
24.91965338	56.24768767	88.895
24.91965338	61.87413321	77.655
24.91965338	67.50057876	58.662
24.91965338	73.12702431	54.384
24.91965338	78.74774028	51.986
24.91965338	84.37418583	31.486
24.91965338	90.00063138	19.124
24.91965338	95.62707693	25.282
24.91965338	101.2477929	25.82
24.91965338	106.8742384	21.75
24.91965338	112.500684	19.356
24.91965338	118.1271295	27.005
24.91965338	123.7478455	25.365
24.91965338	129.3742911	26.789
24.91965338	135.0007366	117.83
24.91965338	140.6271822	194.87
24.91965338	146.2478981	188.44
24.91965338	151.8743437	133.57
24.91965338	157.5007892	41.993
24.91965338	163.1272348	19.264
24.91965338	168.7479507	27.409
24.91965338	174.3743963	23.438
19.38201629	-180	25.512
19.38201629	-174.3749983	33.989
19.38201629	-168.7499737	16.609
19.38201629	-163.125247	22.45
19.38201629	-157.4999474	39.741
19.38201629	-151.8752207	24.681
19.38201629	-146.2499211	62.372
19.38201629	-140.6251944	104.74
19.38201629	-134.9998948	140.98
19.38201629	-129.3751681	229.24
19.38201629	-123.7498685	113.56
19.38201629	-118.1262877	55.15
19.38201629	-112.4998422	44.449
19.38201629	-106.8733966	22.039
19.38201629	-101.2526806	12.292
19.38201629	-95.62623509	12.287
19.38201629	-89.99978954	8.9241
19.38201629	-84.37334399	5.7984
19.38201629	-78.75262802	12.091
19.38201629	-73.12618247	19.368
19.38201629	-67.49973693	17.923
19.38201629	-61.87329138	22.025
19.38201629	-56.25257541	28.135
19.38201629	-50.62612986	21.734
19.38201629	-44.99968431	14.243
19.38201629	-39.37323876	27.826
19.38201629	-33.75252279	26.739
19.38201629	-28.12607724	22.106
19.38201629	-22.4996317	47.9
19.38201629	-16.87318615	61.917
19.38201629	-11.25247018	33.511
19.38201629	-5.62602463	42.17
19.38201629	0.000420918	75.692
19.38201629	5.626866466	60.241
19.38201629	11.24758244	44.859
19.38201629	16.87402798	69.282
19.38201629	22.50047353	90.778
19.38201629	28.12691908	64.986
19.38201629	33.74763505	49.6
19.38201629	39.3740806	70.373
19.38201629	45.00052615	121.46
19.38201629	50.6269717	123.09
19.38201629	56.24768767	77.319
19.38201629	61.87413321	60.158
19.38201629	67.50057876	43.038
19.38201629	73.12702431	34.656
19.38201629	78.74774028	17.191
19.38201629	84.37418583	13.888
19.38201629	90.00063138	25.012
19.38201629	95.62707693	21.923
19.38201629	101.2477929	15.904
19.38201629	106.8742384	14.848
19.38201629	112.500684	19.798
19.38201629	118.1271295	20.842
19.38201629	123.7478455	22.476
19.38201629	129.3742911	39.8
19.38201629	135.0007366	87.238
19.38201629	140.6271822	130.02
19.38201629	146.2478981	149.56
19.38201629	151.8743437	102.87
19.38201629	157.5007892	13.887
19.38201629	163.1272348	13.237
19.38201629	168.7479507	26.907
19.38201629	174.3743963	15.626
13.8443792	-180	22.629
13.8443792	-174.3749983	31.56
13.8443792	-168.7499737	14.198
13.8443792	-163.125247	15.34
13.8443792	-157.4999474	35.193
13.8443792	-151.8752207	13.031
13.8443792	-146.2499211	27.036
13.8443792	-140.6251944	98.149
13.8443792	-134.9998948	137.51
13.8443792	-129.3751681	98.308
13.8443792	-123.7498685	46.688
13.8443792	-118.1262877	56.346
13.8443792	-112.4998422	61.765
13.8443792	-106.8733966	59.241
13.8443792	-101.2526806	35.586
13.8443792	-95.62623509	25.598
13.8443792	-89.99978954	9.134
13.8443792	-84.37334399	2.7901
13.8443792	-78.75262802	4.2616
13.8443792	-73.12618247	11.5
13.8443792	-67.49973693	13.774
13.8443792	-61.87329138	19.065
13.8443792	-56.25257541	32.966
13.8443792	-50.62612986	21.222
13.8443792	-44.99968431	10.855
13.8443792	-39.37323876	12.495
13.8443792	-33.75252279	20.626
13.8443792	-28.12607724	20.471
13.8443792	-22.4996317	27.164
13.8443792	-16.87318615	45.426
13.8443792	-11.25247018	32.987
13.8443792	-5.62602463	32.147
13.8443792	0.000420918	43.355
13.8443792	5.626866466	51.749
13.8443792	11.24758244	75.237
13.8443792	16.87402798	95.372
13.8443792	22.50047353	74.696
13.8443792	28.12691908	47.527
13.8443792	33.74763505	56.544
13.8443792	39.3740806	87.569
13.8443792	45.00052615	127.92
13.8443792	50.6269717	101.86
13.8443792	56.24768767	61.457
13.8443792	61.87413321	65.977
13.8443792	67.50057876	53.538
13.8443792	73.12702431	61.324
13.8443792	78.74774028	23.878
13.8443792	84.37418583	6.1177
13.8443792	90.00063138	24.041
13.8443792	95.62707693	29.156
13.8443792	101.2477929	27.836
13.8443792	106.8742384	29.45
13.8443792	112.500684	38.939
13.8443792	118.1271295	31.921
13.8443792	123.7478455	12.891
13.8443792	129.3742911	23.366
13.8443792	135.0007366	48.656
13.8443792	140.6271822	45.08
13.8443792	146.2478981	49.209
13.8443792	151.8743437	19.72
13.8443792	157.5007892	3.657
13.8443792	163.1272348	20.324
13.8443792	168.7479507	35.53
13.8443792	174.3743963	13.267
8.306742114	-180	25.586
8.306742114	-174.3749983	37.239
8.306742114	-168.7499737	14.346
8.306742114	-163.125247	16.975
8.306742114	-157.4999474	31.22
8.306742114	-151.8752207	16.68
8.306742114	-146.2499211	5.8432
8.306742114	-140.6251944	11.937
8.306742114	-134.9998948	15.553
8.306742114	-129.3751681	14.029
8.306742114	-123.7498685	45.76
8.306742114	-118.1262877	65.405
8.306742114	-112.4998422	48.378
8.306742114	-106.8733966	38.693
8.306742114	-101.2526806	33.602
8.306742114	-95.62623509	36.747
8.306742114	-89.99978954	18.991
8.306742114	-84.37334399	5.0563
8.306742114	-78.75262802	2.7461
8.306742114	-73.12618247	9.4965
8.306742114	-67.49973693	11.255
8.306742114	-61.87329138	10.023
8.306742114	-56.25257541	22.276
8.306742114	-50.62612986	28.545
8.306742114	-44.99968431	10.587
8.306742114	-39.37323876	9.0364
8.306742114	-33.75252279	17.563
8.306742114	-28.12607724	26.175
8.306742114	-22.4996317	23.941
8.306742114	-16.87318615	32.071
8.306742114	-11.25247018	26.135
8.306742114	-5.62602463	23.423
8.306742114	0.000420918	35.539
8.306742114	5.626866466	53.062
8.306742114	11.24758244	84.334
8.306742114	16.87402798	88.862
8.306742114	22.50047353	67.552
8.306742114	28.12691908	66.865
8.306742114	33.74763505	69.074
8.306742114	39.3740806	71.46
8.306742114	45.00052615	89.37
8.306742114	50.6269717	80.468
8.306742114	56.24768767	47.915
8.306742114	61.87413321	57.91
8.306742114	67.50057876	59.544
8.306742114	73.12702431	50.28
8.306742114	78.74774028	37.361
8.306742114	84.37418583	18.18
8.306742114	90.00063138	24.017
8.306742114	95.62707693	36.048
8.306742114	101.2477929	73.922
8.306742114	106.8742384	74.654
8.306742114	112.500684	79.366
8.306742114	118.1271295	55.153
8.306742114	123.7478455	11.389
8.306742114	129.3742911	7.4532
8.306742114	135.0007366	27.371
8.306742114	140.6271822	23.496
8.306742114	146.2478981	14.344
8.306742114	151.8743437	11.866
8.306742114	157.5007892	13.015
8.306742114	163.1272348	32.026
8.306742114	168.7479507	25.973
8.306742114	174.3743963	13.17
2.768904489	-180	24.442
2.768904489	-174.3749983	22.343
2.768904489	-168.7499737	10.778
2.768904489	-163.125247	20.379
2.768904489	-157.4999474	24.207
2.768904489	-151.8752207	16.395
2.768904489	-146.2499211	9.7074
2.768904489	-140.6251944	14.011
2.768904489	-134.9998948	6.6505
2.768904489	-129.3751681	10.295
2.768904489	-123.7498685	40.274
2.768904489	-118.1262877	41.27
2.768904489	-112.4998422	32.613
2.768904489	-106.8733966	26.726
2.768904489	-101.2526806	25.885
2.768904489	-95.62623509	28.947
2.768904489	-89.99978954	32.359
2.768904489	-84.37334399	20.247
2.768904489	-78.75262802	12.756
2.768904489	-73.12618247	41.058
2.768904489	-67.49973693	35.473
2.768904489	-61.87329138	15.947
2.768904489	-56.25257541	18.936
2.768904489	-50.62612986	53.817
2.768904489	-44.99968431	36.203
2.768904489	-39.37323876	19.957
2.768904489	-33.75252279	13.22
2.768904489	-28.12607724	14.197
2.768904489	-22.4996317	17.241
2.768904489	-16.87318615	18.584
2.768904489	-11.25247018	15.672
2.768904489	-5.62602463	26.936
2.768904489	0.000420918	50.418
2.768904489	5.626866466	50.064
2.768904489	11.24758244	53.352
2.768904489	16.87402798	60.05
2.768904489	22.50047353	57.08
2.768904489	28.12691908	63.938
2.768904489	33.74763505	54.248
2.768904489	39.3740806	36.321
2.768904489	45.00052615	52.166
2.768904489	50.6269717	64.397
2.768904489	56.24768767	39.118
2.768904489	61.87413321	35.201
2.768904489	67.50057876	45.614
2.768904489	73.12702431	57.291
2.768904489	78.74774028	80.347
2.768904489	84.37418583	77.796
2.768904489	90.00063138	42.489
2.768904489	95.62707693	67.007
2.768904489	101.2477929	93.422
2.768904489	106.8742384	58.813
2.768904489	112.500684	56.729
2.768904489	118.1271295	80.48
2.768904489	123.7478455	34.751
2.768904489	129.3742911	6.3847
2.768904489	135.0007366	5.447
2.768904489	140.6271822	7.0233
2.768904489	146.2478981	10.271
2.768904489	151.8743437	15.682
2.768904489	157.5007892	18.091
2.768904489	163.1272348	19.602
2.768904489	168.7479507	16.276
2.768904489	174.3743963	14.262
-2.768904489	-180	29.286
-2.768904489	-174.3749983	13.026
-2.768904489	-168.7499737	11.112
-2.768904489	-163.125247	24.397
-2.768904489	-157.4999474	26.247
-2.768904489	-151.8752207	9.165
-2.768904489	-146.2499211	33.144
-2.768904489	-140.6251944	67.632
-2.768904489	-134.9998948	26.722
-2.768904489	-129.3751681	29.078
-2.768904489	-123.7498685	38.152
-2.768904489	-118.1262877	28.466
-2.768904489	-112.4998422	24.44
-2.768904489	-106.8733966	19.832
-2.768904489	-101.2526806	25.897
-2.768904489	-95.62623509	25.254
-2.768904489	-89.99978954	29.938
-2.768904489	-84.37334399	35.974
-2.768904489	-78.75262802	18.646
-2.768904489	-73.12618247	23.509
-2.768904489	-67.49973693	36.631
-2.768904489	-61.87329138	28.384
-2.768904489	-56.25257541	45.331
-2.768904489	-50.62612986	59.589
-2.768904489	-44.99968431	27.941
-2.768904489	-39.37323876	12.606
-2.768904489	-33.75252279	5.9233
-2.768904489	-28.12607724	7.286
-2.768904489	-22.4996317	12.536
-2.768904489	-16.87318615	16.21
-2.768904489	-11.25247018	12.139
-2.768904489	-5.62602463	22.988
-2.768904489	0.000420918	39.183
-2.768904489	5.626866466	37.192
-2.768904489	11.24758244	43.83
-2.768904489	16.87402798	54.499
-2.768904489	22.50047353	56.388
-2.768904489	28.12691908	52.207
-2.768904489	33.74763505	41.717
-2.768904489	39.3740806	30.433
-2.768904489	45.00052615	42.535
-2.768904489	50.6269717	51.694
-2.768904489	56.24768767	32.904
-2.768904489	61.87413321	29.149
-2.768904489	67.50057876	35.551
-2.768904489	73.12702431	36.371
-2.768904489	78.74774028	56.376
-2.768904489	84.37418583	83.632
-2.768904489	90.00063138	62.943
-2.768904489	95.62707693	77.913
-2.768904489	101.2477929	77.654
-2.768904489	106.8742384	27.366
-2.768904489	112.500684	23.995
-2.768904489	118.1271295	73.055
-2.768904489	123.7478455	77.218
-2.768904489	129.3742911	40.649
-2.768904489	135.0007366	16.059
-2.768904489	140.6271822	6.4669
-2.768904489	146.2478981	7.4677
-2.768904489	151.8743437	8.6824
-2.768904489	157.5007892	6.5205
-2.768904489	163.1272348	9.888
-2.768904489	168.7479507	14.665
-2.768904489	174.3743963	24.176
-8.306742114	-180	45.877
-8.306742114	-174.3749983	30.113
-8.306742114	-168.7499737	15.999
-8.306742114	-163.125247	34.843
-8.306742114	-157.4999474	45.639
-8.306742114	-151.8752207	22.641
-8.306742114	-146.2499211	59.615
-8.306742114	-140.6251944	61.295
-8.306742114	-134.9998948	35.114
-8.306742114	-129.3751681	44.134
-8.306742114	-123.7498685	29.128
-8.306742114	-118.1262877	22.864
-8.306742114	-112.4998422	19.269
-8.306742114	-106.8733966	14.986
-8.306742114	-101.2526806	28.065
-8.306742114	-95.62623509	23.411
-8.306742114	-89.99978954	23.623
-8.306742114	-84.37334399	25.741
-8.306742114	-78.75262802	2.637
-8.306742114	-73.12618247	0.87882
-8.306742114	-67.49973693	12.527
-8.306742114	-61.87329138	34.207
-8.306742114	-56.25257541	37.096
-8.306742114	-50.62612986	14.439
-8.306742114	-44.99968431	5.1812
-8.306742114	-39.37323876	2.5179
-8.306742114	-33.75252279	4.2563
-8.306742114	-28.12607724	5.6603
-8.306742114	-22.4996317	10.719
-8.306742114	-16.87318615	18.244
-8.306742114	-11.25247018	14.207
-8.306742114	-5.62602463	16.027
-8.306742114	0.000420918	23.218
-8.306742114	5.626866466	28.428
-8.306742114	11.24758244	43.734
-8.306742114	16.87402798	56.685
-8.306742114	22.50047353	56.376
-8.306742114	28.12691908	45.922
-8.306742114	33.74763505	38.553
-8.306742114	39.3740806	34.838
-8.306742114	45.00052615	43.905
-8.306742114	50.6269717	41.593
-8.306742114	56.24768767	30.002
-8.306742114	61.87413321	34.014
-8.306742114	67.50057876	35.933
-8.306742114	73.12702431	15.734
-8.306742114	78.74774028	25.548
-8.306742114	84.37418583	45.383
-8.306742114	90.00063138	46.821
-8.306742114	95.62707693	49.976
-8.306742114	101.2477929	46.999
-8.306742114	106.8742384	28.178
-8.306742114	112.500684	39.229
-8.306742114	118.1271295	69.999
-8.306742114	123.7478455	64.051
-8.306742114	129.3742911	62.988
-8.306742114	135.0007366	44.765
-8.306742114	140.6271822	27.879
-8.306742114	146.2478981	21.577
-8.306742114	151.8743437	9.9009
-8.306742114	157.5007892	8.0371
-8.306742114	163.1272348	8.1325
-8.306742114	168.7479507	11.315
-8.306742114	174.3743963	25.001
-13.8443792	-180	60.603
-13.8443792	-174.3749983	73.206
-13.8443792	-168.7499737	25.386
-13.8443792	-163.125247	21.506
-13.8443792	-157.4999474	44.93
-13.8443792	-151.8752207	48.953
-13.8443792	-146.2499211	58.874
-13.8443792	-140.6251944	46.321
-13.8443792	-134.9998948	40.67
-13.8443792	-129.3751681	41.182
-13.8443792	-123.7498685	33.779
-13.8443792	-118.1262877	29.597
-13.8443792	-112.4998422	15.91
-13.8443792	-106.8733966	14.475
-13.8443792	-101.2526806	25.885
-13.8443792	-95.62623509	20.324
-13.8443792	-89.99978954	21.3
-13.8443792	-84.37334399	32.219
-13.8443792	-78.75262802	6.9034
-13.8443792	-73.12618247	1.1221
-13.8443792	-67.49973693	9.158
-13.8443792	-61.87329138	29.416
-13.8443792	-56.25257541	10.131
-13.8443792	-50.62612986	1.6818
-13.8443792	-44.99968431	1.957
-13.8443792	-39.37323876	5.0579
-13.8443792	-33.75252279	8.3366
-13.8443792	-28.12607724	5.8733
-13.8443792	-22.4996317	8.5471
-13.8443792	-16.87318615	17.296
-13.8443792	-11.25247018	18.975
-13.8443792	-5.62602463	22.486
-13.8443792	0.000420918	26.866
-13.8443792	5.626866466	32.526
-13.8443792	11.24758244	41.456
-13.8443792	16.87402798	52.801
-13.8443792	22.50047353	64.849
-13.8443792	28.12691908	49.775
-13.8443792	33.74763505	33.983
-13.8443792	39.3740806	35.347
-13.8443792	45.00052615	49.379
-13.8443792	50.6269717	42.068
-13.8443792	56.24768767	31.259
-13.8443792	61.87413321	42.84
-13.8443792	67.50057876	49.094
-13.8443792	73.12702431	25.651
-13.8443792	78.74774028	36.319
-13.8443792	84.37418583	57.978
-13.8443792	90.00063138	53.846
-13.8443792	95.62707693	36.863
-13.8443792	101.2477929	32.659
-13.8443792	106.8742384	33.662
-13.8443792	112.500684	40.891
-13.8443792	118.1271295	49.356
-13.8443792	123.7478455	42.697
-13.8443792	129.3742911	32.666
-13.8443792	135.0007366	34.453
-13.8443792	140.6271822	41.851
-13.8443792	146.2478981	46.555
-13.8443792	151.8743437	30.607
-13.8443792	157.5007892	21.985
-13.8443792	163.1272348	15.33
-13.8443792	168.7479507	9.8502
-13.8443792	174.3743963	18.054
-19.38201629	-180	67.609
-19.38201629	-174.3749983	66.84
-19.38201629	-168.7499737	36.303
-19.38201629	-163.125247	15.404
-19.38201629	-157.4999474	24.523
-19.38201629	-151.8752207	37.773
-19.38201629	-146.2499211	59.211
-19.38201629	-140.6251944	62.916
-19.38201629	-134.9998948	45.084
-19.38201629	-129.3751681	55.51
-19.38201629	-123.7498685	66.973
-19.38201629	-118.1262877	33.563
-19.38201629	-112.4998422	6.2034
-19.38201629	-106.8733966	10.404
-19.38201629	-101.2526806	29.136
-19.38201629	-95.62623509	29.827
-19.38201629	-89.99978954	14.865
-19.38201629	-84.37334399	21.89
-19.38201629	-78.75262802	18.897
-19.38201629	-73.12618247	7.383
-19.38201629	-67.49973693	23.181
-19.38201629	-61.87329138	35.921
-19.38201629	-56.25257541	11.426
-19.38201629	-50.62612986	2.6405
-19.38201629	-44.99968431	7.5317
-19.38201629	-39.37323876	15.469
-19.38201629	-33.75252279	13.148
-19.38201629	-28.12607724	5.3471
-19.38201629	-22.4996317	11.025
-19.38201629	-16.87318615	19.795
-19.38201629	-11.25247018	26.525
-19.38201629	-5.62602463	29.436
-19.38201629	0.000420918	35.616
-19.38201629	5.626866466	40.823
-19.38201629	11.24758244	39.687
-19.38201629	16.87402798	41.906
-19.38201629	22.50047353	56.563
-19.38201629	28.12691908	46.591
-19.38201629	33.74763505	24.633
-19.38201629	39.3740806	24.583
-19.38201629	45.00052615	46.486
-19.38201629	50.6269717	52.352
-19.38201629	56.24768767	43.327
-19.38201629	61.87413321	36.528
-19.38201629	67.50057876	45.819
-19.38201629	73.12702431	51.992
-19.38201629	78.74774028	63.436
-19.38201629	84.37418583	101.97
-19.38201629	90.00063138	136.59
-19.38201629	95.62707693	98.563
-19.38201629	101.2477929	57.24
-19.38201629	106.8742384	45.324
-19.38201629	112.500684	42.822
-19.38201629	118.1271295	43.991
-19.38201629	123.7478455	41.486
-19.38201629	129.3742911	32.096
-19.38201629	135.0007366	21.928
-19.38201629	140.6271822	25.833
-19.38201629	146.2478981	26.593
-19.38201629	151.8743437	17.19
-19.38201629	157.5007892	12.881
-19.38201629	163.1272348	19.006
-19.38201629	168.7479507	27.662
-19.38201629	174.3743963	45.552
-24.91965338	-180	37.137
-24.91965338	-174.3749983	57.114
-24.91965338	-168.7499737	64.433
-24.91965338	-163.125247	40.448
-24.91965338	-157.4999474	28.802
-24.91965338	-151.8752207	22.864
-24.91965338	-146.2499211	44.128
-24.91965338	-140.6251944	70.282
-24.91965338	-134.9998948	52.895
-24.91965338	-129.3751681	41.06
-24.91965338	-123.7498685	47.008
-24.91965338	-118.1262877	18.998
-24.91965338	-112.4998422	7.8015
-24.91965338	-106.8733966	14.899
-24.91965338	-101.2526806	37.295
-24.91965338	-95.62623509	29.638
-24.91965338	-89.99978954	3.0175
-24.91965338	-84.37334399	3.6875
-24.91965338	-78.75262802	7.3239
-24.91965338	-73.12618247	18.384
-24.91965338	-67.49973693	29.236
-24.91965338	-61.87329138	21.398
-24.91965338	-56.25257541	11.637
-24.91965338	-50.62612986	7.4858
-24.91965338	-44.99968431	14.234
-24.91965338	-39.37323876	11.686
-24.91965338	-33.75252279	7.0455
-24.91965338	-28.12607724	8.9859
-24.91965338	-22.4996317	21.529
-24.91965338	-16.87318615	32.763
-24.91965338	-11.25247018	51.35
-24.91965338	-5.62602463	53.044
-24.91965338	0.000420918	37.948
-24.91965338	5.626866466	31.772
-24.91965338	11.24758244	30.598
-24.91965338	16.87402798	27.862
-24.91965338	22.50047353	21.193
-24.91965338	28.12691908	14.741
-24.91965338	33.74763505	13.087
-24.91965338	39.3740806	20.269
-24.91965338	45.00052615	50.858
-24.91965338	50.6269717	63.189
-24.91965338	56.24768767	37.305
-24.91965338	61.87413321	21.444
-24.91965338	67.50057876	26.783
-24.91965338	73.12702431	60.815
-24.91965338	78.74774028	91.092
-24.91965338	84.37418583	79.026
-24.91965338	90.00063138	132.79
-24.91965338	95.62707693	184.4
-24.91965338	101.2477929	140.46
-24.91965338	106.8742384	69.51
-24.91965338	112.500684	39.897
-24.91965338	118.1271295	39.01
-24.91965338	123.7478455	56.381
-24.91965338	129.3742911	50.396
-24.91965338	135.0007366	22.892
-24.91965338	140.6271822	11.099
-24.91965338	146.2478981	9.1799
-24.91965338	151.8743437	8.0313
-24.91965338	157.5007892	11.672
-24.91965338	163.1272348	29.173
-24.91965338	168.7479507	54.386
-24.91965338	174.3743963	46.736
-30.45729047	-180	18.214
-30.45729047	-174.3749983	43.852
-30.45729047	-168.7499737	87.051
-30.45729047	-163.125247	70.143
-30.45729047	-157.4999474	34.983
-30.45729047	-151.8752207	19.262
-30.45729047	-146.2499211	26.822
-30.45729047	-140.6251944	45.986
-30.45729047	-134.9998948	48.585
-30.45729047	-129.3751681	43.752
-30.45729047	-123.7498685	39.761
-30.45729047	-118.1262877	28.511
-30.45729047	-112.4998422	18.199
-30.45729047	-106.8733966	17.993
-30.45729047	-101.2526806	27.107
-30.45729047	-95.62623509	20.193
-30.45729047	-89.99978954	5.0035
-30.45729047	-84.37334399	5.6252
-30.45729047	-78.75262802	10.626
-30.45729047	-73.12618247	20.482
-30.45729047	-67.49973693	20.069
-30.45729047	-61.87329138	12.683
-30.45729047	-56.25257541	8.212
-30.45729047	-50.62612986	10.343
-30.45729047	-44.99968431	12.972
-30.45729047	-39.37323876	10.792
-30.45729047	-33.75252279	13.578
-30.45729047	-28.12607724	33.591
-30.45729047	-22.4996317	44.469
-30.45729047	-16.87318615	51.551
-30.45729047	-11.25247018	66.35
-30.45729047	-5.62602463	53.328
-30.45729047	0.000420918	25.538
-30.45729047	5.626866466	14.309
-30.45729047	11.24758244	19.912
-30.45729047	16.87402798	22.217
-30.45729047	22.50047353	11.899
-30.45729047	28.12691908	7.7543
-30.45729047	33.74763505	12.788
-30.45729047	39.3740806	29.656
-30.45729047	45.00052615	52.618
-30.45729047	50.6269717	48.305
-30.45729047	56.24768767	25.4
-30.45729047	61.87413321	13.292
-30.45729047	67.50057876	10.31
-30.45729047	73.12702431	13.018
-30.45729047	78.74774028	21.649
-30.45729047	84.37418583	26.053
-30.45729047	90.00063138	43.009
-30.45729047	95.62707693	105.51
-30.45729047	101.2477929	153
-30.45729047	106.8742384	102.61
-30.45729047	112.500684	54.983
-30.45729047	118.1271295	30.413
-30.45729047	123.7478455	35.03
-30.45729047	129.3742911	35.453
-30.45729047	135.0007366	16.55
-30.45729047	140.6271822	9.9523
-30.45729047	146.2478981	9.2568
-30.45729047	151.8743437	11.913
-30.45729047	157.5007892	16.408
-30.45729047	163.1272348	22.529
-30.45729047	168.7479507	23.376
-30.45729047	174.3743963	15.426
-35.99492756	-180	11.662
-35.99492756	-174.3749983	30.496
-35.99492756	-168.7499737	43.786
-35.99492756	-163.125247	38.818
-35.99492756	-157.4999474	28.352
-35.99492756	-151.8752207	19.317
-35.99492756	-146.2499211	18.797
-35.99492756	-140.6251944	21.202
-35.99492756	-134.9998948	20.636
-35.99492756	-129.3751681	23.248
-35.99492756	-123.7498685	25.529
-35.99492756	-118.1262877	23.747
-35.99492756	-112.4998422	20.163
-35.99492756	-106.8733966	19.058
-35.99492756	-101.2526806	17.677
-35.99492756	-95.62623509	16.446
-35.99492756	-89.99978954	18.039
-35.99492756	-84.37334399	19.419
-35.99492756	-78.75262802	20.297
-35.99492756	-73.12618247	20.981
-35.99492756	-67.49973693	20.61
-35.99492756	-61.87329138	19.78
-35.99492756	-56.25257541	20.97
-35.99492756	-50.62612986	23.09
-35.99492756	-44.99968431	19.135
-35.99492756	-39.37323876	17.303
-35.99492756	-33.75252279	32.229
-35.99492756	-28.12607724	49.379
-35.99492756	-22.4996317	32.932
-35.99492756	-16.87318615	24.962
-35.99492756	-11.25247018	33.207
-35.99492756	-5.62602463	33.234
-35.99492756	0.000420918	15.244
-35.99492756	5.626866466	10.144
-35.99492756	11.24758244	20.007
-35.99492756	16.87402798	27.176
-35.99492756	22.50047353	16.859
-35.99492756	28.12691908	14.823
-35.99492756	33.74763505	23.031
-35.99492756	39.3740806	36.291
-35.99492756	45.00052615	38.472
-35.99492756	50.6269717	23.733
-35.99492756	56.24768767	14.626
-35.99492756	61.87413321	13.216
-35.99492756	67.50057876	13.57
-35.99492756	73.12702431	17.259
-35.99492756	78.74774028	19.48
-35.99492756	84.37418583	13.026
-35.99492756	90.00063138	12.484
-35.99492756	95.62707693	42.54
-35.99492756	101.2477929	106.71
-35.99492756	106.8742384	115.55
-35.99492756	112.500684	53.407
-35.99492756	118.1271295	21.274
-35.99492756	123.7478455	19.68
-35.99492756	129.3742911	24.006
-35.99492756	135.0007366	17.959
-35.99492756	140.6271822	13.892
-35.99492756	146.2478981	14.863
-35.99492756	151.8743437	13.003
-35.99492756	157.5007892	12.501
-35.99492756	163.1272348	12.314
-35.99492756	168.7479507	11.135
-35.99492756	174.3743963	8.7472
-41.53256465	-180	20.918
-41.53256465	-174.3749983	15.96
-41.53256465	-168.7499737	15.205
-41.53256465	-163.125247	18.238
-41.53256465	-157.4999474	25.347
-41.53256465	-151.8752207	28.867
-41.53256465	-146.2499211	25.084
-41.53256465	-140.6251944	18.1
-41.53256465	-134.9998948	14.865
-41.53256465	-129.3751681	15.412
-41.53256465	-123.7498685	15.665
-41.53256465	-118.1262877	13.339
-41.53256465	-112.4998422	13.076
-41.53256465	-106.8733966	15.583
-41.53256465	-101.2526806	19.617
-41.53256465	-95.62623509	19.028
-41.53256465	-89.99978954	16.947
-41.53256465	-84.37334399	13.813
-41.53256465	-78.75262802	10.739
-41.53256465	-73.12618247	10.252
-41.53256465	-67.49973693	12.978
-41.53256465	-61.87329138	22.022
-41.53256465	-56.25257541	30.107
-41.53256465	-50.62612986	24.615
-41.53256465	-44.99968431	12.707
-41.53256465	-39.37323876	8.9431
-41.53256465	-33.75252279	18.553
-41.53256465	-28.12607724	25.342
-41.53256465	-22.4996317	18.851
-41.53256465	-16.87318615	14.648
-41.53256465	-11.25247018	20.923
-41.53256465	-5.62602463	22.235
-41.53256465	0.000420918	13.976
-41.53256465	5.626866466	12.802
-41.53256465	11.24758244	23.03
-41.53256465	16.87402798	28.484
-41.53256465	22.50047353	22.976
-41.53256465	28.12691908	23.03
-41.53256465	33.74763505	31.069
-41.53256465	39.3740806	34.886
-41.53256465	45.00052615	26.281
-41.53256465	50.6269717	19.236
-41.53256465	56.24768767	15.011
-41.53256465	61.87413321	19.053
-41.53256465	67.50057876	26.589
-41.53256465	73.12702431	29.207
-41.53256465	78.74774028	26.08
-41.53256465	84.37418583	19.706
-41.53256465	90.00063138	19.086
-41.53256465	95.62707693	44.644
-41.53256465	101.2477929	92.294
-41.53256465	106.8742384	94.821
-41.53256465	112.500684	36.646
-41.53256465	118.1271295	19.497
-41.53256465	123.7478455	25.494
-41.53256465	129.3742911	34.947
-41.53256465	135.0007366	32.319
-41.53256465	140.6271822	18.861
-41.53256465	146.2478981	16.229
-41.53256465	151.8743437	12.906
-41.53256465	157.5007892	14.716
-41.53256465	163.1272348	21.709
-41.53256465	168.7479507	27.653
-41.53256465	174.3743963	26.39
-47.06962879	-180	24.531
-47.06962879	-174.3749983	17.409
-47.06962879	-168.7499737	16.374
-47.06962879	-163.125247	25.195
-47.06962879	-157.4999474	38.955
-47.06962879	-151.8752207	49.513
-47.06962879	-146.2499211	39.088
-47.06962879	-140.6251944	28.013
-47.06962879	-134.9998948	23.035
-47.06962879	-129.3751681	20.465
-47.06962879	-123.7498685	17.435
-47.06962879	-118.1262877	13.727
-47.06962879	-112.4998422	14.141
-47.06962879	-106.8733966	15.513
-47.06962879	-101.2526806	16.298
-47.06962879	-95.62623509	12.628
-47.06962879	-89.99978954	7.0677
-47.06962879	-84.37334399	4.6667
-47.06962879	-78.75262802	5.4289
-47.06962879	-73.12618247	7.1082
-47.06962879	-67.49973693	9.6792
-47.06962879	-61.87329138	14.961
-47.06962879	-56.25257541	17.761
-47.06962879	-50.62612986	12.692
-47.06962879	-44.99968431	4.9774
-47.06962879	-39.37323876	4.2568
-47.06962879	-33.75252279	7.341
-47.06962879	-28.12607724	15.937
-47.06962879	-22.4996317	23.275
-47.06962879	-16.87318615	22.875
-47.06962879	-11.25247018	22.441
-47.06962879	-5.62602463	18.906
-47.06962879	0.000420918	17.827
-47.06962879	5.626866466	21.063
-47.06962879	11.24758244	27.807
-47.06962879	16.87402798	22.868
-47.06962879	22.50047353	16.047
-47.06962879	28.12691908	16.428
-47.06962879	33.74763505	23.641
-47.06962879	39.3740806	31.46
-47.06962879	45.00052615	31.95
-47.06962879	50.6269717	26.63
-47.06962879	56.24768767	18.653
-47.06962879	61.87413321	19.969
-47.06962879	67.50057876	21.043
-47.06962879	73.12702431	17.912
-47.06962879	78.74774028	16.536
-47.06962879	84.37418583	23.479
-47.06962879	90.00063138	45.343
-47.06962879	95.62707693	88.259
-47.06962879	101.2477929	123.33
-47.06962879	106.8742384	91.268
-47.06962879	112.500684	42.678
-47.06962879	118.1271295	23.901
-47.06962879	123.7478455	27.371
-47.06962879	129.3742911	33.809
-47.06962879	135.0007366	29.224
-47.06962879	140.6271822	18.93
-47.06962879	146.2478981	16.392
-47.06962879	151.8743437	17.989
-47.06962879	157.5007892	25.729
-47.06962879	163.1272348	35.84
-47.06962879	168.7479507	41.572
-47.06962879	174.3743963	35.799
-52.60669292	-180	25.022
-52.60669292	-174.3749983	26.103
-52.60669292	-168.7499737	26.856
-52.60669292	-163.125247	28.042
-52.60669292	-157.4999474	28.236
-52.60669292	-151.8752207	26.992
-52.60669292	-146.2499211	24.752
-52.60669292	-140.6251944	23.566
-52.60669292	-134.9998948	21.869
-52.60669292	-129.3751681	18.803
-52.60669292	-123.7498685	15.369
-52.60669292	-118.1262877	14.183
-52.60669292	-112.4998422	15.723
-52.60669292	-106.8733966	17.536
-52.60669292	-101.2526806	16.415
-52.60669292	-95.62623509	11.118
-52.60669292	-89.99978954	6.2442
-52.60669292	-84.37334399	4.4416
-52.60669292	-78.75262802	5.7013
-52.60669292	-73.12618247	7.6893
-52.60669292	-67.49973693	10.242
-52.60669292	-61.87329138	14.042
-52.60669292	-56.25257541	17.759
-52.60669292	-50.62612986	13.346
-52.60669292	-44.99968431	5.607
-52.60669292	-39.37323876	6.5697
-52.60669292	-33.75252279	11.256
-52.60669292	-28.12607724	20.237
-52.60669292	-22.4996317	29.169
-52.60669292	-16.87318615	25.927
-52.60669292	-11.25247018	19.555
-52.60669292	-5.62602463	18.357
-52.60669292	0.000420918	22.15
-52.60669292	5.626866466	29.124
-52.60669292	11.24758244	29.172
-52.60669292	16.87402798	21.906
-52.60669292	22.50047353	16.856
-52.60669292	28.12691908	17.324
-52.60669292	33.74763505	23.725
-52.60669292	39.3740806	35.767
-52.60669292	45.00052615	41.395
-52.60669292	50.6269717	31.946
-52.60669292	56.24768767	25.412
-52.60669292	61.87413321	29.405
-52.60669292	67.50057876	33.346
-52.60669292	73.12702431	30.859
-52.60669292	78.74774028	35.251
-52.60669292	84.37418583	54.391
-52.60669292	90.00063138	79.174
-52.60669292	95.62707693	104.03
-52.60669292	101.2477929	113.14
-52.60669292	106.8742384	85.337
-52.60669292	112.500684	45.472
-52.60669292	118.1271295	26.741
-52.60669292	123.7478455	22.935
-52.60669292	129.3742911	22.425
-52.60669292	135.0007366	20.786
-52.60669292	140.6271822	18.792
-52.60669292	146.2478981	23.206
-52.60669292	151.8743437	31.616
-52.60669292	157.5007892	35.155
-52.60669292	163.1272348	28.274
-52.60669292	168.7479507	22.222
-52.60669292	174.3743963	19.934
-58.14375705	-180	25.855
-58.14375705	-174.3749983	27.784
-58.14375705	-168.7499737	25.769
-58.14375705	-163.125247	20.428
-58.14375705	-157.4999474	15.738
-58.14375705	-151.8752207	14.455
-58.14375705	-146.2499211	17.39
-58.14375705	-140.6251944	18.83
-58.14375705	-134.9998948	19.443
-58.14375705	-129.3751681	15.945
-58.14375705	-123.7498685	12.941
-58.14375705	-118.1262877	13.35
-58.14375705	-112.4998422	14.935
-58.14375705	-106.8733966	14.085
-58.14375705	-101.2526806	14.351
-58.14375705	-95.62623509	12.665
-58.14375705	-89.99978954	9.0645
-58.14375705	-84.37334399	6.5632
-58.14375705	-78.75262802	6.3392
-58.14375705	-73.12618247	7.1237
-58.14375705	-67.49973693	9.7021
-58.14375705	-61.87329138	14.267
-58.14375705	-56.25257541	19.523
-58.14375705	-50.62612986	17.558
-58.14375705	-44.99968431	14.203
-58.14375705	-39.37323876	17.563
-58.14375705	-33.75252279	22.904
-58.14375705	-28.12607724	27.278
-58.14375705	-22.4996317	26.439
-58.14375705	-16.87318615	23.28
-58.14375705	-11.25247018	20.921
-58.14375705	-5.62602463	20.417
-58.14375705	0.000420918	22.483
-58.14375705	5.626866466	25.083
-58.14375705	11.24758244	25.678
-58.14375705	16.87402798	25.617
-58.14375705	22.50047353	27.713
-58.14375705	28.12691908	32.357
-58.14375705	33.74763505	34.815
-58.14375705	39.3740806	40.676
-58.14375705	45.00052615	40.867
-58.14375705	50.6269717	33.681
-58.14375705	56.24768767	31.279
-58.14375705	61.87413321	36.588
-58.14375705	67.50057876	38.088
-58.14375705	73.12702431	39.224
-58.14375705	78.74774028	46.895
-58.14375705	84.37418583	62.83
-58.14375705	90.00063138	73.001
-58.14375705	95.62707693	77.888
-58.14375705	101.2477929	75.919
-58.14375705	106.8742384	58.122
-58.14375705	112.500684	35.914
-58.14375705	118.1271295	22.802
-58.14375705	123.7478455	17.775
-58.14375705	129.3742911	15.552
-58.14375705	135.0007366	17.058
-58.14375705	140.6271822	20.731
-58.14375705	146.2478981	27.529
-58.14375705	151.8743437	35.454
-58.14375705	157.5007892	34.756
-58.14375705	163.1272348	26.423
-58.14375705	168.7479507	21.573
-58.14375705	174.3743963	22.048
-63.67852935	-180	23.639
-63.67852935	-174.3749983	20.876
-63.67852935	-168.7499737	16.104
-63.67852935	-163.125247	13.649
-63.67852935	-157.4999474	12.855
-63.67852935	-151.8752207	14.449
-63.67852935	-146.2499211	19.304
-63.67852935	-140.6251944	24.573
-63.67852935	-134.9998948	28.11
-63.67852935	-129.3751681	24.059
-63.67852935	-123.7498685	17.107
-63.67852935	-118.1262877	14.242
-63.67852935	-112.4998422	13.617
-63.67852935	-106.8733966	14.08
-63.67852935	-101.2526806	15.095
-63.67852935	-95.62623509	14.051
-63.67852935	-89.99978954	10.846
-63.67852935	-84.37334399	8.4121
-63.67852935	-78.75262802	7.5354
-63.67852935	-73.12618247	7.6276
-63.67852935	-67.49973693	8.7694
-63.67852935	-61.87329138	12.595
-63.67852935	-56.25257541	17.842
-63.67852935	-50.62612986	21.499
-63.67852935	-44.99968431	23.213
-63.67852935	-39.37323876	23.533
-63.67852935	-33.75252279	23.302
-63.67852935	-28.12607724	23.358
-63.67852935	-22.4996317	23.531
-63.67852935	-16.87318615	24.377
-63.67852935	-11.25247018	24.882
-63.67852935	-5.62602463	25.127
-63.67852935	0.000420918	23.355
-63.67852935	5.626866466	20.123
-63.67852935	11.24758244	17.393
-63.67852935	16.87402798	18.039
-63.67852935	22.50047353	20.328
-63.67852935	28.12691908	24.961
-63.67852935	33.74763505	31.885
-63.67852935	39.3740806	34.227
-63.67852935	45.00052615	32.551
-63.67852935	50.6269717	27.635
-63.67852935	56.24768767	24.94
-63.67852935	61.87413321	25.369
-63.67852935	67.50057876	26.204
-63.67852935	73.12702431	29.28
-63.67852935	78.74774028	33.696
-63.67852935	84.37418583	38.583
-63.67852935	90.00063138	42.157
-63.67852935	95.62707693	43.595
-63.67852935	101.2477929	37.795
-63.67852935	106.8742384	29.343
-63.67852935	112.500684	20.998
-63.67852935	118.1271295	15.669
-63.67852935	123.7478455	13.173
-63.67852935	129.3742911	13.459
-63.67852935	135.0007366	14.147
-63.67852935	140.6271822	16.854
-63.67852935	146.2478981	19.366
-63.67852935	151.8743437	21.263
-63.67852935	157.5007892	22.742
-63.67852935	163.1272348	22.65
-63.67852935	168.7479507	22.939
-63.67852935	174.3743963	23.194
-69.21330165	-180	21.835
-69.21330165	-174.3749983	19.283
-69.21330165	-168.7499737	17.15
-69.21330165	-163.125247	16.8
-69.21330165	-157.4999474	16.96
-69.21330165	-151.8752207	17.494
-69.21330165	-146.2499211	18.706
-69.21330165	-140.6251944	22.28
-69.21330165	-134.9998948	25.196
-69.21330165	-129.3751681	25.028
-69.21330165	-123.7498685	21.413
-69.21330165	-118.1262877	18.08
-69.21330165	-112.4998422	16.101
-69.21330165	-106.8733966	14.909
-69.21330165	-101.2526806	14.718
-69.21330165	-95.62623509	13.483
-69.21330165	-89.99978954	11.856
-69.21330165	-84.37334399	10.465
-69.21330165	-78.75262802	9.3474
-69.21330165	-73.12618247	9.0648
-69.21330165	-67.49973693	9.1676
-69.21330165	-61.87329138	10.596
-69.21330165	-56.25257541	12.773
-69.21330165	-50.62612986	14.613
-69.21330165	-44.99968431	15.768
-69.21330165	-39.37323876	16.265
-69.21330165	-33.75252279	15.662
-69.21330165	-28.12607724	15.957
-69.21330165	-22.4996317	18.155
-69.21330165	-16.87318615	21.927
-69.21330165	-11.25247018	26.784
-69.21330165	-5.62602463	28.175
-69.21330165	0.000420918	24.7
-69.21330165	5.626866466	19.593
-69.21330165	11.24758244	15.428
-69.21330165	16.87402798	13.663
-69.21330165	22.50047353	13.27
-69.21330165	28.12691908	13.668
-69.21330165	33.74763505	14.452
-69.21330165	39.3740806	14.899
-69.21330165	45.00052615	14.91
-69.21330165	50.6269717	14.622
-69.21330165	56.24768767	14.628
-69.21330165	61.87413321	15.454
-69.21330165	67.50057876	15.793
-69.21330165	73.12702431	17.037
-69.21330165	78.74774028	19.257
-69.21330165	84.37418583	21.28
-69.21330165	90.00063138	22.716
-69.21330165	95.62707693	21.773
-69.21330165	101.2477929	20.407
-69.21330165	106.8742384	18.878
-69.21330165	112.500684	17.926
-69.21330165	118.1271295	17.34
-69.21330165	123.7478455	16.788
-69.21330165	129.3742911	16.298
-69.21330165	135.0007366	16.485
-69.21330165	140.6271822	16.442
-69.21330165	146.2478981	16.466
-69.21330165	151.8743437	16.284
-69.21330165	157.5007892	16.945
-69.21330165	163.1272348	19.944
-69.21330165	168.7479507	22.006
-69.21330165	174.3743963	22.845
-74.74234437	-180	21.436
-74.74234437	-174.3749983	18.6
-74.74234437	-168.7499737	15.738
-74.74234437	-163.125247	14.08
-74.74234437	-157.4999474	13.303
-74.74234437	-151.8752207	13.085
-74.74234437	-146.2499211	13.121
-74.74234437	-140.6251944	12.912
-74.74234437	-134.9998948	12.453
-74.74234437	-129.3751681	11.81
-74.74234437	-123.7498685	11.518
-74.74234437	-118.1262877	11.426
-74.74234437	-112.4998422	11.002
-74.74234437	-106.8733966	10.764
-74.74234437	-101.2526806	11.572
-74.74234437	-95.62623509	11.795
-74.74234437	-89.99978954	12.22
-74.74234437	-84.37334399	12.924
-74.74234437	-78.75262802	13.354
-74.74234437	-73.12618247	13.875
-74.74234437	-67.49973693	14.328
-74.74234437	-61.87329138	14.426
-74.74234437	-56.25257541	14.406
-74.74234437	-50.62612986	13.698
-74.74234437	-44.99968431	12.207
-74.74234437	-39.37323876	12.3
-74.74234437	-33.75252279	11.951
-74.74234437	-28.12607724	12.213
-74.74234437	-22.4996317	13.386
-74.74234437	-16.87318615	16.797
-74.74234437	-11.25247018	20.92
-74.74234437	-5.62602463	24.35
-74.74234437	0.000420918	26.086
-74.74234437	5.626866466	25.201
-74.74234437	11.24758244	22.636
-74.74234437	16.87402798	20.187
-74.74234437	22.50047353	18.846
-74.74234437	28.12691908	17.748
-74.74234437	33.74763505	17.403
-74.74234437	39.3740806	18.139
-74.74234437	45.00052615	18.516
-74.74234437	50.6269717	18.517
-74.74234437	56.24768767	18.074
-74.74234437	61.87413321	17.478
-74.74234437	67.50057876	17.499
-74.74234437	73.12702431	17.191
-74.74234437	78.74774028	17.059
-74.74234437	84.37418583	15.669
-74.74234437	90.00063138	14.325
-74.74234437	95.62707693	13.595
-74.74234437	101.2477929	13.153
-74.74234437	106.8742384	13.061
-74.74234437	112.500684	14.167
-74.74234437	118.1271295	16.08
-74.74234437	123.7478455	18.71
-74.74234437	129.3742911	21.369
-74.74234437	135.0007366	22.847
-74.74234437	140.6271822	22.302
-74.74234437	146.2478981	21.233
-74.74234437	151.8743437	21.426
-74.74234437	157.5007892	23.041
-74.74234437	163.1272348	25.57
-74.74234437	168.7479507	25.675
-74.74234437	174.3743963	24.042
-80.2713871	-180	23.292
-80.2713871	-174.3749983	20.531
-80.2713871	-168.7499737	16.583
-80.2713871	-163.125247	14.752
-80.2713871	-157.4999474	13.265
-80.2713871	-151.8752207	12.167
-80.2713871	-146.2499211	11.468
-80.2713871	-140.6251944	11.193
-80.2713871	-134.9998948	11.035
-80.2713871	-129.3751681	11.622
-80.2713871	-123.7498685	12.403
-80.2713871	-118.1262877	13.226
-80.2713871	-112.4998422	13.568
-80.2713871	-106.8733966	13.828
-80.2713871	-101.2526806	13.921
-80.2713871	-95.62623509	14.149
-80.2713871	-89.99978954	14.768
-80.2713871	-84.37334399	15.1
-80.2713871	-78.75262802	15.553
-80.2713871	-73.12618247	15.891
-80.2713871	-67.49973693	16.017
-80.2713871	-61.87329138	16.103
-80.2713871	-56.25257541	15.653
-80.2713871	-50.62612986	14.822
-80.2713871	-44.99968431	14.172
-80.2713871	-39.37323876	13.855
-80.2713871	-33.75252279	13.571
-80.2713871	-28.12607724	13.689
-80.2713871	-22.4996317	14.549
-80.2713871	-16.87318615	15.978
-80.2713871	-11.25247018	17.7
-80.2713871	-5.62602463	19.06
-80.2713871	0.000420918	20.483
-80.2713871	5.626866466	21.697
-80.2713871	11.24758244	22.537
-80.2713871	16.87402798	23.891
-80.2713871	22.50047353	24.681
-80.2713871	28.12691908	24.749
-80.2713871	33.74763505	24.921
-80.2713871	39.3740806	24.417
-80.2713871	45.00052615	23.169
-80.2713871	50.6269717	22.308
-80.2713871	56.24768767	21.603
-80.2713871	61.87413321	21.852
-80.2713871	67.50057876	21.49
-80.2713871	73.12702431	20.59
-80.2713871	78.74774028	19.671
-80.2713871	84.37418583	18.591
-80.2713871	90.00063138	17.144
-80.2713871	95.62707693	15.073
-80.2713871	101.2477929	13.53
-80.2713871	106.8742384	12.426
-80.2713871	112.500684	11.686
-80.2713871	118.1271295	11.953
-80.2713871	123.7478455	12.483
-80.2713871	129.3742911	13.416
-80.2713871	135.0007366	14.42
-80.2713871	140.6271822	15.364
-80.2713871	146.2478981	16.728
-80.2713871	151.8743437	18.847
-80.2713871	157.5007892	22.891
-80.2713871	163.1272348	25.982
-80.2713871	168.7479507	26.322
-80.2713871	174.3743963	25.309
-85.76032278	-180	68.89
-85.76032278	-174.3749983	68.879
-85.76032278	-168.7499737	65.797
-85.76032278	-163.125247	60.303
-85.76032278	-157.4999474	53.319
-85.76032278	-151.8752207	45.787
-85.76032278	-146.2499211	38.487
-85.76032278	-140.6251944	31.968
-85.76032278	-134.9998948	26.47
-85.76032278	-129.3751681	21.995
-85.76032278	-123.7498685	18.451
-85.76032278	-118.1262877	15.748
-85.76032278	-112.4998422	13.684
-85.76032278	-106.8733966	12.069
-85.76032278	-101.2526806	10.819
-85.76032278	-95.62623509	9.8437
-85.76032278	-89.99978954	9.109
-85.76032278	-84.37334399	8.5139
-85.76032278	-78.75262802	8.0818
-85.76032278	-73.12618247	7.753
-85.76032278	-67.49973693	7.4961
-85.76032278	-61.87329138	7.31
-85.76032278	-56.25257541	7.2086
-85.76032278	-50.62612986	7.217
-85.76032278	-44.99968431	7.2578
-85.76032278	-39.37323876	7.4038
-85.76032278	-33.75252279	7.68
-85.76032278	-28.12607724	8.0437
-85.76032278	-22.4996317	8.5679
-85.76032278	-16.87318615	9.1818
-85.76032278	-11.25247018	9.8795
-85.76032278	-5.62602463	10.544
-85.76032278	0.000420918	11.083
-85.76032278	5.626866466	11.442
-85.76032278	11.24758244	11.572
-85.76032278	16.87402798	11.435
-85.76032278	22.50047353	11.039
-85.76032278	28.12691908	10.462
-85.76032278	33.74763505	9.7625
-85.76032278	39.3740806	8.9816
-85.76032278	45.00052615	8.2317
-85.76032278	50.6269717	7.4927
-85.76032278	56.24768767	6.7994
-85.76032278	61.87413321	6.1738
-85.76032278	67.50057876	5.6251
-85.76032278	73.12702431	5.1979
-85.76032278	78.74774028	4.9061
-85.76032278	84.37418583	4.7211
-85.76032278	90.00063138	4.6602
-85.76032278	95.62707693	4.6957
-85.76032278	101.2477929	4.8771
-85.76032278	106.8742384	5.2767
-85.76032278	112.500684	6.0488
-85.76032278	118.1271295	7.2289
-85.76032278	123.7478455	9.0228
-85.76032278	129.3742911	11.594
-85.76032278	135.0007366	15.24
-85.76032278	140.6271822	20.172
-85.76032278	146.2478981	26.487
-85.76032278	151.8743437	34.15
-85.76032278	157.5007892	42.747
-85.76032278	163.1272348	51.561
-85.76032278	168.7479507	59.571
-85.76032278	174.3743963	65.643