0 0 2 0
0.005 0.00049991 2 0
0.01 0.00099982 2 0
0.015 0.00149973 2 0
0.02 0.00199964 2 0
0.025 0.00249955 2 0
0.03 0.00299946 2 0
0.035 0.00349937 2 0
0.04 0.00399928 2 0
0.045 0.00449919 2 0
0.05 0.0049991 2 0
0.055 0.00549901 2 0
0.06 0.00599892 2 0
0.065 0.00649883 2 0
0.07 0.00699874 2 0
0.075 0.00749865 2 0
0.08 0.00799856 2 0
0.085 0.00849847 2 0
0.09 0.00899838 2 0
0.095 0.00949829 2 0
0.1 0.0099982 2 0
0.105 0.0104981 2 0
0.11 0.010998 2 0
0.115 0.0114979 2 0
0.12 0.0119978 2 0
0.125 0.0124978 2 0
0.13 0.0129977 2 0
0.135 0.0134976 2 0
0.14 0.0139975 2 0
0.145 0.0144974 2 0
0.15 0.0149973 2 0
0.155 0.0154972 2 0
0.16 0.0159971 2 0
0.165 0.016497 2 0
0.17 0.0169969 2 0
0.175 0.0174969 2 0
0.18 0.0179968 2 0
0.185 0.0184967 2 0
0.19 0.0189966 2 0
0.195 0.0194965 2 0
0.2 0.0199964 2 0
0.205 0.0204963 2 0
0.21 0.0209962 2 0
0.215 0.0214961 2 0
0.22 0.021996 2 0
0.225 0.022496 2 0
0.23 0.0229959 2 0
0.235 0.0234958 2 0
0.24 0.0239957 2 0
0.245 0.0244956 2 0
0.25 0.0249955 2 0
0.255 0.0254954 2 0
0.26 0.0259953 2 0
0.265 0.0264952 2 0
0.27 0.0269952 2 0
0.275 0.0274951 2 0
0.28 0.027995 2 0
0.285 0.0284949 2 0
0.29 0.0289948 2 0
0.295 0.0294947 2 0
0.3 0.0299946 2 0
0.305 0.0304945 2 0
0.31 0.0309944 2 0
0.315 0.0314943 2 0
0.32 0.0319943 2 0
0.325 0.0324942 2 0
0.33 0.0329941 2 0
0.335 0.033494 2 0
0.34 0.0339939 2 0
0.345 0.0344938 2 0
0.35 0.0349937 2 0
0.355 0.0354936 2 0
0.36 0.0359935 2 0
0.365 0.0364934 2 0
0.37 0.0369934 2 0
0.375 0.0374933 2 0
0.38 0.0379932 2 0
0.385 0.0384931 2 0
0.39 0.038993 2 0
0.395 0.0394929 2 0
0.4 0.0399928 2 0
0.405 0.0404927 2 0
0.41 0.0409926 2 0
0.415 0.0414925 2 0
0.42 0.0419925 2 0
0.425 0.0424924 2 0
0.43 0.0429923 2 0
0.435 0.0434922 2 0
0.44 0.0439921 2 0
0.445 0.044492 2 0
0.45 0.0449919 2 0
0.455 0.0454918 2 0
0.46 0.0459917 2 0
0.465 0.0464917 2 0
0.47 0.0469916 2 0
0.475 0.0474915 2 0
0.48 0.0479914 2 0
0.485 0.0484913 2 0
0.49 0.0489912 2 0
0.495 0.0494911 2 0
0.5 0.049991 2 0
0.505 0.0504909 2 0
0.51 0.0509908 2 0
0.515 0.0514908 2 0
0.52 0.0519907 2 0
0.525 0.0524906 2 0
0.53 0.0529905 2 0
0.535 0.0534904 2 0
0.54 0.0539903 2 0
0.545 0.0544902 2 0
0.55 0.0549901 2 0
0.555 0.05549 2 0
0.56 0.0559899 2 0
0.565 0.0564899 2 0
0.57 0.0569898 2 0
0.575 0.0574897 2 0
0.58 0.0579896 2 0
0.585 0.0584895 2 0
0.59 0.0589894 2 0
0.595 0.0594893 2 0
0.6 0.0599892 2 0
0.605 0.0604891 2 0
0.61 0.060989 2 0
0.615 0.061489 2 0
0.62 0.0619889 2 0
0.625 0.0624888 2 0
0.63 0.0629887 2 0
0.635 0.0634886 2 0
0.64 0.0639885 2 0
0.645 0.0644884 2 0
0.65 0.0649883 2 0
0.655 0.0654882 2 0
0.66 0.0659881 2 0
0.665 0.0664881 2 0
0.67 0.066988 2 0
0.675 0.0674879 2 0
0.68 0.0679878 2 0
0.685 0.0684877 2 0
0.69 0.0689876 2 0
0.695 0.0694875 2 0
0.7 0.0699874 2 0
0.705 0.0704873 2 0
0.71 0.0709873 2 0
0.715 0.0714872 2 0
0.72 0.0719871 2 0
0.725 0.072487 2 0
0.73 0.0729869 2 0
0.735 0.0734868 2 0
0.74 0.0739867 2 0
0.745 0.0744866 2 0
0.75 0.0749865 2 0
0.755 0.0754864 2 0
0.76 0.0759864 2 0
0.765 0.0764863 2 0
0.77 0.0769862 2 0
0.775 0.0774861 2 0
0.78 0.077986 2 0
0.785 0.0784859 2 0
0.79 0.0789858 2 0
0.795 0.0794857 2 0
0.8 0.0799856 2 0
0.805 0.0804855 2 0
0.81 0.0809855 2 0
0.815 0.0814854 2 0
0.82 0.0819853 2 0
0.825 0.0824852 2 0
0.83 0.0829851 2 0
0.835 0.083485 2 0
0.84 0.0839849 2 0
0.845 0.0844848 2 0
0.85 0.0849847 2 0
0.855 0.0854846 2 0
0.86 0.0859846 2 0
0.865 0.0864845 2 0
0.87 0.0869844 2 0
0.875 0.0874843 2 0
0.88 0.0879842 2 0
0.885 0.0884841 2 0
0.89 0.088984 2 0
0.895 0.0894839 2 0
0.9 0.0899838 2 0
0.905 0.0904838 2 0
0.91 0.0909837 2 0
0.915 0.0914836 2 0
0.92 0.0919835 2 0
0.925 0.0924834 2 0
0.93 0.0929833 2 0
0.935 0.0934832 2 0
0.94 0.0939831 2 0
0.945 0.094483 2 0
0.95 0.0949829 2 0
0.955 0.0954829 2 0
0.96 0.0959828 2 0
0.965 0.0964827 2 0
0.97 0.0969826 2 0
0.975 0.0974825 2 0
0.98 0.0979824 2 0
0.985 0.0984823 2 0
0.99 0.0989822 2 0
0.995 0.0994821 2 0
1 0.115581 2 0
1.005 0.116262 2 0
1.01 0.116944 2 0
1.015 0.117625 2 0
1.02 0.118307 2 0
1.025 0.118989 2 0
1.03 0.11967 2 0
1.035 0.120352 2 0
1.04 0.121034 2 0
1.045 0.121715 2 0
1.05 0.122397 2 0
1.055 0.123079 2 0
1.06 0.12376 2 0
1.065 0.124442 2 0
1.07 0.125123 2 0
1.075 0.125805 2 0
1.08 0.126487 2 0
1.085 0.127168 2 0
1.09 0.12785 2 0
1.095 0.128532 2 0
1.1 0.129213 2 0
1.105 0.129895 2 0
1.11 0.130576 2 0
1.115 0.131258 2 0
1.12 0.13194 2 0
1.125 0.132621 2 0
1.13 0.133303 2 0
1.135 0.133985 2 0
1.14 0.134666 2 0
1.145 0.135348 2 0
1.15 0.136029 2 0
1.155 0.136711 2 0
1.16 0.137393 2 0
1.165 0.138074 2 0
1.17 0.138756 2 0
1.175 0.139438 2 0
1.18 0.140119 2 0
1.185 0.140801 2 0
1.19 0.141483 2 0
1.195 0.142164 2 0
1.2 0.142846 2 0
1.205 0.143527 2 0
1.21 0.144209 2 0
1.215 0.144891 2 0
1.22 0.145572 2 0
1.225 0.146254 2 0
1.23 0.146936 2 0
1.235 0.147617 2 0
1.24 0.148299 2 0
1.245 0.14898 2 0
1.25 0.149662 2 0
1.255 0.150344 2 0
1.26 0.151025 2 0
1.265 0.151707 2 0
1.27 0.152389 2 0
1.275 0.15307 2 0
1.28 0.153752 2 0
1.285 0.154433 2 0
1.29 0.155115 2 0
1.295 0.155797 2 0
1.3 0.156478 2 0
1.305 0.15716 2 0
1.31 0.157842 2 0
1.315 0.158523 2 0
1.32 0.159205 2 0
1.325 0.159887 2 0
1.33 0.160568 2 0
1.335 0.16125 2 0
1.34 0.161931 2 0
1.345 0.162613 2 0
1.35 0.163295 2 0
1.355 0.163976 2 0
1.36 0.164658 2 0
1.365 0.16534 2 0
1.37 0.166021 2 0
1.375 0.166703 2 0
1.38 0.167384 2 0
1.385 0.168066 2 0
1.39 0.168748 2 0
1.395 0.169429 2 0
1.4 0.170111 2 0
1.405 0.170793 2 0
1.41 0.171474 2 0
1.415 0.172156 2 0
1.42 0.172837 2 0
1.425 0.173519 2 0
1.43 0.174201 2 0
1.435 0.174882 2 0
1.44 0.175564 2 0
1.445 0.176246 2 0
1.45 0.176927 2 0
1.455 0.177609 2 0
1.46 0.17829 2 0
1.465 0.178972 2 0
1.47 0.179654 2 0
1.475 0.180335 2 0
1.48 0.181017 2 0
1.485 0.181699 2 0
1.49 0.18238 2 0
1.495 0.183062 2 0
1.5 0.183744 2 0
1.505 0.184425 2 0
1.51 0.185107 2 0
1.515 0.185788 2 0
1.52 0.18647 2 0
1.525 0.187152 2 0
1.53 0.187833 2 0
1.535 0.188515 2 0
1.54 0.189197 2 0
1.545 0.189878 2 0
1.55 0.19056 2 0
1.555 0.191241 2 0
1.56 0.191923 2 0
1.565 0.192605 2 0
1.57 0.193286 2 0
1.575 0.193968 2 0
1.58 0.19465 2 0
1.585 0.195331 2 0
1.59 0.196013 2 0
1.595 0.196694 2 0
1.6 0.197376 2 0
1.605 0.198058 2 0
1.61 0.198739 2 0
1.615 0.199421 2 0
1.62 0.200103 2 0
1.625 0.200784 2 0
1.63 0.201466 2 0
1.635 0.202148 2 0
1.64 0.202829 2 0
1.645 0.203511 2 0
1.65 0.204192 2 0
1.655 0.204874 2 0
1.66 0.205556 2 0
1.665 0.206237 2 0
1.67 0.206919 2 0
1.675 0.207601 2 0
1.68 0.208282 2 0
1.685 0.208964 2 0
1.69 0.209645 2 0
1.695 0.210327 2 0
1.7 0.211009 2 0
1.705 0.21169 2 0
1.71 0.212372 2 0
1.715 0.213054 2 0
1.72 0.213735 2 0
1.725 0.214417 2 0
1.73 0.215098 2 0
1.735 0.21578 2 0
1.74 0.216462 2 0
1.745 0.217143 2 0
1.75 0.217825 2 0
1.755 0.218507 2 0
1.76 0.219188 2 0
1.765 0.21987 2 0
1.77 0.220552 2 0
1.775 0.221233 2 0
1.78 0.221915 2 0
1.785 0.222596 2 0
1.79 0.223278 2 0
1.795 0.22396 2 0
1.8 0.224641 2 0
1.805 0.225323 2 0
1.81 0.226005 2 0
1.815 0.226686 2 0
1.82 0.227368 2 0
1.825 0.228049 2 0
1.83 0.228731 2 0
1.835 0.229413 2 0
1.84 0.230094 2 0
1.845 0.230776 2 0
1.85 0.231458 2 0
1.855 0.232139 2 0
1.86 0.232821 2 0
1.865 0.233502 2 0
1.87 0.234184 2 0
1.875 0.234866 2 0
1.88 0.235547 2 0
1.885 0.236229 2 0
1.89 0.236911 2 0
1.895 0.237592 2 0
1.9 0.238274 2 0
1.905 0.238955 2 0
1.91 0.239637 2 0
1.915 0.240319 2 0
1.92 0.241 2 0
1.925 0.241682 2 0
1.93 0.242364 2 0
1.935 0.243045 2 0
1.94 0.243727 2 0
1.945 0.244409 2 0
1.95 0.24509 2 0
1.955 0.245772 2 0
1.96 0.246453 2 0
1.965 0.247135 2 0
1.97 0.247817 2 0
1.975 0.248498 2 0
1.98 0.24918 2 0
1.985 0.249862 2 0
1.99 0.250543 2 0
1.995 0.251225 2 0
2 0.251906 2 0
2.005 0.252588 2 0
2.01 0.25327 2 0
2.015 0.253951 2 0
2.02 0.254633 2 0
2.025 0.255315 2 0
2.03 0.255996 2 0
2.035 0.256678 2 0
2.04 0.257359 2 0
2.045 0.258041 2 0
2.05 0.258723 2 0
2.055 0.259404 2 0
2.06 0.260086 2 0
2.065 0.260768 2 0
2.07 0.261449 2 0
2.075 0.262131 2 0
2.08 0.262813 2 0
2.085 0.263494 2 0
2.09 0.264176 2 0
2.095 0.264857 2 0
2.1 0.265539 2 0
2.105 0.266221 2 0
2.11 0.266902 2 0
2.115 0.267584 2 0
2.12 0.268266 2 0
2.125 0.268947 2 0
2.13 0.269629 2 0
2.135 0.27031 2 0
2.14 0.270992 2 0
2.145 0.271674 2 0
2.15 0.272355 2 0
2.155 0.273037 2 0
2.16 0.273719 2 0
2.165 0.2744 2 0
2.17 0.275082 2 0
2.175 0.275763 2 0
2.18 0.276445 2 0
2.185 0.277127 2 0
2.19 0.277808 2 0
2.195 0.27849 2 0
2.2 0.279172 2 0
2.205 0.279853 2 0
2.21 0.280535 2 0
2.215 0.281217 2 0
2.22 0.281898 2 0
2.225 0.28258 2 0
2.23 0.283261 2 0
2.235 0.283943 2 0
2.24 0.284625 2 0
2.245 0.285306 2 0
2.25 0.285988 2 0
2.255 0.28667 2 0
2.26 0.287351 2 0
2.265 0.288033 2 0
2.27 0.288714 2 0
2.275 0.289396 2 0
2.28 0.290078 2 0
2.285 0.290759 2 0
2.29 0.291441 2 0
2.295 0.292123 2 0
2.3 0.292804 2 0
2.305 0.293486 2 0
2.31 0.294167 2 0
2.315 0.294849 2 0
2.32 0.295531 2 0
2.325 0.296212 2 0
2.33 0.296894 2 0
2.335 0.297576 2 0
2.34 0.298257 2 0
2.345 0.298939 2 0
2.35 0.299621 2 0
2.355 0.300302 2 0
2.36 0.300984 2 0
2.365 0.301665 2 0
2.37 0.302347 2 0
2.375 0.303029 2 0
2.38 0.30371 2 0
2.385 0.304392 2 0
2.39 0.305074 2 0
2.395 0.305755 2 0
2.4 0.306437 2 0
2.405 0.307118 2 0
2.41 0.3078 2 0
2.415 0.308482 2 0
2.42 0.309163 2 0
2.425 0.309845 2 0
2.43 0.310527 2 0
2.435 0.311208 2 0
2.44 0.31189 2 0
2.445 0.312571 2 0
2.45 0.313253 2 0
2.455 0.313935 2 0
2.46 0.314616 2 0
2.465 0.315298 2 0
2.47 0.31598 2 0
2.475 0.316661 2 0
2.48 0.317343 2 0
2.485 0.318024 2 0
2.49 0.318706 2 0
2.495 0.319388 2 0
2.5 0.320069 2 0
2.505 0.320751 2 0
2.51 0.321433 2 0
2.515 0.322114 2 0
2.52 0.322796 2 0
2.525 0.323478 2 0
2.53 0.324159 2 0
2.535 0.324841 2 0
2.54 0.325522 2 0
2.545 0.326204 2 0
2.55 0.326886 2 0
2.555 0.327567 2 0
2.56 0.328249 2 0
2.565 0.328931 2 0
2.57 0.329612 2 0
2.575 0.330294 2 0
2.58 0.330975 2 0
2.585 0.331657 2 0
2.59 0.332339 2 0
2.595 0.33302 2 0
2.6 0.333702 2 0
2.605 0.334384 2 0
2.61 0.335065 2 0
2.615 0.335747 2 0
2.62 0.336428 2 0
2.625 0.33711 2 0
2.63 0.337792 2 0
2.635 0.338473 2 0
2.64 0.339155 2 0
2.645 0.339837 2 0
2.65 0.340518 2 0
2.655 0.3412 2 0
2.66 0.341882 2 0
2.665 0.342563 2 0
2.67 0.343245 2 0
2.675 0.343926 2 0
2.68 0.344608 2 0
2.685 0.34529 2 0
2.69 0.345971 2 0
2.695 0.346653 2 0
2.7 0.347335 2 0
2.705 0.348016 2 0
2.71 0.348698 2 0
2.715 0.349379 2 0
2.72 0.350061 2 0
2.725 0.350743 2 0
2.73 0.351424 2 0
2.735 0.352106 2 0
2.74 0.352788 2 0
2.745 0.353469 2 0
2.75 0.354151 2 0
2.755 0.354832 2 0
2.76 0.355514 2 0
2.765 0.356196 2 0
2.77 0.356877 2 0
2.775 0.357559 2 0
2.78 0.358241 2 0
2.785 0.358922 2 0
2.79 0.359604 2 0
2.795 0.360286 2 0
2.8 0.360967 2 0
2.805 0.361649 2 0
2.81 0.36233 2 0
2.815 0.363012 2 0
2.82 0.363694 2 0
2.825 0.364375 2 0
2.83 0.365057 2 0
2.835 0.365739 2 0
2.84 0.36642 2 0
2.845 0.367102 2 0
2.85 0.367783 2 0
2.855 0.368465 2 0
2.86 0.369147 2 0
2.865 0.369828 2 0
2.87 0.37051 2 0
2.875 0.371192 2 0
2.88 0.371873 2 0
2.885 0.372555 2 0
2.89 0.373236 2 0
2.895 0.373918 2 0
2.9 0.3746 2 0
2.905 0.375281 2 0
2.91 0.375963 2 0
2.915 0.376645 2 0
2.92 0.377326 2 0
2.925 0.378008 2 0
2.93 0.378689 2 0
2.935 0.379371 2 0
2.94 0.380053 2 0
2.945 0.380734 2 0
2.95 0.381416 2 0
2.955 0.382098 2 0
2.96 0.382779 2 0
2.965 0.383461 2 0
2.97 0.384143 2 0
2.975 0.384824 2 0
2.98 0.385506 2 0
2.985 0.386187 2 0
2.99 0.386869 2 0
2.995 0.387551 2 0
3 0.388232 2 0
3.005 0.388914 2 0
3.01 0.389596 2 0
3.015 0.390277 2 0
3.02 0.390959 2 0
3.025 0.39164 2 0
3.03 0.392322 2 0
3.035 0.393004 2 0
3.04 0.393685 2 0
3.045 0.394367 2 0
3.05 0.395049 2 0
3.055 0.39573 2 0
3.06 0.396412 2 0
3.065 0.397093 2 0
3.07 0.397775 2 0
3.075 0.398457 2 0
3.08 0.399138 2 0
3.085 0.39982 2 0
3.09 0.400502 2 0
3.095 0.401183 2 0
3.1 0.401865 2 0
3.105 0.402547 2 0
3.11 0.403228 2 0
3.115 0.40391 2 0
3.12 0.404591 2 0
3.125 0.405273 2 0
3.13 0.405955 2 0
3.135 0.406636 2 0
3.14 0.407318 2 0
3.145 0.408 2 0
3.15 0.408681 2 0
3.155 0.409363 2 0
3.16 0.410044 2 0
3.165 0.410726 2 0
3.17 0.411408 2 0
3.175 0.412089 2 0
3.18 0.412771 2 0
3.185 0.413453 2 0
3.19 0.414134 2 0
3.195 0.414816 2 0
3.2 0.415497 2 0
3.205 0.416179 2 0
3.21 0.416861 2 0
3.215 0.417542 2 0
3.22 0.418224 2 0
3.225 0.418906 2 0
3.23 0.419587 2 0
3.235 0.420269 2 0
3.24 0.420951 2 0
3.245 0.421632 2 0
3.25 0.422314 2 0
3.255 0.422995 2 0
3.26 0.423677 2 0
3.265 0.424359 2 0
3.27 0.42504 2 0
3.275 0.425722 2 0
3.28 0.426404 2 0
3.285 0.427085 2 0
3.29 0.427767 2 0
3.295 0.428448 2 0
3.3 0.42913 2 0
3.305 0.429812 2 0
3.31 0.430493 2 0
3.315 0.431175 2 0
3.32 0.431857 2 0
3.325 0.432538 2 0
3.33 0.43322 2 0
3.335 0.433901 2 0
3.34 0.434583 2 0
3.345 0.435265 2 0
3.35 0.435946 2 0
3.355 0.436628 2 0
3.36 0.43731 2 0
3.365 0.437991 2 0
3.37 0.438673 2 0
3.375 0.439354 2 0
3.38 0.440036 2 0
3.385 0.440718 2 0
3.39 0.441399 2 0
3.395 0.442081 2 0
3.4 0.442763 2 0
3.405 0.443444 2 0
3.41 0.444126 2 0
3.415 0.444808 2 0
3.42 0.445489 2 0
3.425 0.446171 2 0
3.43 0.446852 2 0
3.435 0.447534 2 0
3.44 0.448216 2 0
3.445 0.448897 2 0
3.45 0.449579 2 0
3.455 0.450261 2 0
3.46 0.450942 2 0
3.465 0.451624 2 0
3.47 0.452305 2 0
3.475 0.452987 2 0
3.48 0.453669 2 0
3.485 0.45435 2 0
3.49 0.455032 2 0
3.495 0.455714 2 0
3.5 0.456395 2 0
3.505 0.457077 2 0
3.51 0.457758 2 0
3.515 0.45844 2 0
3.52 0.459122 2 0
3.525 0.459803 2 0
3.53 0.460485 2 0
3.535 0.461167 2 0
3.54 0.461848 2 0
3.545 0.46253 2 0
3.55 0.463212 2 0
3.555 0.463893 2 0
3.56 0.464575 2 0
3.565 0.465256 2 0
3.57 0.465938 2 0
3.575 0.46662 2 0
3.58 0.467301 2 0
3.585 0.467983 2 0
3.59 0.468665 2 0
3.595 0.469346 2 0
3.6 0.470028 2 0
3.605 0.470709 2 0
3.61 0.471391 2 0
3.615 0.472073 2 0
3.62 0.472754 2 0
3.625 0.473436 2 0
3.63 0.474118 2 0
3.635 0.474799 2 0
3.64 0.475481 2 0
3.645 0.476162 2 0
3.65 0.476844 2 0
3.655 0.477526 2 0
3.66 0.478207 2 0
3.665 0.478889 2 0
3.67 0.479571 2 0
3.675 0.480252 2 0
3.68 0.480934 2 0
3.685 0.481616 2 0
3.69 0.482297 2 0
3.695 0.482979 2 0
3.7 0.48366 2 0
3.705 0.484342 2 0
3.71 0.485024 2 0
3.715 0.485705 2 0
3.72 0.486387 2 0
3.725 0.487069 2 0
3.73 0.48775 2 0
3.735 0.488432 2 0
3.74 0.489113 2 0
3.745 0.489795 2 0
3.75 0.490477 2 0
3.755 0.491158 2 0
3.76 0.49184 2 0
3.765 0.492522 2 0
3.77 0.493203 2 0
3.775 0.493885 2 0
3.78 0.494566 2 0
3.785 0.495248 2 0
3.79 0.49593 2 0
3.795 0.496611 2 0
3.8 0.497293 2 0
3.805 0.497975 2 0
3.81 0.498656 2 0
3.815 0.499338 2 0
3.82 0.500019 2 0
3.825 0.500701 2 0
3.83 0.501383 2 0
3.835 0.502064 2 0
3.84 0.502746 2 0
3.845 0.503428 2 0
3.85 0.504109 2 0
3.855 0.504791 2 0
3.86 0.505473 2 0
3.865 0.506154 2 0
3.87 0.506836 2 0
3.875 0.507517 2 0
3.88 0.508199 2 0
3.885 0.508881 2 0
3.89 0.509562 2 0
3.895 0.510244 2 0
3.9 0.510926 2 0
3.905 0.511607 2 0
3.91 0.512289 2 0
3.915 0.51297 2 0
3.92 0.513652 2 0
3.925 0.514334 2 0
3.93 0.515015 2 0
3.935 0.515697 2 0
3.94 0.516379 2 0
3.945 0.51706 2 0
3.95 0.517742 2 0
3.955 0.518423 2 0
3.96 0.519105 2 0
3.965 0.519787 2 0
3.97 0.520468 2 0
3.975 0.52115 2 0
3.98 0.521832 2 0
3.985 0.522513 2 0
3.99 0.523195 2 0
3.995 0.523877 2 0
4 0.524558 2 0
4.005 0.52524 2 0
4.01 0.525921 2 0
4.015 0.526603 2 0
4.02 0.527285 2 0
4.025 0.527966 2 0
4.03 0.528648 2 0
4.035 0.52933 2 0
4.04 0.530011 2 0
4.045 0.530693 2 0
4.05 0.531374 2 0
4.055 0.532056 2 0
4.06 0.532738 2 0
4.065 0.533419 2 0
4.07 0.534101 2 0
4.075 0.534783 2 0
4.08 0.535464 2 0
4.085 0.536146 2 0
4.09 0.536827 2 0
4.095 0.537509 2 0
4.1 0.538191 2 0
4.105 0.538872 2 0
4.11 0.539554 2 0
4.115 0.540236 2 0
4.12 0.540917 2 0
4.125 0.541599 2 0
4.13 0.542281 2 0
4.135 0.542962 2 0
4.14 0.543644 2 0
4.145 0.544325 2 0
4.15 0.545007 2 0
4.155 0.545689 2 0
4.16 0.54637 2 0
4.165 0.547052 2 0
4.17 0.547734 2 0
4.175 0.548415 2 0
4.18 0.549097 2 0
4.185 0.549778 2 0
4.19 0.55046 2 0
4.195 0.551142 2 0
4.2 0.551823 2 0
4.205 0.552505 2 0
4.21 0.553187 2 0
4.215 0.553868 2 0
4.22 0.55455 2 0
4.225 0.555231 2 0
4.23 0.555913 2 0
4.235 0.556595 2 0
4.24 0.557276 2 0
4.245 0.557958 2 0
4.25 0.55864 2 0
4.255 0.559321 2 0
4.26 0.560003 2 0
4.265 0.560685 2 0
4.27 0.561366 2 0
4.275 0.562048 2 0
4.28 0.562729 2 0
4.285 0.563411 2 0
4.29 0.564093 2 0
4.295 0.564774 2 0
4.3 0.565456 2 0
4.305 0.566138 2 0
4.31 0.566819 2 0
4.315 0.567501 2 0
4.32 0.568182 2 0
4.325 0.568864 2 0
4.33 0.569546 2 0
4.335 0.570227 2 0
4.34 0.570909 2 0
4.345 0.571591 2 0
4.35 0.572272 2 0
4.355 0.572954 2 0
4.36 0.573635 2 0
4.365 0.574317 2 0
4.37 0.574999 2 0
4.375 0.57568 2 0
4.38 0.576362 2 0
4.385 0.577044 2 0
4.39 0.577725 2 0
4.395 0.578407 2 0
4.4 0.579088 2 0
4.405 0.57977 2 0
4.41 0.580452 2 0
4.415 0.581133 2 0
4.42 0.581815 2 0
4.425 0.582497 2 0
4.43 0.583178 2 0
4.435 0.58386 2 0
4.44 0.584542 2 0
4.445 0.585223 2 0
4.45 0.585905 2 0
4.455 0.586586 2 0
4.46 0.587268 2 0
4.465 0.58795 2 0
4.47 0.588631 2 0
4.475 0.589313 2 0
4.48 0.589995 2 0
4.485 0.590676 2 0
4.49 0.591358 2 0
4.495 0.592039 2 0
4.5 0.592721 2 0
4.505 0.593403 2 0
4.51 0.594084 2 0
4.515 0.594766 2 0
4.52 0.595448 2 0
4.525 0.596129 2 0
4.53 0.596811 2 0
4.535 0.597492 2 0
4.54 0.598174 2 0
4.545 0.598856 2 0
4.55 0.599537 2 0
4.555 0.600219 2 0
4.56 0.600901 2 0
4.565 0.601582 2 0
4.57 0.602264 2 0
4.575 0.602946 2 0
4.58 0.603627 2 0
4.585 0.604309 2 0
4.59 0.60499 2 0
4.595 0.605672 2 0
4.6 0.606354 2 0
4.605 0.607035 2 0
4.61 0.607717 2 0
4.615 0.608399 2 0
4.62 0.60908 2 0
4.625 0.609762 2 0
4.63 0.610443 2 0
4.635 0.611125 2 0
4.64 0.611807 2 0
4.645 0.612488 2 0
4.65 0.61317 2 0
4.655 0.613852 2 0
4.66 0.614533 2 0
4.665 0.615215 2 0
4.67 0.615896 2 0
4.675 0.616578 2 0
4.68 0.61726 2 0
4.685 0.617941 2 0
4.69 0.618623 2 0
4.695 0.619305 2 0
4.7 0.619986 2 0
4.705 0.620668 2 0
4.71 0.62135 2 0
4.715 0.622031 2 0
4.72 0.622713 2 0
4.725 0.623394 2 0
4.73 0.624076 2 0
4.735 0.624758 2 0
4.74 0.625439 2 0
4.745 0.626121 2 0
4.75 0.626803 2 0
4.755 0.627484 2 0
4.76 0.628166 2 0
4.765 0.628847 2 0
4.77 0.629529 2 0
4.775 0.630211 2 0
4.78 0.630892 2 0
4.785 0.631574 2 0
4.79 0.632256 2 0
4.795 0.632937 2 0
4.8 0.633619 2 0
4.805 0.6343 2 0
4.81 0.634982 2 0
4.815 0.635664 2 0
4.82 0.636345 2 0
4.825 0.637027 2 0
4.83 0.637709 2 0
4.835 0.63839 2 0
4.84 0.639072 2 0
4.845 0.639753 2 0
4.85 0.640435 2 0
4.855 0.641117 2 0
4.86 0.641798 2 0
4.865 0.64248 2 0
4.87 0.643162 2 0
4.875 0.643843 2 0
4.88 0.644525 2 0
4.885 0.645207 2 0
4.89 0.645888 2 0
4.895 0.64657 2 0
4.9 0.647251 2 0
4.905 0.647933 2 0
4.91 0.648615 2 0
4.915 0.649296 2 0
4.92 0.649978 2 0
4.925 0.65066 2 0
4.93 0.651341 2 0
4.935 0.652023 2 0
4.94 0.652704 2 0
4.945 0.653386 2 0
4.95 0.654068 2 0
4.955 0.654749 2 0
4.96 0.655431 2 0
4.965 0.656113 2 0
4.97 0.656794 2 0
4.975 0.657476 2 0
4.98 0.658157 2 0
4.985 0.658839 2 0
4.99 0.659521 2 0
4.995 0.660202 2 0
5 0.660884 2 0
5.005 0.661566 2 0
5.01 0.662247 2 0
5.015 0.662929 2 0
5.02 0.663611 2 0
5.025 0.664292 2 0
5.03 0.664974 2 0
5.035 0.665655 2 0
5.04 0.666337 2 0
5.045 0.667019 2 0
5.05 0.6677 2 0
5.055 0.668382 2 0
5.06 0.669064 2 0
5.065 0.669745 2 0
5.07 0.670427 2 0
5.075 0.671108 2 0
5.08 0.67179 2 0
5.085 0.672472 2 0
5.09 0.673153 2 0
5.095 0.673835 2 0
5.1 0.674517 2 0
5.105 0.675198 2 0
5.11 0.67588 2 0
5.115 0.676561 2 0
5.12 0.677243 2 0
5.125 0.677925 2 0
5.13 0.678606 2 0
5.135 0.679288 2 0
5.14 0.67997 2 0
5.145 0.680651 2 0
5.15 0.681333 2 0
5.155 0.682015 2 0
5.16 0.682696 2 0
5.165 0.683378 2 0
5.17 0.684059 2 0
5.175 0.684741 2 0
5.18 0.685423 2 0
5.185 0.686104 2 0
5.19 0.686786 2 0
5.195 0.687468 2 0
5.2 0.688149 2 0
5.205 0.688831 2 0
5.21 0.689512 2 0
5.215 0.690194 2 0
5.22 0.690876 2 0
5.225 0.691557 2 0
5.23 0.692239 2 0
5.235 0.692921 2 0
5.24 0.693602 2 0
5.245 0.694284 2 0
5.25 0.694965 2 0
5.255 0.695647 2 0
5.26 0.696329 2 0
5.265 0.69701 2 0
5.27 0.697692 2 0
5.275 0.698374 2 0
5.28 0.699055 2 0
5.285 0.699737 2 0
5.29 0.700418 2 0
5.295 0.7011 2 0
5.3 0.701782 2 0
5.305 0.702463 2 0
5.31 0.703145 2 0
5.315 0.703827 2 0
5.32 0.704508 2 0
5.325 0.70519 2 0
5.33 0.705872 2 0
5.335 0.706553 2 0
5.34 0.707235 2 0
5.345 0.707916 2 0
5.35 0.708598 2 0
5.355 0.70928 2 0
5.36 0.709961 2 0
5.365 0.710643 2 0
5.37 0.711325 2 0
5.375 0.712006 2 0
5.38 0.712688 2 0
5.385 0.713369 2 0
5.39 0.714051 2 0
5.395 0.714733 2 0
5.4 0.715414 2 0
5.405 0.716096 2 0
5.41 0.716778 2 0
5.415 0.717459 2 0
5.42 0.718141 2 0
5.425 0.718822 2 0
5.43 0.719504 2 0
5.435 0.720186 2 0
5.44 0.720867 2 0
5.445 0.721549 2 0
5.45 0.722231 2 0
5.455 0.722912 2 0
5.46 0.723594 2 0
5.465 0.724276 2 0
5.47 0.724957 2 0
5.475 0.725639 2 0
5.48 0.72632 2 0
5.485 0.727002 2 0
5.49 0.727684 2 0
5.495 0.728365 2 0
5.5 0.729047 2 0
5.505 0.729729 2 0
5.51 0.73041 2 0
5.515 0.731092 2 0
5.52 0.731773 2 0
5.525 0.732455 2 0
5.53 0.733137 2 0
5.535 0.733818 2 0
5.54 0.7345 2 0
5.545 0.735182 2 0
5.55 0.735863 2 0
5.555 0.736545 2 0
5.56 0.737226 2 0
5.565 0.737908 2 0
5.57 0.73859 2 0
5.575 0.739271 2 0
5.58 0.739953 2 0
5.585 0.740635 2 0
5.59 0.741316 2 0
5.595 0.741998 2 0
5.6 0.74268 2 0
5.605 0.743361 2 0
5.61 0.744043 2 0
5.615 0.744724 2 0
5.62 0.745406 2 0
5.625 0.746088 2 0
5.63 0.746769 2 0
5.635 0.747451 2 0
5.64 0.748133 2 0
5.645 0.748814 2 0
5.65 0.749496 2 0
5.655 0.750177 2 0
5.66 0.750859 2 0
5.665 0.751541 2 0
5.67 0.752222 2 0
5.675 0.752904 2 0
5.68 0.753586 2 0
5.685 0.754267 2 0
5.69 0.754949 2 0
5.695 0.75563 2 0
5.7 0.756312 2 0
5.705 0.756994 2 0
5.71 0.757675 2 0
5.715 0.758357 2 0
5.72 0.759039 2 0
5.725 0.75972 2 0
5.73 0.760402 2 0
5.735 0.761083 2 0
5.74 0.761765 2 0
5.745 0.762447 2 0
5.75 0.763128 2 0
5.755 0.76381 2 0
5.76 0.764492 2 0
5.765 0.765173 2 0
5.77 0.765855 2 0
5.775 0.766537 2 0
5.78 0.767218 2 0
5.785 0.7679 2 0
5.79 0.768581 2 0
5.795 0.769263 2 0
5.8 0.769945 2 0
5.805 0.770626 2 0
5.81 0.771308 2 0
5.815 0.77199 2 0
5.82 0.772671 2 0
5.825 0.773353 2 0
5.83 0.774034 2 0
5.835 0.774716 2 0
5.84 0.775398 2 0
5.845 0.776079 2 0
5.85 0.776761 2 0
5.855 0.777443 2 0
5.86 0.778124 2 0
5.865 0.778806 2 0
5.87 0.779487 2 0
5.875 0.780169 2 0
5.88 0.780851 2 0
5.885 0.781532 2 0
5.89 0.782214 2 0
5.895 0.782896 2 0
5.9 0.783577 2 0
5.905 0.784259 2 0
5.91 0.784941 2 0
5.915 0.785622 2 0
5.92 0.786304 2 0
5.925 0.786985 2 0
5.93 0.787667 2 0
5.935 0.788349 2 0
5.94 0.78903 2 0
5.945 0.789712 2 0
5.95 0.790394 2 0
5.955 0.791075 2 0
5.96 0.791757 2 0
5.965 0.792438 2 0
5.97 0.79312 2 0
5.975 0.793802 2 0
5.98 0.794483 2 0
5.985 0.795165 2 0
5.99 0.795847 2 0
5.995 0.796528 2 0
6 0.79721 2 0
6.005 0.797891 2 0
6.01 0.798573 2 0
6.015 0.799255 2 0
6.02 0.799936 2 0
6.025 0.800618 2 0
6.03 0.8013 2 0
6.035 0.801981 2 0
6.04 0.802663 2 0
6.045 0.803345 2 0
6.05 0.804026 2 0
6.055 0.804708 2 0
6.06 0.805389 2 0
6.065 0.806071 2 0
6.07 0.806753 2 0
6.075 0.807434 2 0
6.08 0.808116 2 0
6.085 0.808798 2 0
6.09 0.809479 2 0
6.095 0.810161 2 0
6.1 0.810842 2 0
6.105 0.811524 2 0
6.11 0.812206 2 0
6.115 0.812887 2 0
6.12 0.813569 2 0
6.125 0.814251 2 0
6.13 0.814932 2 0
6.135 0.815614 2 0
6.14 0.816295 2 0
6.145 0.816977 2 0
6.15 0.817659 2 0
6.155 0.81834 2 0
6.16 0.819022 2 0
6.165 0.819704 2 0
6.17 0.820385 2 0
6.175 0.821067 2 0
6.18 0.821749 2 0
6.185 0.82243 2 0
6.19 0.823112 2 0
6.195 0.823793 2 0
6.2 0.824475 2 0
6.205 0.825157 2 0
6.21 0.825838 2 0
6.215 0.82652 2 0
6.22 0.827202 2 0
6.225 0.827883 2 0
6.23 0.828565 2 0
6.235 0.829246 2 0
6.24 0.829928 2 0
6.245 0.83061 2 0
6.25 0.831291 2 0
6.255 0.831973 2 0
6.26 0.832655 2 0
6.265 0.833336 2 0
6.27 0.834018 2 0
6.275 0.834699 2 0
6.28 0.835381 2 0
6.285 0.836063 2 0
6.29 0.836744 2 0
6.295 0.837426 2 0
6.3 0.838108 2 0
6.305 0.838789 2 0
6.31 0.839471 2 0
6.315 0.840152 2 0
6.32 0.840834 2 0
6.325 0.841516 2 0
6.33 0.842197 2 0
6.335 0.842879 2 0
6.34 0.843561 2 0
6.345 0.844242 2 0
6.35 0.844924 2 0
6.355 0.845606 2 0
6.36 0.846287 2 0
6.365 0.846969 2 0
6.37 0.84765 2 0
6.375 0.848332 2 0
6.38 0.849014 2 0
6.385 0.849695 2 0
6.39 0.850377 2 0
6.395 0.851059 2 0
6.4 0.85174 2 0
6.405 0.852422 2 0
6.41 0.853103 2 0
6.415 0.853785 2 0
6.42 0.854467 2 0
6.425 0.855148 2 0
6.43 0.85583 2 0
6.435 0.856512 2 0
6.44 0.857193 2 0
6.445 0.857875 2 0
6.45 0.858556 2 0
6.455 0.859238 2 0
6.46 0.85992 2 0
6.465 0.860601 2 0
6.47 0.861283 2 0
6.475 0.861965 2 0
6.48 0.862646 2 0
6.485 0.863328 2 0
6.49 0.86401 2 0
6.495 0.864691 2 0
6.5 0.865373 2 0
6.505 0.866054 2 0
6.51 0.866736 2 0
6.515 0.867418 2 0
6.52 0.868099 2 0
6.525 0.868781 2 0
6.53 0.869463 2 0
6.535 0.870144 2 0
6.54 0.870826 2 0
6.545 0.871507 2 0
6.55 0.872189 2 0
6.555 0.872871 2 0
6.56 0.873552 2 0
6.565 0.874234 2 0
6.57 0.874916 2 0
6.575 0.875597 2 0
6.58 0.876279 2 0
6.585 0.87696 2 0
6.59 0.877642 2 0
6.595 0.878324 2 0
6.6 0.879005 2 0
6.605 0.879687 2 0
6.61 0.880369 2 0
6.615 0.88105 2 0
6.62 0.881732 2 0
6.625 0.882414 2 0
6.63 0.883095 2 0
6.635 0.883777 2 0
6.64 0.884458 2 0
6.645 0.88514 2 0
6.65 0.885822 2 0
6.655 0.886503 2 0
6.66 0.887185 2 0
6.665 0.887867 2 0
6.67 0.888548 2 0
6.675 0.88923 2 0
6.68 0.889911 2 0
6.685 0.890593 2 0
6.69 0.891275 2 0
6.695 0.891956 2 0
6.7 0.892638 2 0
6.705 0.89332 2 0
6.71 0.894001 2 0
6.715 0.894683 2 0
6.72 0.895364 2 0
6.725 0.896046 2 0
6.73 0.896728 2 0
6.735 0.897409 2 0
6.74 0.898091 2 0
6.745 0.898773 2 0
6.75 0.899454 2 0
6.755 0.900136 2 0
6.76 0.900817 2 0
6.765 0.901499 2 0
6.77 0.902181 2 0
6.775 0.902862 2 0
6.78 0.903544 2 0
6.785 0.904226 2 0
6.79 0.904907 2 0
6.795 0.905589 2 0
6.8 0.906271 2 0
6.805 0.906952 2 0
6.81 0.907634 2 0
6.815 0.908315 2 0
6.82 0.908997 2 0
6.825 0.909679 2 0
6.83 0.91036 2 0
6.835 0.911042 2 0
6.84 0.911724 2 0
6.845 0.912405 2 0
6.85 0.913087 2 0
6.855 0.913768 2 0
6.86 0.91445 2 0
6.865 0.915132 2 0
6.87 0.915813 2 0
6.875 0.916495 2 0
6.88 0.917177 2 0
6.885 0.917858 2 0
6.89 0.91854 2 0
6.895 0.919221 2 0
6.9 0.919903 2 0
6.905 0.920585 2 0
6.91 0.921266 2 0
6.915 0.921948 2 0
6.92 0.92263 2 0
6.925 0.923311 2 0
6.93 0.923993 2 0
6.935 0.924675 2 0
6.94 0.925356 2 0
6.945 0.926038 2 0
6.95 0.926719 2 0
6.955 0.927401 2 0
6.96 0.928083 2 0
6.965 0.928764 2 0
6.97 0.929446 2 0
6.975 0.930128 2 0
6.98 0.930809 2 0
6.985 0.931491 2 0
6.99 0.932172 2 0
6.995 0.932854 2 0
7 0.933536 2 0
7.005 0.934217 2 0
7.01 0.934899 2 0
7.015 0.935581 2 0
7.02 0.936262 2 0
7.025 0.936944 2 0
7.03 0.937625 2 0
7.035 0.938307 2 0
7.04 0.938989 2 0
7.045 0.93967 2 0
7.05 0.940352 2 0
7.055 0.941034 2 0
7.06 0.941715 2 0
7.065 0.942397 2 0
7.07 0.943079 2 0
7.075 0.94376 2 0
7.08 0.944442 2 0
7.085 0.945123 2 0
7.09 0.945805 2 0
7.095 0.946487 2 0
7.1 0.947168 2 0
7.105 0.94785 2 0
7.11 0.948532 2 0
7.115 0.949213 2 0
7.12 0.949895 2 0
7.125 0.950576 2 0
7.13 0.951258 2 0
7.135 0.95194 2 0
7.14 0.952621 2 0
7.145 0.953303 2 0
7.15 0.953985 2 0
7.155 0.954666 2 0
7.16 0.955348 2 0
7.165 0.956029 2 0
7.17 0.956711 2 0
7.175 0.957393 2 0
7.18 0.958074 2 0
7.185 0.958756 2 0
7.19 0.959438 2 0
7.195 0.960119 2 0
7.2 0.960801 2 0
7.205 0.961482 2 0
7.21 0.962164 2 0
7.215 0.962846 2 0
7.22 0.963527 2 0
7.225 0.964209 2 0
7.23 0.964891 2 0
7.235 0.965572 2 0
7.24 0.966254 2 0
7.245 0.966936 2 0
7.25 0.967617 2 0
7.255 0.968299 2 0
7.26 0.96898 2 0
7.265 0.969662 2 0
7.27 0.970344 2 0
7.275 0.971025 2 0
7.28 0.971707 2 0
7.285 0.972389 2 0
7.29 0.97307 2 0
7.295 0.973752 2 0
7.3 0.974433 2 0
7.305 0.975115 2 0
7.31 0.975797 2 0
7.315 0.976478 2 0
7.32 0.97716 2 0
7.325 0.977842 2 0
7.33 0.978523 2 0
7.335 0.979205 2 0
7.34 0.979886 2 0
7.345 0.980568 2 0
7.35 0.98125 2 0
7.355 0.981931 2 0
7.36 0.982613 2 0
7.365 0.983295 2 0
7.37 0.983976 2 0
7.375 0.984658 2 0
7.38 0.98534 2 0
7.385 0.986021 2 0
7.39 0.986703 2 0
7.395 0.987384 2 0
7.4 0.988066 2 0
7.405 0.988748 2 0
7.41 0.989429 2 0
7.415 0.990111 2 0
7.42 0.990793 2 0
7.425 0.991474 2 0
7.43 0.992156 2 0
7.435 0.992837 2 0
7.44 0.993519 2 0
7.445 0.994201 2 0
7.45 0.994882 2 0
7.455 0.995564 2 0
7.46 0.996246 2 0
7.465 0.996927 2 0
7.47 0.997609 2 0
7.475 0.99829 2 0
7.48 0.998972 2 0
7.485 0.999654 2 0
