0 0 2 0
0.005 0.00225603 2 0
0.01 0.00451206 2 0
0.015 0.0067681 2 0
0.02 0.00902413 2 0
0.025 0.0112802 2 0
0.03 0.0135362 2 0
0.035 0.0157922 2 0
0.04 0.0180483 2 0
0.045 0.0203043 2 0
0.05 0.0225603 2 0
0.055 0.0248164 2 0
0.06 0.0270724 2 0
0.065 0.0293284 2 0
0.07 0.0315845 2 0
0.075 0.0338405 2 0
0.08 0.0360965 2 0
0.085 0.0383525 2 0
0.09 0.0406086 2 0
0.095 0.0428646 2 0
0.1 0.0451206 2 0
0.105 0.0473767 2 0
0.11 0.0496327 2 0
0.115 0.0518887 2 0
0.12 0.0541448 2 0
0.125 0.0564008 2 0
0.13 0.0586568 2 0
0.135 0.0609129 2 0
0.14 0.0631689 2 0
0.145 0.0654249 2 0
0.15 0.067681 2 0
0.155 0.069937 2 0
0.16 0.072193 2 0
0.165 0.0744491 2 0
0.17 0.0767051 2 0
0.175 0.0789611 2 0
0.18 0.0812172 2 0
0.185 0.0834732 2 0
0.19 0.0857292 2 0
0.195 0.0879853 2 0
0.2 0.0902413 2 0
0.205 0.0924973 2 0
0.21 0.0947534 2 0
0.215 0.0970094 2 0
0.22 0.0992654 2 0
0.225 0.101521 2 0
0.23 0.103777 2 0
0.235 0.106034 2 0
0.24 0.10829 2 0
0.245 0.110546 2 0
0.25 0.112802 2 0
0.255 0.115058 2 0
0.26 0.117314 2 0
0.265 0.11957 2 0
0.27 0.121826 2 0
0.275 0.124082 2 0
0.28 0.126338 2 0
0.285 0.128594 2 0
0.29 0.13085 2 0
0.295 0.133106 2 0
0.3 0.135362 2 0
0.305 0.137618 2 0
0.31 0.139874 2 0
0.315 0.14213 2 0
0.32 0.144386 2 0
0.325 0.146642 2 0
0.33 0.148898 2 0
0.335 0.151154 2 0
0.34 0.15341 2 0
0.345 0.155666 2 0
0.35 0.157922 2 0
0.355 0.160178 2 0
0.36 0.162434 2 0
0.365 0.16469 2 0
0.37 0.166946 2 0
0.375 0.169202 2 0
0.38 0.171458 2 0
0.385 0.173714 2 0
0.39 0.175971 2 0
0.395 0.178227 2 0
0.4 0.180483 2 0
0.405 0.182739 2 0
0.41 0.184995 2 0
0.415 0.187251 2 0
0.42 0.189507 2 0
0.425 0.191763 2 0
0.43 0.194019 2 0
0.435 0.196275 2 0
0.44 0.198531 2 0
0.445 0.200787 2 0
0.45 0.203043 2 0
0.455 0.205299 2 0
0.46 0.207555 2 0
0.465 0.209811 2 0
0.47 0.212067 2 0
0.475 0.214323 2 0
0.48 0.216579 2 0
0.485 0.218835 2 0
0.49 0.221091 2 0
0.495 0.223347 2 0
0.5 0.225603 2 0
0.505 0.227859 2 0
0.51 0.230115 2 0
0.515 0.232371 2 0
0.52 0.234627 2 0
0.525 0.236883 2 0
0.53 0.239139 2 0
0.535 0.241395 2 0
0.54 0.243651 2 0
0.545 0.245908 2 0
0.55 0.248164 2 0
0.555 0.25042 2 0
0.56 0.252676 2 0
0.565 0.254932 2 0
0.57 0.257188 2 0
0.575 0.259444 2 0
0.58 0.2617 2 0
0.585 0.263956 2 0
0.59 0.266212 2 0
0.595 0.268468 2 0
0.6 0.270724 2 0
0.605 0.27298 2 0
0.61 0.275236 2 0
0.615 0.277492 2 0
0.62 0.279748 2 0
0.625 0.282004 2 0
0.63 0.28426 2 0
0.635 0.286516 2 0
0.64 0.288772 2 0
0.645 0.291028 2 0
0.65 0.293284 2 0
0.655 0.29554 2 0
0.66 0.297796 2 0
0.665 0.300052 2 0
0.67 0.302308 2 0
0.675 0.304564 2 0
0.68 0.30682 2 0
0.685 0.309076 2 0
0.69 0.311332 2 0
0.695 0.313588 2 0
0.7 0.315845 2 0
0.705 0.318101 2 0
0.71 0.320357 2 0
0.715 0.322613 2 0
0.72 0.324869 2 0
0.725 0.327125 2 0
0.73 0.329381 2 0
0.735 0.331637 2 0
0.74 0.333893 2 0
0.745 0.336149 2 0
0.75 0.338405 2 0
0.755 0.340661 2 0
0.76 0.342917 2 0
0.765 0.345173 2 0
0.77 0.347429 2 0
0.775 0.349685 2 0
0.78 0.351941 2 0
0.785 0.354197 2 0
0.79 0.356453 2 0
0.795 0.358709 2 0
0.8 0.360965 2 0
0.805 0.363221 2 0
0.81 0.365477 2 0
0.815 0.367733 2 0
0.82 0.369989 2 0
0.825 0.372245 2 0
0.83 0.374501 2 0
0.835 0.376757 2 0
0.84 0.379013 2 0
0.845 0.381269 2 0
0.85 0.383525 2 0
0.855 0.385781 2 0
0.86 0.388038 2 0
0.865 0.390294 2 0
0.87 0.39255 2 0
0.875 0.394806 2 0
0.88 0.397062 2 0
0.885 0.399318 2 0
0.89 0.401574 2 0
0.895 0.40383 2 0
0.9 0.406086 2 0
0.905 0.408342 2 0
0.91 0.410598 2 0
0.915 0.412854 2 0
0.92 0.41511 2 0
0.925 0.417366 2 0
0.93 0.419622 2 0
0.935 0.421878 2 0
0.94 0.424134 2 0
0.945 0.42639 2 0
0.95 0.428646 2 0
0.955 0.430902 2 0
0.96 0.433158 2 0
0.965 0.435414 2 0
0.97 0.43767 2 0
0.975 0.439926 2 0
0.98 0.442182 2 0
0.985 0.444438 2 0
0.99 0.446694 2 0
0.995 0.44895 2 0
1 0.489819 2 0
1.005 0.494028 2 0
1.01 0.498237 2 0
1.015 0.502446 2 0
1.02 0.506655 2 0
1.025 0.510864 2 0
1.03 0.515072 2 0
1.035 0.519281 2 0
1.04 0.52349 2 0
1.045 0.527699 2 0
1.05 0.531908 2 0
1.055 0.536117 2 0
1.06 0.540325 2 0
1.065 0.544534 2 0
1.07 0.548743 2 0
1.075 0.552952 2 0
1.08 0.557161 2 0
1.085 0.56137 2 0
1.09 0.565579 2 0
1.095 0.569787 2 0
1.1 0.573996 2 0
1.105 0.578205 2 0
1.11 0.582414 2 0
1.115 0.586623 2 0
1.12 0.590832 2 0
1.125 0.595041 2 0
1.13 0.599249 2 0
1.135 0.603458 2 0
1.14 0.607667 2 0
1.145 0.611876 2 0
1.15 0.616085 2 0
1.155 0.620294 2 0
1.16 0.624503 2 0
1.165 0.628711 2 0
1.17 0.63292 2 0
1.175 0.637129 2 0
1.18 0.641338 2 0
1.185 0.645547 2 0
1.19 0.649756 2 0
1.195 0.653964 2 0
1.2 0.658173 2 0
1.205 0.662382 2 0
1.21 0.666591 2 0
1.215 0.6708 2 0
1.22 0.675009 2 0
1.225 0.679218 2 0
1.23 0.683426 2 0
1.235 0.687635 2 0
1.24 0.691844 2 0
1.245 0.696053 2 0
1.25 0.700262 2 0
1.255 0.704471 2 0
1.26 0.70868 2 0
1.265 0.712888 2 0
1.27 0.717097 2 0
1.275 0.721306 2 0
1.28 0.725515 2 0
1.285 0.729724 2 0
1.29 0.733933 2 0
1.295 0.738142 2 0
1.3 0.74235 2 0
1.305 0.746559 2 0
1.31 0.750768 2 0
1.315 0.754977 2 0
1.32 0.759186 2 0
1.325 0.763395 2 0
1.33 0.767603 2 0
1.335 0.771812 2 0
1.34 0.776021 2 0
1.345 0.78023 2 0
1.35 0.784439 2 0
1.355 0.788648 2 0
1.36 0.792857 2 0
1.365 0.797065 2 0
1.37 0.801274 2 0
1.375 0.805483 2 0
1.38 0.809692 2 0
1.385 0.813901 2 0
1.39 0.81811 2 0
1.395 0.822319 2 0
1.4 0.826527 2 0
1.405 0.830736 2 0
1.41 0.834945 2 0
1.415 0.839154 2 0
1.42 0.843363 2 0
1.425 0.847572 2 0
1.43 0.85178 2 0
1.435 0.855989 2 0
1.44 0.860198 2 0
1.445 0.864407 2 0
1.45 0.868616 2 0
1.455 0.872825 2 0
1.46 0.877034 2 0
1.465 0.881242 2 0
1.47 0.885451 2 0
1.475 0.88966 2 0
1.48 0.893869 2 0
1.485 0.898078 2 0
1.49 0.902287 2 0
1.495 0.906496 2 0
1.5 0.910704 2 0
1.505 0.914913 2 0
1.51 0.919122 2 0
1.515 0.923331 2 0
1.52 0.92754 2 0
1.525 0.931749 2 0
1.53 0.935958 2 0
1.535 0.940166 2 0
1.54 0.944375 2 0
1.545 0.948584 2 0
1.55 0.952793 2 0
1.555 0.957002 2 0
1.56 0.961211 2 0
1.565 0.965419 2 0
1.57 0.969628 2 0
1.575 0.973837 2 0
1.58 0.978046 2 0
1.585 0.982255 2 0
1.59 0.986464 2 0
1.595 0.990673 2 0
1.6 0.994881 2 0
1.605 0.99909 2 0
