0 0 2 1
0.005 0.000658443 2 1
0.01 0.00131689 2 1
0.015 0.00197533 2 1
0.02 0.00263377 2 1
0.025 0.00329221 2 1
0.03 0.00395066 2 1
0.035 0.0046091 2 1
0.04 0.00526754 2 1
0.045 0.00592598 2 1
0.05 0.00658443 2 1
0.055 0.00724287 2 1
0.06 0.00790131 2 1
0.065 0.00855976 2 1
0.07 0.0092182 2 1
0.075 0.00987664 2 1
0.08 0.0105351 2 1
0.085 0.0111935 2 1
0.09 0.011852 2 1
0.095 0.0125104 2 1
0.1 0.0131689 2 1
0.105 0.0138273 2 1
0.11 0.0144857 2 1
0.115 0.0151442 2 1
0.12 0.0158026 2 1
0.125 0.0164611 2 1
0.13 0.0171195 2 1
0.135 0.017778 2 1
0.14 0.0184364 2 1
0.145 0.0190948 2 1
0.15 0.0197533 2 1
0.155 0.0204117 2 1
0.16 0.0210702 2 1
0.165 0.0217286 2 1
0.17 0.0223871 2 1
0.175 0.0230455 2 1
0.18 0.0237039 2 1
0.185 0.0243624 2 1
0.19 0.0250208 2 1
0.195 0.0256793 2 1
0.2 0.0263377 2 1
0.205 0.0269962 2 1
0.21 0.0276546 2 1
0.215 0.028313 2 1
0.22 0.0289715 2 1
0.225 0.0296299 2 1
0.23 0.0302884 2 1
0.235 0.0309468 2 1
0.24 0.0316053 2 1
0.245 0.0322637 2 1
0.25 0.0329221 2 1
0.255 0.0335806 2 1
0.26 0.034239 2 1
0.265 0.0348975 2 1
0.27 0.0355559 2 1
0.275 0.0362144 2 1
0.28 0.0368728 2 1
0.285 0.0375312 2 1
0.29 0.0381897 2 1
0.295 0.0388481 2 1
0.3 0.0395066 2 1
0.305 0.040165 2 1
0.31 0.0408235 2 1
0.315 0.0414819 2 1
0.32 0.0421403 2 1
0.325 0.0427988 2 1
0.33 0.0434572 2 1
0.335 0.0441157 2 1
0.34 0.0447741 2 1
0.345 0.0454325 2 1
0.35 0.046091 2 1
0.355 0.0467494 2 1
0.36 0.0474079 2 1
0.365 0.0480663 2 1
0.37 0.0487248 2 1
0.375 0.0493832 2 1
0.38 0.0500416 2 1
0.385 0.0507001 2 1
0.39 0.0513585 2 1
0.395 0.052017 2 1
0.4 0.0526754 2 1
0.405 0.0533339 2 1
0.41 0.0539923 2 1
0.415 0.0546507 2 1
0.42 0.0553092 2 1
0.425 0.0559676 2 1
0.43 0.0566261 2 1
0.435 0.0572845 2 1
0.44 0.057943 2 1
0.445 0.0586014 2 1
0.45 0.0592598 2 1
0.455 0.0599183 2 1
0.46 0.0605767 2 1
0.465 0.0612352 2 1
0.47 0.0618936 2 1
0.475 0.0625521 2 1
0.48 0.0632105 2 1
0.485 0.0638689 2 1
0.49 0.0645274 2 1
0.495 0.0651858 2 1
0.5 0.0658443 2 1
0.505 0.0665027 2 1
0.51 0.0671612 2 1
0.515 0.0678196 2 1
0.52 0.068478 2 1
0.525 0.0691365 2 1
0.53 0.0697949 2 1
0.535 0.0704534 2 1
0.54 0.0711118 2 1
0.545 0.0717703 2 1
0.55 0.0724287 2 1
0.555 0.0730871 2 1
0.56 0.0737456 2 1
0.565 0.074404 2 1
0.57 0.0750625 2 1
0.575 0.0757209 2 1
0.58 0.0763794 2 1
0.585 0.0770378 2 1
0.59 0.0776962 2 1
0.595 0.0783547 2 1
0.6 0.0790131 2 1
0.605 0.0796716 2 1
0.61 0.08033 2 1
0.615 0.0809885 2 1
0.62 0.0816469 2 1
0.625 0.0823053 2 1
0.63 0.0829638 2 1
0.635 0.0836222 2 1
0.64 0.0842807 2 1
0.645 0.0849391 2 1
0.65 0.0855976 2 1
0.655 0.086256 2 1
0.66 0.0869144 2 1
0.665 0.0875729 2 1
0.67 0.0882313 2 1
0.675 0.0888898 2 1
0.68 0.0895482 2 1
0.685 0.0902067 2 1
0.69 0.0908651 2 1
0.695 0.0915235 2 1
0.7 0.092182 2 1
0.705 0.0928404 2 1
0.71 0.0934989 2 1
0.715 0.0941573 2 1
0.72 0.0948158 2 1
0.725 0.0954742 2 1
0.73 0.0961326 2 1
0.735 0.0967911 2 1
0.74 0.0974495 2 1
0.745 0.098108 2 1
0.75 0.0987664 2 1
0.755 0.0994249 2 1
0.76 0.100083 2 1
0.765 0.100742 2 1
0.77 0.1014 2 1
0.775 0.102059 2 1
0.78 0.102717 2 1
0.785 0.103376 2 1
0.79 0.104034 2 1
0.795 0.104692 2 1
0.8 0.105351 2 1
0.805 0.106009 2 1
0.81 0.106668 2 1
0.815 0.107326 2 1
0.82 0.107985 2 1
0.825 0.108643 2 1
0.83 0.109301 2 1
0.835 0.10996 2 1
0.84 0.110618 2 1
0.845 0.111277 2 1
0.85 0.111935 2 1
0.855 0.112594 2 1
0.86 0.113252 2 1
0.865 0.113911 2 1
0.87 0.114569 2 1
0.875 0.115227 2 1
0.88 0.115886 2 1
0.885 0.116544 2 1
0.89 0.117203 2 1
0.895 0.117861 2 1
0.9 0.11852 2 1
0.905 0.119178 2 1
0.91 0.119837 2 1
0.915 0.120495 2 1
0.92 0.121153 2 1
0.925 0.121812 2 1
0.93 0.12247 2 1
0.935 0.123129 2 1
0.94 0.123787 2 1
0.945 0.124446 2 1
0.95 0.125104 2 1
0.955 0.125763 2 1
0.96 0.126421 2 1
0.965 0.127079 2 1
0.97 0.127738 2 1
0.975 0.128396 2 1
0.98 0.129055 2 1
0.985 0.129713 2 1
0.99 0.130372 2 1
0.995 0.13103 2 1
1 0.170301 2 1
1.005 0.172913 2 1
1.01 0.175524 2 1
1.015 0.178135 2 1
1.02 0.180746 2 1
1.025 0.183358 2 1
1.03 0.185969 2 1
1.035 0.18858 2 1
1.04 0.191192 2 1
1.045 0.193803 2 1
1.05 0.196414 2 1
1.055 0.199025 2 1
1.06 0.201637 2 1
1.065 0.204248 2 1
1.07 0.206859 2 1
1.075 0.20947 2 1
1.08 0.212082 2 1
1.085 0.214693 2 1
1.09 0.217304 2 1
1.095 0.219915 2 1
1.1 0.222527 2 1
1.105 0.225138 2 1
1.11 0.227749 2 1
1.115 0.23036 2 1
1.12 0.232972 2 1
1.125 0.235583 2 1
1.13 0.238194 2 1
1.135 0.240805 2 1
1.14 0.243417 2 1
1.145 0.246028 2 1
1.15 0.248639 2 1
1.155 0.251251 2 1
1.16 0.253862 2 1
1.165 0.256473 2 1
1.17 0.259084 2 1
1.175 0.261696 2 1
1.18 0.264307 2 1
1.185 0.266918 2 1
1.19 0.269529 2 1
1.195 0.272141 2 1
1.2 0.274752 2 1
1.205 0.277363 2 1
1.21 0.279974 2 1
1.215 0.282586 2 1
1.22 0.285197 2 1
1.225 0.287808 2 1
1.23 0.290419 2 1
1.235 0.293031 2 1
1.24 0.295642 2 1
1.245 0.298253 2 1
1.25 0.300864 2 1
1.255 0.303476 2 1
1.26 0.306087 2 1
1.265 0.308698 2 1
1.27 0.31131 2 1
1.275 0.313921 2 1
1.28 0.316532 2 1
1.285 0.319143 2 1
1.29 0.321755 2 1
1.295 0.324366 2 1
1.3 0.326977 2 1
1.305 0.329588 2 1
1.31 0.3322 2 1
1.315 0.334811 2 1
1.32 0.337422 2 1
1.325 0.340033 2 1
1.33 0.342645 2 1
1.335 0.345256 2 1
1.34 0.347867 2 1
1.345 0.350478 2 1
1.35 0.35309 2 1
1.355 0.355701 2 1
1.36 0.358312 2 1
1.365 0.360924 2 1
1.37 0.363535 2 1
1.375 0.366146 2 1
1.38 0.368757 2 1
1.385 0.371369 2 1
1.39 0.37398 2 1
1.395 0.376591 2 1
1.4 0.379202 2 1
1.405 0.381814 2 1
1.41 0.384425 2 1
1.415 0.387036 2 1
1.42 0.389647 2 1
1.425 0.392259 2 1
1.43 0.39487 2 1
1.435 0.397481 2 1
1.44 0.400092 2 1
1.445 0.402704 2 1
1.45 0.405315 2 1
1.455 0.407926 2 1
1.46 0.410537 2 1
1.465 0.413149 2 1
1.47 0.41576 2 1
1.475 0.418371 2 1
1.48 0.420983 2 1
1.485 0.423594 2 1
1.49 0.426205 2 1
1.495 0.428816 2 1
1.5 0.431428 2 1
1.505 0.434039 2 1
1.51 0.43665 2 1
1.515 0.439261 2 1
1.52 0.441873 2 1
1.525 0.444484 2 1
1.53 0.447095 2 1
1.535 0.449706 2 1
1.54 0.452318 2 1
1.545 0.454929 2 1
1.55 0.45754 2 1
1.555 0.460151 2 1
1.56 0.462763 2 1
1.565 0.465374 2 1
1.57 0.467985 2 1
1.575 0.470597 2 1
1.58 0.473208 2 1
1.585 0.475819 2 1
1.59 0.47843 2 1
1.595 0.481042 2 1
1.6 0.483653 2 1
1.605 0.486264 2 1
1.61 0.488875 2 1
1.615 0.491487 2 1
1.62 0.494098 2 1
1.625 0.496709 2 1
1.63 0.49932 2 1
1.635 0.501932 2 1
1.64 0.504543 2 1
1.645 0.507154 2 1
1.65 0.509765 2 1
1.655 0.512377 2 1
1.66 0.514988 2 1
1.665 0.517599 2 1
1.67 0.52021 2 1
1.675 0.522822 2 1
1.68 0.525433 2 1
1.685 0.528044 2 1
1.69 0.530656 2 1
1.695 0.533267 2 1
1.7 0.535878 2 1
1.705 0.538489 2 1
1.71 0.541101 2 1
1.715 0.543712 2 1
1.72 0.546323 2 1
1.725 0.548934 2 1
1.73 0.551546 2 1
1.735 0.554157 2 1
1.74 0.556768 2 1
1.745 0.559379 2 1
1.75 0.561991 2 1
1.755 0.564602 2 1
1.76 0.567213 2 1
1.765 0.569824 2 1
1.77 0.572436 2 1
1.775 0.575047 2 1
1.78 0.577658 2 1
1.785 0.58027 2 1
1.79 0.582881 2 1
1.795 0.585492 2 1
1.8 0.588103 2 1
1.805 0.590715 2 1
1.81 0.593326 2 1
1.815 0.595937 2 1
1.82 0.598548 2 1
1.825 0.60116 2 1
1.83 0.603771 2 1
1.835 0.606382 2 1
1.84 0.608993 2 1
1.845 0.611605 2 1
1.85 0.614216 2 1
1.855 0.616827 2 1
1.86 0.619438 2 1
1.865 0.62205 2 1
1.87 0.624661 2 1
1.875 0.627272 2 1
1.88 0.629883 2 1
1.885 0.632495 2 1
1.89 0.635106 2 1
1.895 0.637717 2 1
1.9 0.640329 2 1
1.905 0.64294 2 1
1.91 0.645551 2 1
1.915 0.648162 2 1
1.92 0.650774 2 1
1.925 0.653385 2 1
1.93 0.655996 2 1
1.935 0.658607 2 1
1.94 0.661219 2 1
1.945 0.66383 2 1
1.95 0.666441 2 1
1.955 0.669052 2 1
1.96 0.671664 2 1
1.965 0.674275 2 1
1.97 0.676886 2 1
1.975 0.679497 2 1
1.98 0.682109 2 1
1.985 0.68472 2 1
1.99 0.687331 2 1
1.995 0.689942 2 1
2 0.692554 2 1
2.005 0.695165 2 1
2.01 0.697776 2 1
2.015 0.700388 2 1
2.02 0.702999 2 1
2.025 0.70561 2 1
2.03 0.708221 2 1
2.035 0.710833 2 1
2.04 0.713444 2 1
2.045 0.716055 2 1
2.05 0.718666 2 1
2.055 0.721278 2 1
2.06 0.723889 2 1
2.065 0.7265 2 1
2.07 0.729111 2 1
2.075 0.731723 2 1
2.08 0.734334 2 1
2.085 0.736945 2 1
2.09 0.739556 2 1
2.095 0.742168 2 1
2.1 0.744779 2 1
2.105 0.74739 2 1
2.11 0.750002 2 1
2.115 0.752613 2 1
2.12 0.755224 2 1
2.125 0.757835 2 1
2.13 0.760447 2 1
2.135 0.763058 2 1
2.14 0.765669 2 1
2.145 0.76828 2 1
2.15 0.770892 2 1
2.155 0.773503 2 1
2.16 0.776114 2 1
2.165 0.778725 2 1
2.17 0.781337 2 1
2.175 0.783948 2 1
2.18 0.786559 2 1
2.185 0.78917 2 1
2.19 0.791782 2 1
2.195 0.794393 2 1
2.2 0.797004 2 1
2.205 0.799615 2 1
2.21 0.802227 2 1
2.215 0.804838 2 1
2.22 0.807449 2 1
2.225 0.810061 2 1
2.23 0.812672 2 1
2.235 0.815283 2 1
2.24 0.817894 2 1
2.245 0.820506 2 1
2.25 0.823117 2 1
2.255 0.825728 2 1
2.26 0.828339 2 1
2.265 0.830951 2 1
2.27 0.833562 2 1
2.275 0.836173 2 1
2.28 0.838784 2 1
2.285 0.841396 2 1
2.29 0.844007 2 1
2.295 0.846618 2 1
2.3 0.849229 2 1
2.305 0.851841 2 1
2.31 0.854452 2 1
2.315 0.857063 2 1
2.32 0.859675 2 1
2.325 0.862286 2 1
2.33 0.864897 2 1
2.335 0.867508 2 1
2.34 0.87012 2 1
2.345 0.872731 2 1
2.35 0.875342 2 1
2.355 0.877953 2 1
2.36 0.880565 2 1
2.365 0.883176 2 1
2.37 0.885787 2 1
2.375 0.888398 2 1
2.38 0.89101 2 1
2.385 0.893621 2 1
2.39 0.896232 2 1
2.395 0.898843 2 1
2.4 0.901455 2 1
2.405 0.904066 2 1
2.41 0.906677 2 1
2.415 0.909288 2 1
2.42 0.9119 2 1
2.425 0.914511 2 1
2.43 0.917122 2 1
2.435 0.919734 2 1
2.44 0.922345 2 1
2.445 0.924956 2 1
2.45 0.927567 2 1
2.455 0.930179 2 1
2.46 0.93279 2 1
2.465 0.935401 2 1
2.47 0.938012 2 1
2.475 0.940624 2 1
2.48 0.943235 2 1
2.485 0.945846 2 1
2.49 0.948457 2 1
2.495 0.951069 2 1
2.5 0.95368 2 1
2.505 0.956291 2 1
2.51 0.958902 2 1
2.515 0.961514 2 1
2.52 0.964125 2 1
2.525 0.966736 2 1
2.53 0.969348 2 1
2.535 0.971959 2 1
2.54 0.97457 2 1
2.545 0.977181 2 1
2.55 0.979793 2 1
2.555 0.982404 2 1
2.56 0.985015 2 1
2.565 0.987626 2 1
2.57 0.990238 2 1
2.575 0.992849 2 1
2.58 0.99546 2 1
2.585 0.998071 2 1
