0 0 1 1
0.005 0.00195282 1 1
0.01 0.00390564 1 1
0.015 0.00585846 1 1
0.02 0.00781128 1 1
0.025 0.0097641 1 1
0.03 0.0117169 1 1
0.035 0.0136697 1 1
0.04 0.0156226 1 1
0.045 0.0175754 1 1
0.05 0.0195282 1 1
0.055 0.021481 1 1
0.06 0.0234338 1 1
0.065 0.0253866 1 1
0.07 0.0273395 1 1
0.075 0.0292923 1 1
0.08 0.0312451 1 1
0.085 0.0331979 1 1
0.09 0.0351507 1 1
0.095 0.0371036 1 1
0.1 0.0390564 1 1
0.105 0.0410092 1 1
0.11 0.042962 1 1
0.115 0.0449148 1 1
0.12 0.0468677 1 1
0.125 0.0488205 1 1
0.13 0.0507733 1 1
0.135 0.0527261 1 1
0.14 0.0546789 1 1
0.145 0.0566318 1 1
0.15 0.0585846 1 1
0.155 0.0605374 1 1
0.16 0.0624902 1 1
0.165 0.064443 1 1
0.17 0.0663958 1 1
0.175 0.0683487 1 1
0.18 0.0703015 1 1
0.185 0.0722543 1 1
0.19 0.0742071 1 1
0.195 0.0761599 1 1
0.2 0.0781128 1 1
0.205 0.0800656 1 1
0.21 0.0820184 1 1
0.215 0.0839712 1 1
0.22 0.085924 1 1
0.225 0.0878769 1 1
0.23 0.0898297 1 1
0.235 0.0917825 1 1
0.24 0.0937353 1 1
0.245 0.0956881 1 1
0.25 0.097641 1 1
0.255 0.0995938 1 1
0.26 0.101547 1 1
0.265 0.103499 1 1
0.27 0.105452 1 1
0.275 0.107405 1 1
0.28 0.109358 1 1
0.285 0.111311 1 1
0.29 0.113264 1 1
0.295 0.115216 1 1
0.3 0.117169 1 1
0.305 0.119122 1 1
0.31 0.121075 1 1
0.315 0.123028 1 1
0.32 0.12498 1 1
0.325 0.126933 1 1
0.33 0.128886 1 1
0.335 0.130839 1 1
0.34 0.132792 1 1
0.345 0.134745 1 1
0.35 0.136697 1 1
0.355 0.13865 1 1
0.36 0.140603 1 1
0.365 0.142556 1 1
0.37 0.144509 1 1
0.375 0.146461 1 1
0.38 0.148414 1 1
0.385 0.150367 1 1
0.39 0.15232 1 1
0.395 0.154273 1 1
0.4 0.156226 1 1
0.405 0.158178 1 1
0.41 0.160131 1 1
0.415 0.162084 1 1
0.42 0.164037 1 1
0.425 0.16599 1 1
0.43 0.167942 1 1
0.435 0.169895 1 1
0.44 0.171848 1 1
0.445 0.173801 1 1
0.45 0.175754 1 1
0.455 0.177707 1 1
0.46 0.179659 1 1
0.465 0.181612 1 1
0.47 0.183565 1 1
0.475 0.185518 1 1
0.48 0.187471 1 1
0.485 0.189423 1 1
0.49 0.191376 1 1
0.495 0.193329 1 1
0.5 0.195282 1 1
0.505 0.197235 1 1
0.51 0.199188 1 1
0.515 0.20114 1 1
0.52 0.203093 1 1
0.525 0.205046 1 1
0.53 0.206999 1 1
0.535 0.208952 1 1
0.54 0.210904 1 1
0.545 0.212857 1 1
0.55 0.21481 1 1
0.555 0.216763 1 1
0.56 0.218716 1 1
0.565 0.220669 1 1
0.57 0.222621 1 1
0.575 0.224574 1 1
0.58 0.226527 1 1
0.585 0.22848 1 1
0.59 0.230433 1 1
0.595 0.232385 1 1
0.6 0.234338 1 1
0.605 0.236291 1 1
0.61 0.238244 1 1
0.615 0.240197 1 1
0.62 0.24215 1 1
0.625 0.244102 1 1
0.63 0.246055 1 1
0.635 0.248008 1 1
0.64 0.249961 1 1
0.645 0.251914 1 1
0.65 0.253866 1 1
0.655 0.255819 1 1
0.66 0.257772 1 1
0.665 0.259725 1 1
0.67 0.261678 1 1
0.675 0.263631 1 1
0.68 0.265583 1 1
0.685 0.267536 1 1
0.69 0.269489 1 1
0.695 0.271442 1 1
0.7 0.273395 1 1
0.705 0.275347 1 1
0.71 0.2773 1 1
0.715 0.279253 1 1
0.72 0.281206 1 1
0.725 0.283159 1 1
0.73 0.285112 1 1
0.735 0.287064 1 1
0.74 0.289017 1 1
0.745 0.29097 1 1
0.75 0.292923 1 1
0.755 0.294876 1 1
0.76 0.296828 1 1
0.765 0.298781 1 1
0.77 0.300734 1 1
0.775 0.302687 1 1
0.78 0.30464 1 1
0.785 0.306593 1 1
0.79 0.308545 1 1
0.795 0.310498 1 1
0.8 0.312451 1 1
0.805 0.314404 1 1
0.81 0.316357 1 1
0.815 0.318309 1 1
0.82 0.320262 1 1
0.825 0.322215 1 1
0.83 0.324168 1 1
0.835 0.326121 1 1
0.84 0.328074 1 1
0.845 0.330026 1 1
0.85 0.331979 1 1
0.855 0.333932 1 1
0.86 0.335885 1 1
0.865 0.337838 1 1
0.87 0.339791 1 1
0.875 0.341743 1 1
0.88 0.343696 1 1
0.885 0.345649 1 1
0.89 0.347602 1 1
0.895 0.349555 1 1
0.9 0.351507 1 1
0.905 0.35346 1 1
0.91 0.355413 1 1
0.915 0.357366 1 1
0.92 0.359319 1 1
0.925 0.361272 1 1
0.93 0.363224 1 1
0.935 0.365177 1 1
0.94 0.36713 1 1
0.945 0.369083 1 1
0.95 0.371036 1 1
0.955 0.372988 1 1
0.96 0.374941 1 1
0.965 0.376894 1 1
0.97 0.378847 1 1
0.975 0.3808 1 1
0.98 0.382753 1 1
0.985 0.384705 1 1
0.99 0.386658 1 1
0.995 0.388611 1 1
1 0.351951 1 1
1.005 0.351951 1 1
1.01 0.351951 1 1
1.015 0.351951 1 1
1.02 0.351951 1 1
1.025 0.351951 1 1
1.03 0.351951 1 1
1.035 0.351951 1 1
1.04 0.351951 1 1
1.045 0.351951 1 1
1.05 0.351951 1 1
1.055 0.351951 1 1
1.06 0.351951 1 1
1.065 0.351951 1 1
1.07 0.351951 1 1
1.075 0.351951 1 1
1.08 0.351951 1 1
1.085 0.351951 1 1
1.09 0.351951 1 1
1.095 0.351951 1 1
1.1 0.351951 1 1
1.105 0.351951 1 1
1.11 0.351951 1 1
1.115 0.351951 1 1
1.12 0.351951 1 1
1.125 0.351951 1 1
1.13 0.351951 1 1
1.135 0.351951 1 1
1.14 0.351951 1 1
1.145 0.351951 1 1
1.15 0.351951 1 1
1.155 0.351951 1 1
1.16 0.351951 1 1
1.165 0.351951 1 1
1.17 0.351951 1 1
1.175 0.351951 1 1
1.18 0.351951 1 1
1.185 0.351951 1 1
1.19 0.351951 1 1
1.195 0.351951 1 1
1.2 0.351951 1 1
1.205 0.351951 1 1
1.21 0.351951 1 1
1.215 0.351951 1 1
1.22 0.351951 1 1
1.225 0.351951 1 1
1.23 0.351951 1 1
1.235 0.351951 1 1
1.24 0.351951 1 1
1.245 0.351951 1 1
1.25 0.351951 1 1
1.255 0.351951 1 1
1.26 0.351951 1 1
1.265 0.351951 1 1
1.27 0.351951 1 1
1.275 0.351951 1 1
1.28 0.351951 1 1
1.285 0.351951 1 1
1.29 0.351951 1 1
1.295 0.351951 1 1
1.3 0.351951 1 1
1.305 0.351951 1 1
1.31 0.351951 1 1
1.315 0.351951 1 1
1.32 0.351951 1 1
1.325 0.351951 1 1
1.33 0.351951 1 1
1.335 0.351951 1 1
1.34 0.351951 1 1
1.345 0.351951 1 1
1.35 0.351951 1 1
1.355 0.351951 1 1
1.36 0.351951 1 1
1.365 0.351951 1 1
1.37 0.351951 1 1
1.375 0.351951 1 1
1.38 0.351951 1 1
1.385 0.351951 1 1
1.39 0.351951 1 1
1.395 0.351951 1 1
1.4 0.351951 1 1
1.405 0.351951 1 1
1.41 0.351951 1 1
1.415 0.351951 1 1
1.42 0.351951 1 1
1.425 0.351951 1 1
1.43 0.351951 1 1
1.435 0.351951 1 1
1.44 0.351951 1 1
1.445 0.351951 1 1
1.45 0.351951 1 1
1.455 0.351951 1 1
1.46 0.351951 1 1
1.465 0.351951 1 1
1.47 0.351951 1 1
1.475 0.351951 1 1
1.48 0.351951 1 1
1.485 0.351951 1 1
1.49 0.351951 1 1
1.495 0.351951 1 1
1.5 0.351951 1 1
1.505 0.351951 1 1
1.51 0.351951 1 1
1.515 0.351951 1 1
1.52 0.351951 1 1
1.525 0.351951 1 1
1.53 0.351951 1 1
1.535 0.351951 1 1
1.54 0.351951 1 1
1.545 0.351951 1 1
1.55 0.351951 1 1
1.555 0.351951 1 1
1.56 0.351951 1 1
1.565 0.351951 1 1
1.57 0.351951 1 1
1.575 0.351951 1 1
1.58 0.351951 1 1
1.585 0.351951 1 1
1.59 0.351951 1 1
1.595 0.351951 1 1
1.6 0.351951 1 1
1.605 0.351951 1 1
1.61 0.351951 1 1
1.615 0.351951 1 1
1.62 0.351951 1 1
1.625 0.351951 1 1
1.63 0.351951 1 1
1.635 0.351951 1 1
1.64 0.351951 1 1
1.645 0.351951 1 1
1.65 0.351951 1 1
1.655 0.351951 1 1
1.66 0.351951 1 1
1.665 0.351951 1 1
1.67 0.351951 1 1
1.675 0.351951 1 1
1.68 0.351951 1 1
1.685 0.351951 1 1
1.69 0.351951 1 1
1.695 0.351951 1 1
1.7 0.351951 1 1
1.705 0.351951 1 1
1.71 0.351951 1 1
1.715 0.351951 1 1
1.72 0.351951 1 1
1.725 0.351951 1 1
1.73 0.351951 1 1
1.735 0.351951 1 1
1.74 0.351951 1 1
1.745 0.351951 1 1
1.75 0.351951 1 1
1.755 0.351951 1 1
1.76 0.351951 1 1
1.765 0.351951 1 1
1.77 0.351951 1 1
1.775 0.351951 1 1
1.78 0.351951 1 1
1.785 0.351951 1 1
1.79 0.351951 1 1
1.795 0.351951 1 1
1.8 0.351951 1 1
1.805 0.351951 1 1
1.81 0.351951 1 1
1.815 0.351951 1 1
1.82 0.351951 1 1
1.825 0.351951 1 1
1.83 0.351951 1 1
1.835 0.351951 1 1
1.84 0.351951 1 1
1.845 0.351951 1 1
1.85 0.351951 1 1
1.855 0.351951 1 1
1.86 0.351951 1 1
1.865 0.351951 1 1
1.87 0.351951 1 1
1.875 0.351951 1 1
1.88 0.351951 1 1
1.885 0.351951 1 1
1.89 0.351951 1 1
1.895 0.351951 1 1
1.9 0.351951 1 1
1.905 0.351951 1 1
1.91 0.351951 1 1
1.915 0.351951 1 1
1.92 0.351951 1 1
1.925 0.351951 1 1
1.93 0.351951 1 1
1.935 0.351951 1 1
1.94 0.351951 1 1
1.945 0.351951 1 1
1.95 0.351951 1 1
1.955 0.351951 1 1
1.96 0.351951 1 1
1.965 0.351951 1 1
1.97 0.351951 1 1
1.975 0.351951 1 1
1.98 0.351951 1 1
1.985 0.351951 1 1
1.99 0.351951 1 1
1.995 0.351951 1 1
2 0.351951 1 1
2.005 0.351951 1 1
2.01 0.351951 1 1
2.015 0.351951 1 1
2.02 0.351951 1 1
2.025 0.351951 1 1
2.03 0.351951 1 1
2.035 0.351951 1 1
2.04 0.351951 1 1
2.045 0.351951 1 1
2.05 0.351951 1 1
2.055 0.351951 1 1
2.06 0.351951 1 1
2.065 0.351951 1 1
2.07 0.351951 1 1
2.075 0.351951 1 1
2.08 0.351951 1 1
2.085 0.351951 1 1
2.09 0.351951 1 1
2.095 0.351951 1 1
2.1 0.351951 1 1
2.105 0.351951 1 1
2.11 0.351951 1 1
2.115 0.351951 1 1
2.12 0.351951 1 1
2.125 0.351951 1 1
2.13 0.351951 1 1
2.135 0.351951 1 1
2.14 0.351951 1 1
2.145 0.351951 1 1
2.15 0.351951 1 1
2.155 0.351951 1 1
2.16 0.351951 1 1
2.165 0.351951 1 1
2.17 0.351951 1 1
2.175 0.351951 1 1
2.18 0.351951 1 1
2.185 0.351951 1 1
2.19 0.351951 1 1
2.195 0.351951 1 1
2.2 0.351951 1 1
2.205 0.351951 1 1
2.21 0.351951 1 1
2.215 0.351951 1 1
2.22 0.351951 1 1
2.225 0.351951 1 1
2.23 0.351951 1 1
2.235 0.351951 1 1
2.24 0.351951 1 1
2.245 0.351951 1 1
2.25 0.351951 1 1
2.255 0.351951 1 1
2.26 0.351951 1 1
2.265 0.351951 1 1
2.27 0.351951 1 1
2.275 0.351951 1 1
2.28 0.351951 1 1
2.285 0.351951 1 1
2.29 0.351951 1 1
2.295 0.351951 1 1
2.3 0.351951 1 1
2.305 0.351951 1 1
2.31 0.351951 1 1
2.315 0.351951 1 1
2.32 0.351951 1 1
2.325 0.351951 1 1
2.33 0.351951 1 1
2.335 0.351951 1 1
2.34 0.351951 1 1
2.345 0.351951 1 1
2.35 0.351951 1 1
2.355 0.351951 1 1
2.36 0.351951 1 1
2.365 0.351951 1 1
2.37 0.351951 1 1
2.375 0.351951 1 1
2.38 0.351951 1 1
2.385 0.351951 1 1
2.39 0.351951 1 1
2.395 0.351951 1 1
2.4 0.351951 1 1
2.405 0.351951 1 1
2.41 0.351951 1 1
2.415 0.351951 1 1
2.42 0.351951 1 1
2.425 0.351951 1 1
2.43 0.351951 1 1
2.435 0.351951 1 1
2.44 0.351951 1 1
2.445 0.351951 1 1
2.45 0.351951 1 1
2.455 0.351951 1 1
2.46 0.351951 1 1
2.465 0.351951 1 1
2.47 0.351951 1 1
2.475 0.351951 1 1
2.48 0.351951 1 1
2.485 0.351951 1 1
2.49 0.351951 1 1
2.495 0.351951 1 1
2.5 0.351951 1 1
2.505 0.351951 1 1
2.51 0.351951 1 1
2.515 0.351951 1 1
2.52 0.351951 1 1
2.525 0.351951 1 1
2.53 0.351951 1 1
2.535 0.351951 1 1
2.54 0.351951 1 1
2.545 0.351951 1 1
2.55 0.351951 1 1
2.555 0.351951 1 1
2.56 0.351951 1 1
2.565 0.351951 1 1
2.57 0.351951 1 1
2.575 0.351951 1 1
2.58 0.351951 1 1
2.585 0.351951 1 1
