0 0 1 0
0.005 0.00195282 1 0
0.01 0.00390564 1 0
0.015 0.00585846 1 0
0.02 0.00781128 1 0
0.025 0.0097641 1 0
0.03 0.0117169 1 0
0.035 0.0136697 1 0
0.04 0.0156226 1 0
0.045 0.0175754 1 0
0.05 0.0195282 1 0
0.055 0.021481 1 0
0.06 0.0234338 1 0
0.065 0.0253866 1 0
0.07 0.0273395 1 0
0.075 0.0292923 1 0
0.08 0.0312451 1 0
0.085 0.0331979 1 0
0.09 0.0351507 1 0
0.095 0.0371036 1 0
0.1 0.0390564 1 0
0.105 0.0410092 1 0
0.11 0.042962 1 0
0.115 0.0449148 1 0
0.12 0.0468677 1 0
0.125 0.0488205 1 0
0.13 0.0507733 1 0
0.135 0.0527261 1 0
0.14 0.0546789 1 0
0.145 0.0566318 1 0
0.15 0.0585846 1 0
0.155 0.0605374 1 0
0.16 0.0624902 1 0
0.165 0.064443 1 0
0.17 0.0663958 1 0
0.175 0.0683487 1 0
0.18 0.0703015 1 0
0.185 0.0722543 1 0
0.19 0.0742071 1 0
0.195 0.0761599 1 0
0.2 0.0781128 1 0
0.205 0.0800656 1 0
0.21 0.0820184 1 0
0.215 0.0839712 1 0
0.22 0.085924 1 0
0.225 0.0878769 1 0
0.23 0.0898297 1 0
0.235 0.0917825 1 0
0.24 0.0937353 1 0
0.245 0.0956881 1 0
0.25 0.097641 1 0
0.255 0.0995938 1 0
0.26 0.101547 1 0
0.265 0.103499 1 0
0.27 0.105452 1 0
0.275 0.107405 1 0
0.28 0.109358 1 0
0.285 0.111311 1 0
0.29 0.113264 1 0
0.295 0.115216 1 0
0.3 0.117169 1 0
0.305 0.119122 1 0
0.31 0.121075 1 0
0.315 0.123028 1 0
0.32 0.12498 1 0
0.325 0.126933 1 0
0.33 0.128886 1 0
0.335 0.130839 1 0
0.34 0.132792 1 0
0.345 0.134745 1 0
0.35 0.136697 1 0
0.355 0.13865 1 0
0.36 0.140603 1 0
0.365 0.142556 1 0
0.37 0.144509 1 0
0.375 0.146461 1 0
0.38 0.148414 1 0
0.385 0.150367 1 0
0.39 0.15232 1 0
0.395 0.154273 1 0
0.4 0.156226 1 0
0.405 0.158178 1 0
0.41 0.160131 1 0
0.415 0.162084 1 0
0.42 0.164037 1 0
0.425 0.16599 1 0
0.43 0.167942 1 0
0.435 0.169895 1 0
0.44 0.171848 1 0
0.445 0.173801 1 0
0.45 0.175754 1 0
0.455 0.177707 1 0
0.46 0.179659 1 0
0.465 0.181612 1 0
0.47 0.183565 1 0
0.475 0.185518 1 0
0.48 0.187471 1 0
0.485 0.189423 1 0
0.49 0.191376 1 0
0.495 0.193329 1 0
0.5 0.195282 1 0
0.505 0.197235 1 0
0.51 0.199188 1 0
0.515 0.20114 1 0
0.52 0.203093 1 0
0.525 0.205046 1 0
0.53 0.206999 1 0
0.535 0.208952 1 0
0.54 0.210904 1 0
0.545 0.212857 1 0
0.55 0.21481 1 0
0.555 0.216763 1 0
0.56 0.218716 1 0
0.565 0.220669 1 0
0.57 0.222621 1 0
0.575 0.224574 1 0
0.58 0.226527 1 0
0.585 0.22848 1 0
0.59 0.230433 1 0
0.595 0.232385 1 0
0.6 0.234338 1 0
0.605 0.236291 1 0
0.61 0.238244 1 0
0.615 0.240197 1 0
0.62 0.24215 1 0
0.625 0.244102 1 0
0.63 0.246055 1 0
0.635 0.248008 1 0
0.64 0.249961 1 0
0.645 0.251914 1 0
0.65 0.253866 1 0
0.655 0.255819 1 0
0.66 0.257772 1 0
0.665 0.259725 1 0
0.67 0.261678 1 0
0.675 0.263631 1 0
0.68 0.265583 1 0
0.685 0.267536 1 0
0.69 0.269489 1 0
0.695 0.271442 1 0
0.7 0.273395 1 0
0.705 0.275347 1 0
0.71 0.2773 1 0
0.715 0.279253 1 0
0.72 0.281206 1 0
0.725 0.283159 1 0
0.73 0.285112 1 0
0.735 0.287064 1 0
0.74 0.289017 1 0
0.745 0.29097 1 0
0.75 0.292923 1 0
0.755 0.294876 1 0
0.76 0.296828 1 0
0.765 0.298781 1 0
0.77 0.300734 1 0
0.775 0.302687 1 0
0.78 0.30464 1 0
0.785 0.306593 1 0
0.79 0.308545 1 0
0.795 0.310498 1 0
0.8 0.312451 1 0
0.805 0.314404 1 0
0.81 0.316357 1 0
0.815 0.318309 1 0
0.82 0.320262 1 0
0.825 0.322215 1 0
0.83 0.324168 1 0
0.835 0.326121 1 0
0.84 0.328074 1 0
0.845 0.330026 1 0
0.85 0.331979 1 0
0.855 0.333932 1 0
0.86 0.335885 1 0
0.865 0.337838 1 0
0.87 0.339791 1 0
0.875 0.341743 1 0
0.88 0.343696 1 0
0.885 0.345649 1 0
0.89 0.347602 1 0
0.895 0.349555 1 0
0.9 0.351507 1 0
0.905 0.35346 1 0
0.91 0.355413 1 0
0.915 0.357366 1 0
0.92 0.359319 1 0
0.925 0.361272 1 0
0.93 0.363224 1 0
0.935 0.365177 1 0
0.94 0.36713 1 0
0.945 0.369083 1 0
0.95 0.371036 1 0
0.955 0.372988 1 0
0.96 0.374941 1 0
0.965 0.376894 1 0
0.97 0.378847 1 0
0.975 0.3808 1 0
0.98 0.382753 1 0
0.985 0.384705 1 0
0.99 0.386658 1 0
0.995 0.388611 1 0
1 0.351951 1 0
1.005 0.351951 1 0
1.01 0.351951 1 0
1.015 0.351951 1 0
1.02 0.351951 1 0
1.025 0.351951 1 0
1.03 0.351951 1 0
1.035 0.351951 1 0
1.04 0.351951 1 0
1.045 0.351951 1 0
1.05 0.351951 1 0
1.055 0.351951 1 0
1.06 0.351951 1 0
1.065 0.351951 1 0
1.07 0.351951 1 0
1.075 0.351951 1 0
1.08 0.351951 1 0
1.085 0.351951 1 0
1.09 0.351951 1 0
1.095 0.351951 1 0
1.1 0.351951 1 0
1.105 0.351951 1 0
1.11 0.351951 1 0
1.115 0.351951 1 0
1.12 0.351951 1 0
1.125 0.351951 1 0
1.13 0.351951 1 0
1.135 0.351951 1 0
1.14 0.351951 1 0
1.145 0.351951 1 0
1.15 0.351951 1 0
1.155 0.351951 1 0
1.16 0.351951 1 0
1.165 0.351951 1 0
1.17 0.351951 1 0
1.175 0.351951 1 0
1.18 0.351951 1 0
1.185 0.351951 1 0
1.19 0.351951 1 0
1.195 0.351951 1 0
1.2 0.351951 1 0
1.205 0.351951 1 0
1.21 0.351951 1 0
1.215 0.351951 1 0
1.22 0.351951 1 0
1.225 0.351951 1 0
1.23 0.351951 1 0
1.235 0.351951 1 0
1.24 0.351951 1 0
1.245 0.351951 1 0
1.25 0.351951 1 0
1.255 0.351951 1 0
1.26 0.351951 1 0
1.265 0.351951 1 0
1.27 0.351951 1 0
1.275 0.351951 1 0
1.28 0.351951 1 0
1.285 0.351951 1 0
1.29 0.351951 1 0
1.295 0.351951 1 0
1.3 0.351951 1 0
1.305 0.351951 1 0
1.31 0.351951 1 0
1.315 0.351951 1 0
1.32 0.351951 1 0
1.325 0.351951 1 0
1.33 0.351951 1 0
1.335 0.351951 1 0
1.34 0.351951 1 0
1.345 0.351951 1 0
1.35 0.351951 1 0
1.355 0.351951 1 0
1.36 0.351951 1 0
1.365 0.351951 1 0
1.37 0.351951 1 0
1.375 0.351951 1 0
1.38 0.351951 1 0
1.385 0.351951 1 0
1.39 0.351951 1 0
1.395 0.351951 1 0
1.4 0.351951 1 0
1.405 0.351951 1 0
1.41 0.351951 1 0
1.415 0.351951 1 0
1.42 0.351951 1 0
1.425 0.351951 1 0
1.43 0.351951 1 0
1.435 0.351951 1 0
1.44 0.351951 1 0
1.445 0.351951 1 0
1.45 0.351951 1 0
1.455 0.351951 1 0
1.46 0.351951 1 0
1.465 0.351951 1 0
1.47 0.351951 1 0
1.475 0.351951 1 0
1.48 0.351951 1 0
1.485 0.351951 1 0
1.49 0.351951 1 0
1.495 0.351951 1 0
1.5 0.351951 1 0
1.505 0.351951 1 0
1.51 0.351951 1 0
1.515 0.351951 1 0
1.52 0.351951 1 0
1.525 0.351951 1 0
1.53 0.351951 1 0
1.535 0.351951 1 0
1.54 0.351951 1 0
1.545 0.351951 1 0
1.55 0.351951 1 0
1.555 0.351951 1 0
1.56 0.351951 1 0
1.565 0.351951 1 0
1.57 0.351951 1 0
1.575 0.351951 1 0
1.58 0.351951 1 0
1.585 0.351951 1 0
1.59 0.351951 1 0
1.595 0.351951 1 0
1.6 0.351951 1 0
1.605 0.351951 1 0
