0 0 2 0
0.005 0.000599208 2 0
0.01 0.00119842 2 0
0.015 0.00179762 2 0
0.02 0.00239683 2 0
0.025 0.00299604 2 0
0.03 0.00359525 2 0
0.035 0.00419446 2 0
0.04 0.00479366 2 0
0.045 0.00539287 2 0
0.05 0.00599208 2 0
0.055 0.00659129 2 0
0.06 0.0071905 2 0
0.065 0.0077897 2 0
0.07 0.00838891 2 0
0.075 0.00898812 2 0
0.08 0.00958733 2 0
0.085 0.0101865 2 0
0.09 0.0107857 2 0
0.095 0.011385 2 0
0.1 0.0119842 2 0
0.105 0.0125834 2 0
0.11 0.0131826 2 0
0.115 0.0137818 2 0
0.12 0.014381 2 0
0.125 0.0149802 2 0
0.13 0.0155794 2 0
0.135 0.0161786 2 0
0.14 0.0167778 2 0
0.145 0.017377 2 0
0.15 0.0179762 2 0
0.155 0.0185754 2 0
0.16 0.0191747 2 0
0.165 0.0197739 2 0
0.17 0.0203731 2 0
0.175 0.0209723 2 0
0.18 0.0215715 2 0
0.185 0.0221707 2 0
0.19 0.0227699 2 0
0.195 0.0233691 2 0
0.2 0.0239683 2 0
0.205 0.0245675 2 0
0.21 0.0251667 2 0
0.215 0.0257659 2 0
0.22 0.0263652 2 0
0.225 0.0269644 2 0
0.23 0.0275636 2 0
0.235 0.0281628 2 0
0.24 0.028762 2 0
0.245 0.0293612 2 0
0.25 0.0299604 2 0
0.255 0.0305596 2 0
0.26 0.0311588 2 0
0.265 0.031758 2 0
0.27 0.0323572 2 0
0.275 0.0329564 2 0
0.28 0.0335556 2 0
0.285 0.0341549 2 0
0.29 0.0347541 2 0
0.295 0.0353533 2 0
0.3 0.0359525 2 0
0.305 0.0365517 2 0
0.31 0.0371509 2 0
0.315 0.0377501 2 0
0.32 0.0383493 2 0
0.325 0.0389485 2 0
0.33 0.0395477 2 0
0.335 0.0401469 2 0
0.34 0.0407461 2 0
0.345 0.0413454 2 0
0.35 0.0419446 2 0
0.355 0.0425438 2 0
0.36 0.043143 2 0
0.365 0.0437422 2 0
0.37 0.0443414 2 0
0.375 0.0449406 2 0
0.38 0.0455398 2 0
0.385 0.046139 2 0
0.39 0.0467382 2 0
0.395 0.0473374 2 0
0.4 0.0479366 2 0
0.405 0.0485359 2 0
0.41 0.0491351 2 0
0.415 0.0497343 2 0
0.42 0.0503335 2 0
0.425 0.0509327 2 0
0.43 0.0515319 2 0
0.435 0.0521311 2 0
0.44 0.0527303 2 0
0.445 0.0533295 2 0
0.45 0.0539287 2 0
0.455 0.0545279 2 0
0.46 0.0551271 2 0
0.465 0.0557263 2 0
0.47 0.0563256 2 0
0.475 0.0569248 2 0
0.48 0.057524 2 0
0.485 0.0581232 2 0
0.49 0.0587224 2 0
0.495 0.0593216 2 0
0.5 0.0599208 2 0
0.505 0.06052 2 0
0.51 0.0611192 2 0
0.515 0.0617184 2 0
0.52 0.0623176 2 0
0.525 0.0629168 2 0
0.53 0.0635161 2 0
0.535 0.0641153 2 0
0.54 0.0647145 2 0
0.545 0.0653137 2 0
0.55 0.0659129 2 0
0.555 0.0665121 2 0
0.56 0.0671113 2 0
0.565 0.0677105 2 0
0.57 0.0683097 2 0
0.575 0.0689089 2 0
0.58 0.0695081 2 0
0.585 0.0701073 2 0
0.59 0.0707065 2 0
0.595 0.0713058 2 0
0.6 0.071905 2 0
0.605 0.0725042 2 0
0.61 0.0731034 2 0
0.615 0.0737026 2 0
0.62 0.0743018 2 0
0.625 0.074901 2 0
0.63 0.0755002 2 0
0.635 0.0760994 2 0
0.64 0.0766986 2 0
0.645 0.0772978 2 0
0.65 0.077897 2 0
0.655 0.0784963 2 0
0.66 0.0790955 2 0
0.665 0.0796947 2 0
0.67 0.0802939 2 0
0.675 0.0808931 2 0
0.68 0.0814923 2 0
0.685 0.0820915 2 0
0.69 0.0826907 2 0
0.695 0.0832899 2 0
0.7 0.0838891 2 0
0.705 0.0844883 2 0
0.71 0.0850875 2 0
0.715 0.0856867 2 0
0.72 0.086286 2 0
0.725 0.0868852 2 0
0.73 0.0874844 2 0
0.735 0.0880836 2 0
0.74 0.0886828 2 0
0.745 0.089282 2 0
0.75 0.0898812 2 0
0.755 0.0904804 2 0
0.76 0.0910796 2 0
0.765 0.0916788 2 0
0.77 0.092278 2 0
0.775 0.0928772 2 0
0.78 0.0934765 2 0
0.785 0.0940757 2 0
0.79 0.0946749 2 0
0.795 0.0952741 2 0
0.8 0.0958733 2 0
0.805 0.0964725 2 0
0.81 0.0970717 2 0
0.815 0.0976709 2 0
0.82 0.0982701 2 0
0.825 0.0988693 2 0
0.83 0.0994685 2 0
0.835 0.100068 2 0
0.84 0.100667 2 0
0.845 0.101266 2 0
0.85 0.101865 2 0
0.855 0.102465 2 0
0.86 0.103064 2 0
0.865 0.103663 2 0
0.87 0.104262 2 0
0.875 0.104861 2 0
0.88 0.105461 2 0
0.885 0.10606 2 0
0.89 0.106659 2 0
0.895 0.107258 2 0
0.9 0.107857 2 0
0.905 0.108457 2 0
0.91 0.109056 2 0
0.915 0.109655 2 0
0.92 0.110254 2 0
0.925 0.110853 2 0
0.93 0.111453 2 0
0.935 0.112052 2 0
0.94 0.112651 2 0
0.945 0.11325 2 0
0.95 0.11385 2 0
0.955 0.114449 2 0
0.96 0.115048 2 0
0.965 0.115647 2 0
0.97 0.116246 2 0
0.975 0.116846 2 0
0.98 0.117445 2 0
0.985 0.118044 2 0
0.99 0.118643 2 0
0.995 0.119242 2 0
1 0.123585 2 0
1.005 0.124229 2 0
1.01 0.124873 2 0
1.015 0.125517 2 0
1.02 0.126161 2 0
1.025 0.126805 2 0
1.03 0.127449 2 0
1.035 0.128093 2 0
1.04 0.128737 2 0
1.045 0.129381 2 0
1.05 0.130025 2 0
1.055 0.130669 2 0
1.06 0.131313 2 0
1.065 0.131957 2 0
1.07 0.132601 2 0
1.075 0.133245 2 0
1.08 0.133889 2 0
1.085 0.134533 2 0
1.09 0.135177 2 0
1.095 0.135821 2 0
1.1 0.136465 2 0
1.105 0.137109 2 0
1.11 0.137753 2 0
1.115 0.138397 2 0
1.12 0.139041 2 0
1.125 0.139685 2 0
1.13 0.140329 2 0
1.135 0.140973 2 0
1.14 0.141617 2 0
1.145 0.142261 2 0
1.15 0.142905 2 0
1.155 0.143549 2 0
1.16 0.144193 2 0
1.165 0.144837 2 0
1.17 0.145481 2 0
1.175 0.146125 2 0
1.18 0.146769 2 0
1.185 0.147413 2 0
1.19 0.148057 2 0
1.195 0.148701 2 0
1.2 0.149345 2 0
1.205 0.149989 2 0
1.21 0.150633 2 0
1.215 0.151277 2 0
1.22 0.151921 2 0
1.225 0.152565 2 0
1.23 0.153209 2 0
1.235 0.153853 2 0
1.24 0.154497 2 0
1.245 0.155141 2 0
1.25 0.155785 2 0
1.255 0.156429 2 0
1.26 0.157073 2 0
1.265 0.157717 2 0
1.27 0.158361 2 0
1.275 0.159005 2 0
1.28 0.159649 2 0
1.285 0.160293 2 0
1.29 0.160937 2 0
1.295 0.161581 2 0
1.3 0.162225 2 0
1.305 0.162869 2 0
1.31 0.163513 2 0
1.315 0.164157 2 0
1.32 0.164801 2 0
1.325 0.165445 2 0
1.33 0.166089 2 0
1.335 0.166733 2 0
1.34 0.167377 2 0
1.345 0.168021 2 0
1.35 0.168665 2 0
1.355 0.169309 2 0
1.36 0.169953 2 0
1.365 0.170597 2 0
1.37 0.171241 2 0
1.375 0.171885 2 0
1.38 0.172529 2 0
1.385 0.173173 2 0
1.39 0.173817 2 0
1.395 0.174461 2 0
1.4 0.175105 2 0
1.405 0.175749 2 0
1.41 0.176393 2 0
1.415 0.177037 2 0
1.42 0.177681 2 0
1.425 0.178325 2 0
1.43 0.178969 2 0
1.435 0.179613 2 0
1.44 0.180257 2 0
1.445 0.180901 2 0
1.45 0.181545 2 0
1.455 0.182189 2 0
1.46 0.182833 2 0
1.465 0.183477 2 0
1.47 0.184121 2 0
1.475 0.184765 2 0
1.48 0.185409 2 0
1.485 0.186053 2 0
1.49 0.186697 2 0
1.495 0.187341 2 0
1.5 0.187985 2 0
1.505 0.188629 2 0
1.51 0.189273 2 0
1.515 0.189917 2 0
1.52 0.190561 2 0
1.525 0.191205 2 0
1.53 0.191849 2 0
1.535 0.192493 2 0
1.54 0.193137 2 0
1.545 0.193781 2 0
1.55 0.194425 2 0
1.555 0.195069 2 0
1.56 0.195713 2 0
1.565 0.196357 2 0
1.57 0.197001 2 0
1.575 0.197645 2 0
1.58 0.198289 2 0
1.585 0.198933 2 0
1.59 0.199577 2 0
1.595 0.200221 2 0
1.6 0.200865 2 0
1.605 0.201509 2 0
1.61 0.202153 2 0
1.615 0.202797 2 0
1.62 0.203441 2 0
1.625 0.204085 2 0
1.63 0.204729 2 0
1.635 0.205373 2 0
1.64 0.206017 2 0
1.645 0.206661 2 0
1.65 0.207305 2 0
1.655 0.207949 2 0
1.66 0.208593 2 0
1.665 0.209237 2 0
1.67 0.209881 2 0
1.675 0.210525 2 0
1.68 0.211169 2 0
1.685 0.211813 2 0
1.69 0.212457 2 0
1.695 0.213101 2 0
1.7 0.213745 2 0
1.705 0.214389 2 0
1.71 0.215033 2 0
1.715 0.215677 2 0
1.72 0.216321 2 0
1.725 0.216965 2 0
1.73 0.217609 2 0
1.735 0.218253 2 0
1.74 0.218897 2 0
1.745 0.219541 2 0
1.75 0.220185 2 0
1.755 0.220829 2 0
1.76 0.221473 2 0
1.765 0.222117 2 0
1.77 0.222761 2 0
1.775 0.223405 2 0
1.78 0.224049 2 0
1.785 0.224693 2 0
1.79 0.225337 2 0
1.795 0.225981 2 0
1.8 0.226625 2 0
1.805 0.227269 2 0
1.81 0.227913 2 0
1.815 0.228557 2 0
1.82 0.229201 2 0
1.825 0.229845 2 0
1.83 0.230489 2 0
1.835 0.231133 2 0
1.84 0.231777 2 0
1.845 0.232421 2 0
1.85 0.233065 2 0
1.855 0.233709 2 0
1.86 0.234353 2 0
1.865 0.234997 2 0
1.87 0.235641 2 0
1.875 0.236285 2 0
1.88 0.236929 2 0
1.885 0.237573 2 0
1.89 0.238217 2 0
1.895 0.238861 2 0
1.9 0.239505 2 0
1.905 0.240149 2 0
1.91 0.240793 2 0
1.915 0.241437 2 0
1.92 0.242081 2 0
1.925 0.242725 2 0
1.93 0.243369 2 0
1.935 0.244013 2 0
1.94 0.244657 2 0
1.945 0.245301 2 0
1.95 0.245945 2 0
1.955 0.246589 2 0
1.96 0.247233 2 0
1.965 0.247877 2 0
1.97 0.248521 2 0
1.975 0.249165 2 0
1.98 0.249809 2 0
1.985 0.250453 2 0
1.99 0.251097 2 0
1.995 0.251741 2 0
2 0.252385 2 0
2.005 0.253029 2 0
2.01 0.253673 2 0
2.015 0.254317 2 0
2.02 0.254961 2 0
2.025 0.255605 2 0
2.03 0.256249 2 0
2.035 0.256893 2 0
2.04 0.257537 2 0
2.045 0.258181 2 0
2.05 0.258825 2 0
2.055 0.259469 2 0
2.06 0.260113 2 0
2.065 0.260757 2 0
2.07 0.261401 2 0
2.075 0.262045 2 0
2.08 0.262689 2 0
2.085 0.263333 2 0
2.09 0.263977 2 0
2.095 0.264621 2 0
2.1 0.265265 2 0
2.105 0.265909 2 0
2.11 0.266553 2 0
2.115 0.267197 2 0
2.12 0.267841 2 0
2.125 0.268485 2 0
2.13 0.269129 2 0
2.135 0.269773 2 0
2.14 0.270417 2 0
2.145 0.271061 2 0
2.15 0.271705 2 0
2.155 0.272349 2 0
2.16 0.272993 2 0
2.165 0.273637 2 0
2.17 0.274281 2 0
2.175 0.274925 2 0
2.18 0.275569 2 0
2.185 0.276213 2 0
2.19 0.276857 2 0
2.195 0.277501 2 0
2.2 0.278145 2 0
2.205 0.278789 2 0
2.21 0.279433 2 0
2.215 0.280077 2 0
2.22 0.280721 2 0
2.225 0.281365 2 0
2.23 0.282009 2 0
2.235 0.282653 2 0
2.24 0.283297 2 0
2.245 0.283941 2 0
2.25 0.284585 2 0
2.255 0.285229 2 0
2.26 0.285873 2 0
2.265 0.286517 2 0
2.27 0.287161 2 0
2.275 0.287805 2 0
2.28 0.288449 2 0
2.285 0.289093 2 0
2.29 0.289737 2 0
2.295 0.290381 2 0
2.3 0.291025 2 0
2.305 0.291669 2 0
2.31 0.292313 2 0
2.315 0.292957 2 0
2.32 0.293601 2 0
2.325 0.294245 2 0
2.33 0.294889 2 0
2.335 0.295533 2 0
2.34 0.296177 2 0
2.345 0.296821 2 0
2.35 0.297465 2 0
2.355 0.298109 2 0
2.36 0.298753 2 0
2.365 0.299397 2 0
2.37 0.300041 2 0
2.375 0.300685 2 0
2.38 0.301329 2 0
2.385 0.301973 2 0
2.39 0.302617 2 0
2.395 0.303261 2 0
2.4 0.303905 2 0
2.405 0.304549 2 0
2.41 0.305193 2 0
2.415 0.305837 2 0
2.42 0.306481 2 0
2.425 0.307125 2 0
2.43 0.307769 2 0
2.435 0.308413 2 0
2.44 0.309057 2 0
2.445 0.309701 2 0
2.45 0.310345 2 0
2.455 0.310989 2 0
2.46 0.311633 2 0
2.465 0.312277 2 0
2.47 0.312921 2 0
2.475 0.313565 2 0
2.48 0.314209 2 0
2.485 0.314853 2 0
2.49 0.315497 2 0
2.495 0.316141 2 0
2.5 0.316785 2 0
2.505 0.317429 2 0
2.51 0.318073 2 0
2.515 0.318717 2 0
2.52 0.319361 2 0
2.525 0.320005 2 0
2.53 0.320649 2 0
2.535 0.321293 2 0
2.54 0.321937 2 0
2.545 0.322581 2 0
2.55 0.323225 2 0
2.555 0.323869 2 0
2.56 0.324513 2 0
2.565 0.325157 2 0
2.57 0.325801 2 0
2.575 0.326445 2 0
2.58 0.327089 2 0
2.585 0.327733 2 0
2.59 0.328377 2 0
2.595 0.329021 2 0
2.6 0.329665 2 0
2.605 0.330309 2 0
2.61 0.330953 2 0
2.615 0.331597 2 0
2.62 0.332241 2 0
2.625 0.332885 2 0
2.63 0.333529 2 0
2.635 0.334173 2 0
2.64 0.334817 2 0
2.645 0.335461 2 0
2.65 0.336105 2 0
2.655 0.336749 2 0
2.66 0.337393 2 0
2.665 0.338037 2 0
2.67 0.338681 2 0
2.675 0.339325 2 0
2.68 0.339969 2 0
2.685 0.340613 2 0
2.69 0.341257 2 0
2.695 0.341901 2 0
2.7 0.342545 2 0
2.705 0.343189 2 0
2.71 0.343833 2 0
2.715 0.344477 2 0
2.72 0.345121 2 0
2.725 0.345765 2 0
2.73 0.346409 2 0
2.735 0.347053 2 0
2.74 0.347697 2 0
2.745 0.348341 2 0
2.75 0.348985 2 0
2.755 0.349629 2 0
2.76 0.350273 2 0
2.765 0.350917 2 0
2.77 0.351561 2 0
2.775 0.352205 2 0
2.78 0.352849 2 0
2.785 0.353493 2 0
2.79 0.354137 2 0
2.795 0.354781 2 0
2.8 0.355425 2 0
2.805 0.356069 2 0
2.81 0.356713 2 0
2.815 0.357357 2 0
2.82 0.358001 2 0
2.825 0.358645 2 0
2.83 0.359289 2 0
2.835 0.359933 2 0
2.84 0.360577 2 0
2.845 0.361221 2 0
2.85 0.361865 2 0
2.855 0.362509 2 0
2.86 0.363153 2 0
2.865 0.363797 2 0
2.87 0.364441 2 0
2.875 0.365085 2 0
2.88 0.365729 2 0
2.885 0.366373 2 0
2.89 0.367017 2 0
2.895 0.367661 2 0
2.9 0.368305 2 0
2.905 0.368949 2 0
2.91 0.369593 2 0
2.915 0.370237 2 0
2.92 0.370881 2 0
2.925 0.371525 2 0
2.93 0.372169 2 0
2.935 0.372813 2 0
2.94 0.373457 2 0
2.945 0.374101 2 0
2.95 0.374745 2 0
2.955 0.375389 2 0
2.96 0.376033 2 0
2.965 0.376677 2 0
2.97 0.377321 2 0
2.975 0.377965 2 0
2.98 0.378609 2 0
2.985 0.379253 2 0
2.99 0.379897 2 0
2.995 0.380541 2 0
3 0.381185 2 0
3.005 0.381829 2 0
3.01 0.382473 2 0
3.015 0.383117 2 0
3.02 0.383761 2 0
3.025 0.384405 2 0
3.03 0.385049 2 0
3.035 0.385693 2 0
3.04 0.386337 2 0
3.045 0.386981 2 0
3.05 0.387624 2 0
3.055 0.388268 2 0
3.06 0.388912 2 0
3.065 0.389556 2 0
3.07 0.3902 2 0
3.075 0.390844 2 0
3.08 0.391488 2 0
3.085 0.392132 2 0
3.09 0.392776 2 0
3.095 0.39342 2 0
3.1 0.394064 2 0
3.105 0.394708 2 0
3.11 0.395352 2 0
3.115 0.395996 2 0
3.12 0.39664 2 0
3.125 0.397284 2 0
3.13 0.397928 2 0
3.135 0.398572 2 0
3.14 0.399216 2 0
3.145 0.39986 2 0
3.15 0.400504 2 0
3.155 0.401148 2 0
3.16 0.401792 2 0
3.165 0.402436 2 0
3.17 0.40308 2 0
3.175 0.403724 2 0
3.18 0.404368 2 0
3.185 0.405012 2 0
3.19 0.405656 2 0
3.195 0.4063 2 0
3.2 0.406944 2 0
3.205 0.407588 2 0
3.21 0.408232 2 0
3.215 0.408876 2 0
3.22 0.40952 2 0
3.225 0.410164 2 0
3.23 0.410808 2 0
3.235 0.411452 2 0
3.24 0.412096 2 0
3.245 0.41274 2 0
3.25 0.413384 2 0
3.255 0.414028 2 0
3.26 0.414672 2 0
3.265 0.415316 2 0
3.27 0.41596 2 0
3.275 0.416604 2 0
3.28 0.417248 2 0
3.285 0.417892 2 0
3.29 0.418536 2 0
3.295 0.41918 2 0
3.3 0.419824 2 0
3.305 0.420468 2 0
3.31 0.421112 2 0
3.315 0.421756 2 0
3.32 0.4224 2 0
3.325 0.423044 2 0
3.33 0.423688 2 0
3.335 0.424332 2 0
3.34 0.424976 2 0
3.345 0.42562 2 0
3.35 0.426264 2 0
3.355 0.426908 2 0
3.36 0.427552 2 0
3.365 0.428196 2 0
3.37 0.42884 2 0
3.375 0.429484 2 0
3.38 0.430128 2 0
3.385 0.430772 2 0
3.39 0.431416 2 0
3.395 0.43206 2 0
3.4 0.432704 2 0
3.405 0.433348 2 0
3.41 0.433992 2 0
3.415 0.434636 2 0
3.42 0.43528 2 0
3.425 0.435924 2 0
3.43 0.436568 2 0
3.435 0.437212 2 0
3.44 0.437856 2 0
3.445 0.4385 2 0
3.45 0.439144 2 0
3.455 0.439788 2 0
3.46 0.440432 2 0
3.465 0.441076 2 0
3.47 0.44172 2 0
3.475 0.442364 2 0
3.48 0.443008 2 0
3.485 0.443652 2 0
3.49 0.444296 2 0
3.495 0.44494 2 0
3.5 0.445584 2 0
3.505 0.446228 2 0
3.51 0.446872 2 0
3.515 0.447516 2 0
3.52 0.44816 2 0
3.525 0.448804 2 0
3.53 0.449448 2 0
3.535 0.450092 2 0
3.54 0.450736 2 0
3.545 0.45138 2 0
3.55 0.452024 2 0
3.555 0.452668 2 0
3.56 0.453312 2 0
3.565 0.453956 2 0
3.57 0.4546 2 0
3.575 0.455244 2 0
3.58 0.455888 2 0
3.585 0.456532 2 0
3.59 0.457176 2 0
3.595 0.45782 2 0
3.6 0.458464 2 0
3.605 0.459108 2 0
3.61 0.459752 2 0
3.615 0.460396 2 0
3.62 0.46104 2 0
3.625 0.461684 2 0
3.63 0.462328 2 0
3.635 0.462972 2 0
3.64 0.463616 2 0
3.645 0.46426 2 0
3.65 0.464904 2 0
3.655 0.465548 2 0
3.66 0.466192 2 0
3.665 0.466836 2 0
3.67 0.46748 2 0
3.675 0.468124 2 0
3.68 0.468768 2 0
3.685 0.469412 2 0
3.69 0.470056 2 0
3.695 0.4707 2 0
3.7 0.471344 2 0
3.705 0.471988 2 0
3.71 0.472632 2 0
3.715 0.473276 2 0
3.72 0.47392 2 0
3.725 0.474564 2 0
3.73 0.475208 2 0
3.735 0.475852 2 0
3.74 0.476496 2 0
3.745 0.47714 2 0
3.75 0.477784 2 0
3.755 0.478428 2 0
3.76 0.479072 2 0
3.765 0.479716 2 0
3.77 0.48036 2 0
3.775 0.481004 2 0
3.78 0.481648 2 0
3.785 0.482292 2 0
3.79 0.482936 2 0
3.795 0.48358 2 0
3.8 0.484224 2 0
3.805 0.484868 2 0
3.81 0.485512 2 0
3.815 0.486156 2 0
3.82 0.4868 2 0
3.825 0.487444 2 0
3.83 0.488088 2 0
3.835 0.488732 2 0
3.84 0.489376 2 0
3.845 0.49002 2 0
3.85 0.490664 2 0
3.855 0.491308 2 0
3.86 0.491952 2 0
3.865 0.492596 2 0
3.87 0.49324 2 0
3.875 0.493884 2 0
3.88 0.494528 2 0
3.885 0.495172 2 0
3.89 0.495816 2 0
3.895 0.49646 2 0
3.9 0.497104 2 0
3.905 0.497748 2 0
3.91 0.498392 2 0
3.915 0.499036 2 0
3.92 0.49968 2 0
3.925 0.500324 2 0
3.93 0.500968 2 0
3.935 0.501612 2 0
3.94 0.502256 2 0
3.945 0.5029 2 0
3.95 0.503544 2 0
3.955 0.504188 2 0
3.96 0.504832 2 0
3.965 0.505476 2 0
3.97 0.50612 2 0
3.975 0.506764 2 0
3.98 0.507408 2 0
3.985 0.508052 2 0
3.99 0.508696 2 0
3.995 0.50934 2 0
4 0.509984 2 0
4.005 0.510628 2 0
4.01 0.511272 2 0
4.015 0.511916 2 0
4.02 0.51256 2 0
4.025 0.513204 2 0
4.03 0.513848 2 0
4.035 0.514492 2 0
4.04 0.515136 2 0
4.045 0.51578 2 0
4.05 0.516424 2 0
4.055 0.517068 2 0
4.06 0.517712 2 0
4.065 0.518356 2 0
4.07 0.519 2 0
4.075 0.519644 2 0
4.08 0.520288 2 0
4.085 0.520932 2 0
4.09 0.521576 2 0
4.095 0.52222 2 0
4.1 0.522864 2 0
4.105 0.523508 2 0
4.11 0.524152 2 0
4.115 0.524796 2 0
4.12 0.52544 2 0
4.125 0.526084 2 0
4.13 0.526728 2 0
4.135 0.527372 2 0
4.14 0.528016 2 0
4.145 0.52866 2 0
4.15 0.529304 2 0
4.155 0.529948 2 0
4.16 0.530592 2 0
4.165 0.531236 2 0
4.17 0.53188 2 0
4.175 0.532524 2 0
4.18 0.533168 2 0
4.185 0.533812 2 0
4.19 0.534456 2 0
4.195 0.5351 2 0
4.2 0.535744 2 0
4.205 0.536388 2 0
4.21 0.537032 2 0
4.215 0.537676 2 0
4.22 0.53832 2 0
4.225 0.538964 2 0
4.23 0.539608 2 0
4.235 0.540252 2 0
4.24 0.540896 2 0
4.245 0.54154 2 0
4.25 0.542184 2 0
4.255 0.542828 2 0
4.26 0.543472 2 0
4.265 0.544116 2 0
4.27 0.54476 2 0
4.275 0.545404 2 0
4.28 0.546048 2 0
4.285 0.546692 2 0
4.29 0.547336 2 0
4.295 0.54798 2 0
4.3 0.548624 2 0
4.305 0.549268 2 0
4.31 0.549912 2 0
4.315 0.550556 2 0
4.32 0.5512 2 0
4.325 0.551844 2 0
4.33 0.552488 2 0
4.335 0.553132 2 0
4.34 0.553776 2 0
4.345 0.55442 2 0
4.35 0.555064 2 0
4.355 0.555708 2 0
4.36 0.556352 2 0
4.365 0.556996 2 0
4.37 0.55764 2 0
4.375 0.558284 2 0
4.38 0.558928 2 0
4.385 0.559572 2 0
4.39 0.560216 2 0
4.395 0.56086 2 0
4.4 0.561504 2 0
4.405 0.562148 2 0
4.41 0.562792 2 0
4.415 0.563436 2 0
4.42 0.56408 2 0
4.425 0.564724 2 0
4.43 0.565368 2 0
4.435 0.566012 2 0
4.44 0.566656 2 0
4.445 0.5673 2 0
4.45 0.567944 2 0
4.455 0.568588 2 0
4.46 0.569232 2 0
4.465 0.569876 2 0
4.47 0.57052 2 0
4.475 0.571164 2 0
4.48 0.571808 2 0
4.485 0.572452 2 0
4.49 0.573096 2 0
4.495 0.57374 2 0
4.5 0.574384 2 0
4.505 0.575028 2 0
4.51 0.575672 2 0
4.515 0.576316 2 0
4.52 0.57696 2 0
4.525 0.577604 2 0
4.53 0.578248 2 0
4.535 0.578892 2 0
4.54 0.579536 2 0
4.545 0.58018 2 0
4.55 0.580824 2 0
4.555 0.581468 2 0
4.56 0.582112 2 0
4.565 0.582756 2 0
4.57 0.5834 2 0
4.575 0.584044 2 0
4.58 0.584688 2 0
4.585 0.585332 2 0
4.59 0.585976 2 0
4.595 0.58662 2 0
4.6 0.587264 2 0
4.605 0.587908 2 0
4.61 0.588552 2 0
4.615 0.589196 2 0
4.62 0.58984 2 0
4.625 0.590484 2 0
4.63 0.591128 2 0
4.635 0.591772 2 0
4.64 0.592416 2 0
4.645 0.59306 2 0
4.65 0.593704 2 0
4.655 0.594348 2 0
4.66 0.594992 2 0
4.665 0.595636 2 0
4.67 0.59628 2 0
4.675 0.596924 2 0
4.68 0.597568 2 0
4.685 0.598212 2 0
4.69 0.598856 2 0
4.695 0.5995 2 0
4.7 0.600144 2 0
4.705 0.600788 2 0
4.71 0.601432 2 0
4.715 0.602076 2 0
4.72 0.60272 2 0
4.725 0.603364 2 0
4.73 0.604008 2 0
4.735 0.604652 2 0
4.74 0.605296 2 0
4.745 0.60594 2 0
4.75 0.606584 2 0
4.755 0.607228 2 0
4.76 0.607872 2 0
4.765 0.608516 2 0
4.77 0.60916 2 0
4.775 0.609804 2 0
4.78 0.610448 2 0
4.785 0.611092 2 0
4.79 0.611736 2 0
4.795 0.61238 2 0
4.8 0.613024 2 0
4.805 0.613668 2 0
4.81 0.614312 2 0
4.815 0.614956 2 0
4.82 0.6156 2 0
4.825 0.616244 2 0
4.83 0.616888 2 0
4.835 0.617532 2 0
4.84 0.618176 2 0
4.845 0.61882 2 0
4.85 0.619464 2 0
4.855 0.620108 2 0
4.86 0.620752 2 0
4.865 0.621396 2 0
4.87 0.62204 2 0
4.875 0.622684 2 0
4.88 0.623328 2 0
4.885 0.623972 2 0
4.89 0.624616 2 0
4.895 0.62526 2 0
4.9 0.625904 2 0
4.905 0.626548 2 0
4.91 0.627192 2 0
4.915 0.627836 2 0
4.92 0.62848 2 0
4.925 0.629124 2 0
4.93 0.629768 2 0
4.935 0.630412 2 0
4.94 0.631056 2 0
4.945 0.6317 2 0
4.95 0.632344 2 0
4.955 0.632988 2 0
4.96 0.633632 2 0
4.965 0.634276 2 0
4.97 0.63492 2 0
4.975 0.635564 2 0
4.98 0.636208 2 0
4.985 0.636852 2 0
4.99 0.637496 2 0
4.995 0.63814 2 0
5 0.638784 2 0
5.005 0.639428 2 0
5.01 0.640072 2 0
5.015 0.640716 2 0
5.02 0.64136 2 0
5.025 0.642004 2 0
5.03 0.642648 2 0
5.035 0.643292 2 0
5.04 0.643936 2 0
5.045 0.64458 2 0
5.05 0.645224 2 0
5.055 0.645868 2 0
5.06 0.646512 2 0
5.065 0.647156 2 0
5.07 0.6478 2 0
5.075 0.648444 2 0
5.08 0.649088 2 0
5.085 0.649732 2 0
5.09 0.650376 2 0
5.095 0.65102 2 0
5.1 0.651664 2 0
5.105 0.652308 2 0
5.11 0.652952 2 0
5.115 0.653596 2 0
5.12 0.65424 2 0
5.125 0.654884 2 0
5.13 0.655528 2 0
5.135 0.656172 2 0
5.14 0.656816 2 0
5.145 0.65746 2 0
5.15 0.658104 2 0
5.155 0.658748 2 0
5.16 0.659392 2 0
5.165 0.660036 2 0
5.17 0.66068 2 0
5.175 0.661324 2 0
5.18 0.661968 2 0
5.185 0.662612 2 0
5.19 0.663256 2 0
5.195 0.6639 2 0
5.2 0.664544 2 0
5.205 0.665188 2 0
5.21 0.665832 2 0
5.215 0.666476 2 0
5.22 0.66712 2 0
5.225 0.667764 2 0
5.23 0.668408 2 0
5.235 0.669052 2 0
5.24 0.669696 2 0
5.245 0.67034 2 0
5.25 0.670984 2 0
5.255 0.671628 2 0
5.26 0.672272 2 0
5.265 0.672916 2 0
5.27 0.67356 2 0
5.275 0.674204 2 0
5.28 0.674848 2 0
5.285 0.675492 2 0
5.29 0.676136 2 0
5.295 0.67678 2 0
5.3 0.677424 2 0
5.305 0.678068 2 0
5.31 0.678712 2 0
5.315 0.679356 2 0
5.32 0.68 2 0
5.325 0.680644 2 0
5.33 0.681288 2 0
5.335 0.681932 2 0
5.34 0.682576 2 0
5.345 0.68322 2 0
5.35 0.683864 2 0
5.355 0.684508 2 0
5.36 0.685152 2 0
5.365 0.685796 2 0
5.37 0.68644 2 0
5.375 0.687084 2 0
5.38 0.687728 2 0
5.385 0.688372 2 0
5.39 0.689016 2 0
5.395 0.68966 2 0
5.4 0.690304 2 0
5.405 0.690948 2 0
5.41 0.691592 2 0
5.415 0.692236 2 0
5.42 0.69288 2 0
5.425 0.693524 2 0
5.43 0.694168 2 0
5.435 0.694812 2 0
5.44 0.695456 2 0
5.445 0.6961 2 0
5.45 0.696744 2 0
5.455 0.697388 2 0
5.46 0.698032 2 0
5.465 0.698676 2 0
5.47 0.69932 2 0
5.475 0.699964 2 0
5.48 0.700608 2 0
5.485 0.701252 2 0
5.49 0.701896 2 0
5.495 0.70254 2 0
5.5 0.703184 2 0
5.505 0.703828 2 0
5.51 0.704472 2 0
5.515 0.705116 2 0
5.52 0.70576 2 0
5.525 0.706404 2 0
5.53 0.707048 2 0
5.535 0.707692 2 0
5.54 0.708336 2 0
5.545 0.70898 2 0
5.55 0.709624 2 0
5.555 0.710268 2 0
5.56 0.710912 2 0
5.565 0.711556 2 0
5.57 0.7122 2 0
5.575 0.712844 2 0
5.58 0.713488 2 0
5.585 0.714132 2 0
5.59 0.714776 2 0
5.595 0.71542 2 0
5.6 0.716064 2 0
5.605 0.716708 2 0
5.61 0.717352 2 0
5.615 0.717996 2 0
5.62 0.71864 2 0
5.625 0.719284 2 0
5.63 0.719928 2 0
5.635 0.720572 2 0
5.64 0.721216 2 0
5.645 0.72186 2 0
5.65 0.722504 2 0
5.655 0.723148 2 0
5.66 0.723792 2 0
5.665 0.724436 2 0
5.67 0.72508 2 0
5.675 0.725724 2 0
5.68 0.726368 2 0
5.685 0.727012 2 0
5.69 0.727656 2 0
5.695 0.7283 2 0
5.7 0.728944 2 0
5.705 0.729588 2 0
5.71 0.730232 2 0
5.715 0.730876 2 0
5.72 0.73152 2 0
5.725 0.732164 2 0
5.73 0.732808 2 0
5.735 0.733452 2 0
5.74 0.734096 2 0
5.745 0.73474 2 0
5.75 0.735384 2 0
5.755 0.736028 2 0
5.76 0.736672 2 0
5.765 0.737316 2 0
5.77 0.73796 2 0
5.775 0.738604 2 0
5.78 0.739248 2 0
5.785 0.739892 2 0
5.79 0.740536 2 0
5.795 0.74118 2 0
5.8 0.741824 2 0
5.805 0.742468 2 0
5.81 0.743112 2 0
5.815 0.743756 2 0
5.82 0.7444 2 0
5.825 0.745044 2 0
5.83 0.745688 2 0
5.835 0.746332 2 0
5.84 0.746976 2 0
5.845 0.74762 2 0
5.85 0.748264 2 0
5.855 0.748908 2 0
5.86 0.749552 2 0
5.865 0.750196 2 0
5.87 0.75084 2 0
5.875 0.751484 2 0
5.88 0.752128 2 0
5.885 0.752772 2 0
5.89 0.753416 2 0
5.895 0.75406 2 0
5.9 0.754704 2 0
5.905 0.755348 2 0
5.91 0.755992 2 0
5.915 0.756636 2 0
5.92 0.75728 2 0
5.925 0.757924 2 0
5.93 0.758568 2 0
5.935 0.759212 2 0
5.94 0.759856 2 0
5.945 0.7605 2 0
5.95 0.761144 2 0
5.955 0.761788 2 0
5.96 0.762432 2 0
5.965 0.763076 2 0
5.97 0.76372 2 0
5.975 0.764364 2 0
5.98 0.765008 2 0
5.985 0.765652 2 0
5.99 0.766296 2 0
5.995 0.76694 2 0
6 0.767584 2 0
6.005 0.768228 2 0
6.01 0.768872 2 0
6.015 0.769516 2 0
6.02 0.77016 2 0
6.025 0.770804 2 0
6.03 0.771448 2 0
6.035 0.772092 2 0
6.04 0.772736 2 0
6.045 0.77338 2 0
6.05 0.774024 2 0
6.055 0.774668 2 0
6.06 0.775312 2 0
6.065 0.775956 2 0
6.07 0.7766 2 0
6.075 0.777244 2 0
6.08 0.777888 2 0
6.085 0.778532 2 0
6.09 0.779176 2 0
6.095 0.77982 2 0
6.1 0.780464 2 0
6.105 0.781108 2 0
6.11 0.781752 2 0
6.115 0.782396 2 0
6.12 0.78304 2 0
6.125 0.783684 2 0
6.13 0.784328 2 0
6.135 0.784972 2 0
6.14 0.785616 2 0
6.145 0.78626 2 0
6.15 0.786904 2 0
6.155 0.787548 2 0
6.16 0.788192 2 0
6.165 0.788836 2 0
6.17 0.78948 2 0
6.175 0.790124 2 0
6.18 0.790768 2 0
6.185 0.791412 2 0
6.19 0.792056 2 0
6.195 0.7927 2 0
6.2 0.793344 2 0
6.205 0.793988 2 0
6.21 0.794632 2 0
6.215 0.795276 2 0
6.22 0.79592 2 0
6.225 0.796564 2 0
6.23 0.797208 2 0
6.235 0.797852 2 0
6.24 0.798496 2 0
6.245 0.79914 2 0
6.25 0.799784 2 0
6.255 0.800428 2 0
6.26 0.801072 2 0
6.265 0.801716 2 0
6.27 0.80236 2 0
6.275 0.803004 2 0
6.28 0.803648 2 0
6.285 0.804292 2 0
6.29 0.804936 2 0
6.295 0.80558 2 0
6.3 0.806224 2 0
6.305 0.806868 2 0
6.31 0.807512 2 0
6.315 0.808156 2 0
6.32 0.8088 2 0
6.325 0.809444 2 0
6.33 0.810088 2 0
6.335 0.810732 2 0
6.34 0.811376 2 0
6.345 0.81202 2 0
6.35 0.812664 2 0
6.355 0.813308 2 0
6.36 0.813952 2 0
6.365 0.814596 2 0
6.37 0.81524 2 0
6.375 0.815884 2 0
6.38 0.816528 2 0
6.385 0.817172 2 0
6.39 0.817816 2 0
6.395 0.81846 2 0
6.4 0.819104 2 0
6.405 0.819748 2 0
6.41 0.820392 2 0
6.415 0.821036 2 0
6.42 0.82168 2 0
6.425 0.822324 2 0
6.43 0.822968 2 0
6.435 0.823612 2 0
6.44 0.824256 2 0
6.445 0.8249 2 0
6.45 0.825544 2 0
6.455 0.826188 2 0
6.46 0.826832 2 0
6.465 0.827476 2 0
6.47 0.82812 2 0
6.475 0.828764 2 0
6.48 0.829408 2 0
6.485 0.830052 2 0
6.49 0.830696 2 0
6.495 0.83134 2 0
6.5 0.831984 2 0
6.505 0.832628 2 0
6.51 0.833272 2 0
6.515 0.833916 2 0
6.52 0.83456 2 0
6.525 0.835204 2 0
6.53 0.835848 2 0
6.535 0.836492 2 0
6.54 0.837136 2 0
6.545 0.83778 2 0
6.55 0.838424 2 0
6.555 0.839068 2 0
6.56 0.839712 2 0
6.565 0.840356 2 0
6.57 0.841 2 0
6.575 0.841644 2 0
6.58 0.842288 2 0
6.585 0.842932 2 0
6.59 0.843576 2 0
6.595 0.84422 2 0
6.6 0.844864 2 0
6.605 0.845508 2 0
6.61 0.846152 2 0
6.615 0.846796 2 0
6.62 0.84744 2 0
6.625 0.848084 2 0
6.63 0.848728 2 0
6.635 0.849372 2 0
6.64 0.850016 2 0
6.645 0.85066 2 0
6.65 0.851304 2 0
6.655 0.851948 2 0
6.66 0.852592 2 0
6.665 0.853236 2 0
6.67 0.85388 2 0
6.675 0.854524 2 0
6.68 0.855168 2 0
6.685 0.855812 2 0
6.69 0.856456 2 0
6.695 0.8571 2 0
6.7 0.857744 2 0
6.705 0.858388 2 0
6.71 0.859032 2 0
6.715 0.859676 2 0
6.72 0.86032 2 0
6.725 0.860964 2 0
6.73 0.861608 2 0
6.735 0.862252 2 0
6.74 0.862896 2 0
6.745 0.86354 2 0
6.75 0.864184 2 0
6.755 0.864828 2 0
6.76 0.865472 2 0
6.765 0.866116 2 0
6.77 0.86676 2 0
6.775 0.867404 2 0
6.78 0.868048 2 0
6.785 0.868692 2 0
6.79 0.869336 2 0
6.795 0.86998 2 0
6.8 0.870624 2 0
6.805 0.871268 2 0
6.81 0.871912 2 0
6.815 0.872556 2 0
6.82 0.8732 2 0
6.825 0.873844 2 0
6.83 0.874488 2 0
6.835 0.875132 2 0
6.84 0.875776 2 0
6.845 0.87642 2 0
6.85 0.877064 2 0
6.855 0.877708 2 0
6.86 0.878352 2 0
6.865 0.878996 2 0
6.87 0.87964 2 0
6.875 0.880284 2 0
6.88 0.880928 2 0
6.885 0.881572 2 0
6.89 0.882216 2 0
6.895 0.88286 2 0
6.9 0.883504 2 0
6.905 0.884148 2 0
6.91 0.884792 2 0
6.915 0.885436 2 0
6.92 0.88608 2 0
6.925 0.886724 2 0
6.93 0.887368 2 0
6.935 0.888012 2 0
6.94 0.888656 2 0
6.945 0.8893 2 0
6.95 0.889944 2 0
6.955 0.890588 2 0
6.96 0.891232 2 0
6.965 0.891876 2 0
6.97 0.89252 2 0
6.975 0.893164 2 0
6.98 0.893808 2 0
6.985 0.894452 2 0
6.99 0.895096 2 0
6.995 0.89574 2 0
7 0.896384 2 0
7.005 0.897028 2 0
7.01 0.897672 2 0
7.015 0.898316 2 0
7.02 0.89896 2 0
7.025 0.899604 2 0
7.03 0.900248 2 0
7.035 0.900892 2 0
7.04 0.901536 2 0
7.045 0.90218 2 0
7.05 0.902824 2 0
7.055 0.903468 2 0
7.06 0.904112 2 0
7.065 0.904756 2 0
7.07 0.9054 2 0
7.075 0.906044 2 0
7.08 0.906688 2 0
7.085 0.907332 2 0
7.09 0.907976 2 0
7.095 0.90862 2 0
7.1 0.909264 2 0
7.105 0.909908 2 0
7.11 0.910552 2 0
7.115 0.911196 2 0
7.12 0.91184 2 0
7.125 0.912484 2 0
7.13 0.913128 2 0
7.135 0.913772 2 0
7.14 0.914416 2 0
7.145 0.91506 2 0
7.15 0.915704 2 0
7.155 0.916348 2 0
7.16 0.916992 2 0
7.165 0.917636 2 0
7.17 0.91828 2 0
7.175 0.918924 2 0
7.18 0.919568 2 0
7.185 0.920212 2 0
7.19 0.920856 2 0
7.195 0.9215 2 0
7.2 0.922144 2 0
7.205 0.922788 2 0
7.21 0.923432 2 0
7.215 0.924076 2 0
7.22 0.92472 2 0
7.225 0.925364 2 0
7.23 0.926008 2 0
7.235 0.926652 2 0
7.24 0.927296 2 0
7.245 0.92794 2 0
7.25 0.928584 2 0
7.255 0.929228 2 0
7.26 0.929872 2 0
7.265 0.930516 2 0
7.27 0.93116 2 0
7.275 0.931804 2 0
7.28 0.932448 2 0
7.285 0.933092 2 0
7.29 0.933736 2 0
7.295 0.93438 2 0
7.3 0.935024 2 0
7.305 0.935668 2 0
7.31 0.936312 2 0
7.315 0.936956 2 0
7.32 0.9376 2 0
7.325 0.938244 2 0
7.33 0.938888 2 0
7.335 0.939532 2 0
7.34 0.940176 2 0
7.345 0.94082 2 0
7.35 0.941464 2 0
7.355 0.942108 2 0
7.36 0.942752 2 0
7.365 0.943396 2 0
7.37 0.94404 2 0
7.375 0.944684 2 0
7.38 0.945328 2 0
7.385 0.945972 2 0
7.39 0.946616 2 0
7.395 0.94726 2 0
7.4 0.947904 2 0
7.405 0.948548 2 0
7.41 0.949192 2 0
7.415 0.949836 2 0
7.42 0.95048 2 0
7.425 0.951124 2 0
7.43 0.951768 2 0
7.435 0.952412 2 0
7.44 0.953056 2 0
7.445 0.9537 2 0
7.45 0.954344 2 0
7.455 0.954988 2 0
7.46 0.955632 2 0
7.465 0.956276 2 0
7.47 0.95692 2 0
7.475 0.957564 2 0
7.48 0.958208 2 0
7.485 0.958852 2 0
7.49 0.959496 2 0
7.495 0.96014 2 0
7.5 0.960784 2 0
7.505 0.961428 2 0
7.51 0.962072 2 0
7.515 0.962716 2 0
7.52 0.96336 2 0
7.525 0.964004 2 0
7.53 0.964648 2 0
7.535 0.965292 2 0
7.54 0.965936 2 0
7.545 0.96658 2 0
7.55 0.967224 2 0
7.555 0.967868 2 0
7.56 0.968512 2 0
7.565 0.969156 2 0
7.57 0.9698 2 0
7.575 0.970444 2 0
7.58 0.971088 2 0
7.585 0.971732 2 0
7.59 0.972376 2 0
7.595 0.97302 2 0
7.6 0.973664 2 0
7.605 0.974308 2 0
7.61 0.974952 2 0
7.615 0.975596 2 0
7.62 0.97624 2 0
7.625 0.976884 2 0
7.63 0.977528 2 0
7.635 0.978172 2 0
7.64 0.978816 2 0
7.645 0.97946 2 0
7.65 0.980104 2 0
7.655 0.980748 2 0
7.66 0.981392 2 0
7.665 0.982036 2 0
7.67 0.98268 2 0
7.675 0.983324 2 0
7.68 0.983968 2 0
7.685 0.984612 2 0
7.69 0.985256 2 0
7.695 0.9859 2 0
7.7 0.986544 2 0
7.705 0.987188 2 0
7.71 0.987832 2 0
7.715 0.988476 2 0
7.72 0.98912 2 0
7.725 0.989764 2 0
7.73 0.990407 2 0
7.735 0.991051 2 0
7.74 0.991695 2 0
7.745 0.992339 2 0
7.75 0.992983 2 0
7.755 0.993627 2 0
7.76 0.994271 2 0
7.765 0.994915 2 0
7.77 0.995559 2 0
7.775 0.996203 2 0
7.78 0.996847 2 0
7.785 0.997491 2 0
7.79 0.998135 2 0
7.795 0.998779 2 0
7.8 0.999423 2 0
