0 0 2 1
0.005 0.000211625 2 1
0.01 0.000423249 2 1
0.015 0.000634874 2 1
0.02 0.000846498 2 1
0.025 0.00105812 2 1
0.03 0.00126975 2 1
0.035 0.00148137 2 1
0.04 0.001693 2 1
0.045 0.00190462 2 1
0.05 0.00211625 2 1
0.055 0.00232787 2 1
0.06 0.00253949 2 1
0.065 0.00275112 2 1
0.07 0.00296274 2 1
0.075 0.00317437 2 1
0.08 0.00338599 2 1
0.085 0.00359762 2 1
0.09 0.00380924 2 1
0.095 0.00402087 2 1
0.1 0.00423249 2 1
0.105 0.00444411 2 1
0.11 0.00465574 2 1
0.115 0.00486736 2 1
0.12 0.00507899 2 1
0.125 0.00529061 2 1
0.13 0.00550224 2 1
0.135 0.00571386 2 1
0.14 0.00592549 2 1
0.145 0.00613711 2 1
0.15 0.00634874 2 1
0.155 0.00656036 2 1
0.16 0.00677198 2 1
0.165 0.00698361 2 1
0.17 0.00719523 2 1
0.175 0.00740686 2 1
0.18 0.00761848 2 1
0.185 0.00783011 2 1
0.19 0.00804173 2 1
0.195 0.00825336 2 1
0.2 0.00846498 2 1
0.205 0.00867661 2 1
0.21 0.00888823 2 1
0.215 0.00909985 2 1
0.22 0.00931148 2 1
0.225 0.0095231 2 1
0.23 0.00973473 2 1
0.235 0.00994635 2 1
0.24 0.010158 2 1
0.245 0.0103696 2 1
0.25 0.0105812 2 1
0.255 0.0107929 2 1
0.26 0.0110045 2 1
0.265 0.0112161 2 1
0.27 0.0114277 2 1
0.275 0.0116393 2 1
0.28 0.011851 2 1
0.285 0.0120626 2 1
0.29 0.0122742 2 1
0.295 0.0124858 2 1
0.3 0.0126975 2 1
0.305 0.0129091 2 1
0.31 0.0131207 2 1
0.315 0.0133323 2 1
0.32 0.013544 2 1
0.325 0.0137556 2 1
0.33 0.0139672 2 1
0.335 0.0141788 2 1
0.34 0.0143905 2 1
0.345 0.0146021 2 1
0.35 0.0148137 2 1
0.355 0.0150253 2 1
0.36 0.015237 2 1
0.365 0.0154486 2 1
0.37 0.0156602 2 1
0.375 0.0158718 2 1
0.38 0.0160835 2 1
0.385 0.0162951 2 1
0.39 0.0165067 2 1
0.395 0.0167183 2 1
0.4 0.01693 2 1
0.405 0.0171416 2 1
0.41 0.0173532 2 1
0.415 0.0175648 2 1
0.42 0.0177765 2 1
0.425 0.0179881 2 1
0.43 0.0181997 2 1
0.435 0.0184113 2 1
0.44 0.018623 2 1
0.445 0.0188346 2 1
0.45 0.0190462 2 1
0.455 0.0192578 2 1
0.46 0.0194695 2 1
0.465 0.0196811 2 1
0.47 0.0198927 2 1
0.475 0.0201043 2 1
0.48 0.020316 2 1
0.485 0.0205276 2 1
0.49 0.0207392 2 1
0.495 0.0209508 2 1
0.5 0.0211625 2 1
0.505 0.0213741 2 1
0.51 0.0215857 2 1
0.515 0.0217973 2 1
0.52 0.0220089 2 1
0.525 0.0222206 2 1
0.53 0.0224322 2 1
0.535 0.0226438 2 1
0.54 0.0228554 2 1
0.545 0.0230671 2 1
0.55 0.0232787 2 1
0.555 0.0234903 2 1
0.56 0.0237019 2 1
0.565 0.0239136 2 1
0.57 0.0241252 2 1
0.575 0.0243368 2 1
0.58 0.0245484 2 1
0.585 0.0247601 2 1
0.59 0.0249717 2 1
0.595 0.0251833 2 1
0.6 0.0253949 2 1
0.605 0.0256066 2 1
0.61 0.0258182 2 1
0.615 0.0260298 2 1
0.62 0.0262414 2 1
0.625 0.0264531 2 1
0.63 0.0266647 2 1
0.635 0.0268763 2 1
0.64 0.0270879 2 1
0.645 0.0272996 2 1
0.65 0.0275112 2 1
0.655 0.0277228 2 1
0.66 0.0279344 2 1
0.665 0.0281461 2 1
0.67 0.0283577 2 1
0.675 0.0285693 2 1
0.68 0.0287809 2 1
0.685 0.0289926 2 1
0.69 0.0292042 2 1
0.695 0.0294158 2 1
0.7 0.0296274 2 1
0.705 0.0298391 2 1
0.71 0.0300507 2 1
0.715 0.0302623 2 1
0.72 0.0304739 2 1
0.725 0.0306856 2 1
0.73 0.0308972 2 1
0.735 0.0311088 2 1
0.74 0.0313204 2 1
0.745 0.0315321 2 1
0.75 0.0317437 2 1
0.755 0.0319553 2 1
0.76 0.0321669 2 1
0.765 0.0323786 2 1
0.77 0.0325902 2 1
0.775 0.0328018 2 1
0.78 0.0330134 2 1
0.785 0.033225 2 1
0.79 0.0334367 2 1
0.795 0.0336483 2 1
0.8 0.0338599 2 1
0.805 0.0340715 2 1
0.81 0.0342832 2 1
0.815 0.0344948 2 1
0.82 0.0347064 2 1
0.825 0.034918 2 1
0.83 0.0351297 2 1
0.835 0.0353413 2 1
0.84 0.0355529 2 1
0.845 0.0357645 2 1
0.85 0.0359762 2 1
0.855 0.0361878 2 1
0.86 0.0363994 2 1
0.865 0.036611 2 1
0.87 0.0368227 2 1
0.875 0.0370343 2 1
0.88 0.0372459 2 1
0.885 0.0374575 2 1
0.89 0.0376692 2 1
0.895 0.0378808 2 1
0.9 0.0380924 2 1
0.905 0.038304 2 1
0.91 0.0385157 2 1
0.915 0.0387273 2 1
0.92 0.0389389 2 1
0.925 0.0391505 2 1
0.93 0.0393622 2 1
0.935 0.0395738 2 1
0.94 0.0397854 2 1
0.945 0.039997 2 1
0.95 0.0402087 2 1
0.955 0.0404203 2 1
0.96 0.0406319 2 1
0.965 0.0408435 2 1
0.97 0.0410552 2 1
0.975 0.0412668 2 1
0.98 0.0414784 2 1
0.985 0.04169 2 1
0.99 0.0419017 2 1
0.995 0.0421133 2 1
1 0.0460682 2 1
1.005 0.0463247 2 1
1.01 0.0465811 2 1
1.015 0.0468375 2 1
1.02 0.0470939 2 1
1.025 0.0473503 2 1
1.03 0.0476067 2 1
1.035 0.0478631 2 1
1.04 0.0481196 2 1
1.045 0.048376 2 1
1.05 0.0486324 2 1
1.055 0.0488888 2 1
1.06 0.0491452 2 1
1.065 0.0494016 2 1
1.07 0.0496581 2 1
1.075 0.0499145 2 1
1.08 0.0501709 2 1
1.085 0.0504273 2 1
1.09 0.0506837 2 1
1.095 0.0509401 2 1
1.1 0.0511965 2 1
1.105 0.051453 2 1
1.11 0.0517094 2 1
1.115 0.0519658 2 1
1.12 0.0522222 2 1
1.125 0.0524786 2 1
1.13 0.052735 2 1
1.135 0.0529915 2 1
1.14 0.0532479 2 1
1.145 0.0535043 2 1
1.15 0.0537607 2 1
1.155 0.0540171 2 1
1.16 0.0542735 2 1
1.165 0.0545299 2 1
1.17 0.0547864 2 1
1.175 0.0550428 2 1
1.18 0.0552992 2 1
1.185 0.0555556 2 1
1.19 0.055812 2 1
1.195 0.0560684 2 1
1.2 0.0563249 2 1
1.205 0.0565813 2 1
1.21 0.0568377 2 1
1.215 0.0570941 2 1
1.22 0.0573505 2 1
1.225 0.0576069 2 1
1.23 0.0578633 2 1
1.235 0.0581198 2 1
1.24 0.0583762 2 1
1.245 0.0586326 2 1
1.25 0.058889 2 1
1.255 0.0591454 2 1
1.26 0.0594018 2 1
1.265 0.0596583 2 1
1.27 0.0599147 2 1
1.275 0.0601711 2 1
1.28 0.0604275 2 1
1.285 0.0606839 2 1
1.29 0.0609403 2 1
1.295 0.0611967 2 1
1.3 0.0614532 2 1
1.305 0.0617096 2 1
1.31 0.061966 2 1
1.315 0.0622224 2 1
1.32 0.0624788 2 1
1.325 0.0627352 2 1
1.33 0.0629917 2 1
1.335 0.0632481 2 1
1.34 0.0635045 2 1
1.345 0.0637609 2 1
1.35 0.0640173 2 1
1.355 0.0642737 2 1
1.36 0.0645301 2 1
1.365 0.0647866 2 1
1.37 0.065043 2 1
1.375 0.0652994 2 1
1.38 0.0655558 2 1
1.385 0.0658122 2 1
1.39 0.0660686 2 1
1.395 0.0663251 2 1
1.4 0.0665815 2 1
1.405 0.0668379 2 1
1.41 0.0670943 2 1
1.415 0.0673507 2 1
1.42 0.0676071 2 1
1.425 0.0678635 2 1
1.43 0.06812 2 1
1.435 0.0683764 2 1
1.44 0.0686328 2 1
1.445 0.0688892 2 1
1.45 0.0691456 2 1
1.455 0.069402 2 1
1.46 0.0696585 2 1
1.465 0.0699149 2 1
1.47 0.0701713 2 1
1.475 0.0704277 2 1
1.48 0.0706841 2 1
1.485 0.0709405 2 1
1.49 0.0711969 2 1
1.495 0.0714534 2 1
1.5 0.0717098 2 1
1.505 0.0719662 2 1
1.51 0.0722226 2 1
1.515 0.072479 2 1
1.52 0.0727354 2 1
1.525 0.0729919 2 1
1.53 0.0732483 2 1
1.535 0.0735047 2 1
1.54 0.0737611 2 1
1.545 0.0740175 2 1
1.55 0.0742739 2 1
1.555 0.0745303 2 1
1.56 0.0747868 2 1
1.565 0.0750432 2 1
1.57 0.0752996 2 1
1.575 0.075556 2 1
1.58 0.0758124 2 1
1.585 0.0760688 2 1
1.59 0.0763253 2 1
1.595 0.0765817 2 1
1.6 0.0768381 2 1
1.605 0.0770945 2 1
1.61 0.0773509 2 1
1.615 0.0776073 2 1
1.62 0.0778637 2 1
1.625 0.0781202 2 1
1.63 0.0783766 2 1
1.635 0.078633 2 1
1.64 0.0788894 2 1
1.645 0.0791458 2 1
1.65 0.0794022 2 1
1.655 0.0796587 2 1
1.66 0.0799151 2 1
1.665 0.0801715 2 1
1.67 0.0804279 2 1
1.675 0.0806843 2 1
1.68 0.0809407 2 1
1.685 0.0811971 2 1
1.69 0.0814536 2 1
1.695 0.08171 2 1
1.7 0.0819664 2 1
1.705 0.0822228 2 1
1.71 0.0824792 2 1
1.715 0.0827356 2 1
1.72 0.0829921 2 1
1.725 0.0832485 2 1
1.73 0.0835049 2 1
1.735 0.0837613 2 1
1.74 0.0840177 2 1
1.745 0.0842741 2 1
1.75 0.0845305 2 1
1.755 0.084787 2 1
1.76 0.0850434 2 1
1.765 0.0852998 2 1
1.77 0.0855562 2 1
1.775 0.0858126 2 1
1.78 0.086069 2 1
1.785 0.0863255 2 1
1.79 0.0865819 2 1
1.795 0.0868383 2 1
1.8 0.0870947 2 1
1.805 0.0873511 2 1
1.81 0.0876075 2 1
1.815 0.0878639 2 1
1.82 0.0881204 2 1
1.825 0.0883768 2 1
1.83 0.0886332 2 1
1.835 0.0888896 2 1
1.84 0.089146 2 1
1.845 0.0894024 2 1
1.85 0.0896589 2 1
1.855 0.0899153 2 1
1.86 0.0901717 2 1
1.865 0.0904281 2 1
1.87 0.0906845 2 1
1.875 0.0909409 2 1
1.88 0.0911974 2 1
1.885 0.0914538 2 1
1.89 0.0917102 2 1
1.895 0.0919666 2 1
1.9 0.092223 2 1
1.905 0.0924794 2 1
1.91 0.0927358 2 1
1.915 0.0929923 2 1
1.92 0.0932487 2 1
1.925 0.0935051 2 1
1.93 0.0937615 2 1
1.935 0.0940179 2 1
1.94 0.0942743 2 1
1.945 0.0945308 2 1
1.95 0.0947872 2 1
1.955 0.0950436 2 1
1.96 0.0953 2 1
1.965 0.0955564 2 1
1.97 0.0958128 2 1
1.975 0.0960692 2 1
1.98 0.0963257 2 1
1.985 0.0965821 2 1
1.99 0.0968385 2 1
1.995 0.0970949 2 1
2 0.0973513 2 1
2.005 0.0976077 2 1
2.01 0.0978642 2 1
2.015 0.0981206 2 1
2.02 0.098377 2 1
2.025 0.0986334 2 1
2.03 0.0988898 2 1
2.035 0.0991462 2 1
2.04 0.0994026 2 1
2.045 0.0996591 2 1
2.05 0.0999155 2 1
2.055 0.100172 2 1
2.06 0.100428 2 1
2.065 0.100685 2 1
2.07 0.100941 2 1
2.075 0.101198 2 1
2.08 0.101454 2 1
2.085 0.10171 2 1
2.09 0.101967 2 1
2.095 0.102223 2 1
2.1 0.10248 2 1
2.105 0.102736 2 1
2.11 0.102992 2 1
2.115 0.103249 2 1
2.12 0.103505 2 1
2.125 0.103762 2 1
2.13 0.104018 2 1
2.135 0.104275 2 1
2.14 0.104531 2 1
2.145 0.104787 2 1
2.15 0.105044 2 1
2.155 0.1053 2 1
2.16 0.105557 2 1
2.165 0.105813 2 1
2.17 0.106069 2 1
2.175 0.106326 2 1
2.18 0.106582 2 1
2.185 0.106839 2 1
2.19 0.107095 2 1
2.195 0.107352 2 1
2.2 0.107608 2 1
2.205 0.107864 2 1
2.21 0.108121 2 1
2.215 0.108377 2 1
2.22 0.108634 2 1
2.225 0.10889 2 1
2.23 0.109146 2 1
2.235 0.109403 2 1
2.24 0.109659 2 1
2.245 0.109916 2 1
2.25 0.110172 2 1
2.255 0.110429 2 1
2.26 0.110685 2 1
2.265 0.110941 2 1
2.27 0.111198 2 1
2.275 0.111454 2 1
2.28 0.111711 2 1
2.285 0.111967 2 1
2.29 0.112223 2 1
2.295 0.11248 2 1
2.3 0.112736 2 1
2.305 0.112993 2 1
2.31 0.113249 2 1
2.315 0.113505 2 1
2.32 0.113762 2 1
2.325 0.114018 2 1
2.33 0.114275 2 1
2.335 0.114531 2 1
2.34 0.114788 2 1
2.345 0.115044 2 1
2.35 0.1153 2 1
2.355 0.115557 2 1
2.36 0.115813 2 1
2.365 0.11607 2 1
2.37 0.116326 2 1
2.375 0.116582 2 1
2.38 0.116839 2 1
2.385 0.117095 2 1
2.39 0.117352 2 1
2.395 0.117608 2 1
2.4 0.117865 2 1
2.405 0.118121 2 1
2.41 0.118377 2 1
2.415 0.118634 2 1
2.42 0.11889 2 1
2.425 0.119147 2 1
2.43 0.119403 2 1
2.435 0.119659 2 1
2.44 0.119916 2 1
2.445 0.120172 2 1
2.45 0.120429 2 1
2.455 0.120685 2 1
2.46 0.120942 2 1
2.465 0.121198 2 1
2.47 0.121454 2 1
2.475 0.121711 2 1
2.48 0.121967 2 1
2.485 0.122224 2 1
2.49 0.12248 2 1
2.495 0.122736 2 1
2.5 0.122993 2 1
2.505 0.123249 2 1
2.51 0.123506 2 1
2.515 0.123762 2 1
2.52 0.124019 2 1
2.525 0.124275 2 1
2.53 0.124531 2 1
2.535 0.124788 2 1
2.54 0.125044 2 1
2.545 0.125301 2 1
2.55 0.125557 2 1
2.555 0.125813 2 1
2.56 0.12607 2 1
2.565 0.126326 2 1
2.57 0.126583 2 1
2.575 0.126839 2 1
2.58 0.127096 2 1
2.585 0.127352 2 1
2.59 0.127608 2 1
2.595 0.127865 2 1
2.6 0.128121 2 1
2.605 0.128378 2 1
2.61 0.128634 2 1
2.615 0.12889 2 1
2.62 0.129147 2 1
2.625 0.129403 2 1
2.63 0.12966 2 1
2.635 0.129916 2 1
2.64 0.130172 2 1
2.645 0.130429 2 1
2.65 0.130685 2 1
2.655 0.130942 2 1
2.66 0.131198 2 1
2.665 0.131455 2 1
2.67 0.131711 2 1
2.675 0.131967 2 1
2.68 0.132224 2 1
2.685 0.13248 2 1
2.69 0.132737 2 1
2.695 0.132993 2 1
2.7 0.133249 2 1
2.705 0.133506 2 1
2.71 0.133762 2 1
2.715 0.134019 2 1
2.72 0.134275 2 1
2.725 0.134532 2 1
2.73 0.134788 2 1
2.735 0.135044 2 1
2.74 0.135301 2 1
2.745 0.135557 2 1
2.75 0.135814 2 1
2.755 0.13607 2 1
2.76 0.136326 2 1
2.765 0.136583 2 1
2.77 0.136839 2 1
2.775 0.137096 2 1
2.78 0.137352 2 1
2.785 0.137609 2 1
2.79 0.137865 2 1
2.795 0.138121 2 1
2.8 0.138378 2 1
2.805 0.138634 2 1
2.81 0.138891 2 1
2.815 0.139147 2 1
2.82 0.139403 2 1
2.825 0.13966 2 1
2.83 0.139916 2 1
2.835 0.140173 2 1
2.84 0.140429 2 1
2.845 0.140686 2 1
2.85 0.140942 2 1
2.855 0.141198 2 1
2.86 0.141455 2 1
2.865 0.141711 2 1
2.87 0.141968 2 1
2.875 0.142224 2 1
2.88 0.14248 2 1
2.885 0.142737 2 1
2.89 0.142993 2 1
2.895 0.14325 2 1
2.9 0.143506 2 1
2.905 0.143763 2 1
2.91 0.144019 2 1
2.915 0.144275 2 1
2.92 0.144532 2 1
2.925 0.144788 2 1
2.93 0.145045 2 1
2.935 0.145301 2 1
2.94 0.145557 2 1
2.945 0.145814 2 1
2.95 0.14607 2 1
2.955 0.146327 2 1
2.96 0.146583 2 1
2.965 0.146839 2 1
2.97 0.147096 2 1
2.975 0.147352 2 1
2.98 0.147609 2 1
2.985 0.147865 2 1
2.99 0.148122 2 1
2.995 0.148378 2 1
3 0.148634 2 1
3.005 0.148891 2 1
3.01 0.149147 2 1
3.015 0.149404 2 1
3.02 0.14966 2 1
3.025 0.149916 2 1
3.03 0.150173 2 1
3.035 0.150429 2 1
3.04 0.150686 2 1
3.045 0.150942 2 1
3.05 0.151199 2 1
3.055 0.151455 2 1
3.06 0.151711 2 1
3.065 0.151968 2 1
3.07 0.152224 2 1
3.075 0.152481 2 1
3.08 0.152737 2 1
3.085 0.152993 2 1
3.09 0.15325 2 1
3.095 0.153506 2 1
3.1 0.153763 2 1
3.105 0.154019 2 1
3.11 0.154276 2 1
3.115 0.154532 2 1
3.12 0.154788 2 1
3.125 0.155045 2 1
3.13 0.155301 2 1
3.135 0.155558 2 1
3.14 0.155814 2 1
3.145 0.15607 2 1
3.15 0.156327 2 1
3.155 0.156583 2 1
3.16 0.15684 2 1
3.165 0.157096 2 1
3.17 0.157353 2 1
3.175 0.157609 2 1
3.18 0.157865 2 1
3.185 0.158122 2 1
3.19 0.158378 2 1
3.195 0.158635 2 1
3.2 0.158891 2 1
3.205 0.159147 2 1
3.21 0.159404 2 1
3.215 0.15966 2 1
3.22 0.159917 2 1
3.225 0.160173 2 1
3.23 0.16043 2 1
3.235 0.160686 2 1
3.24 0.160942 2 1
3.245 0.161199 2 1
3.25 0.161455 2 1
3.255 0.161712 2 1
3.26 0.161968 2 1
3.265 0.162224 2 1
3.27 0.162481 2 1
3.275 0.162737 2 1
3.28 0.162994 2 1
3.285 0.16325 2 1
3.29 0.163507 2 1
3.295 0.163763 2 1
3.3 0.164019 2 1
3.305 0.164276 2 1
3.31 0.164532 2 1
3.315 0.164789 2 1
3.32 0.165045 2 1
3.325 0.165301 2 1
3.33 0.165558 2 1
3.335 0.165814 2 1
3.34 0.166071 2 1
3.345 0.166327 2 1
3.35 0.166583 2 1
3.355 0.16684 2 1
3.36 0.167096 2 1
3.365 0.167353 2 1
3.37 0.167609 2 1
3.375 0.167866 2 1
3.38 0.168122 2 1
3.385 0.168378 2 1
3.39 0.168635 2 1
3.395 0.168891 2 1
3.4 0.169148 2 1
3.405 0.169404 2 1
3.41 0.16966 2 1
3.415 0.169917 2 1
3.42 0.170173 2 1
3.425 0.17043 2 1
3.43 0.170686 2 1
3.435 0.170943 2 1
3.44 0.171199 2 1
3.445 0.171455 2 1
3.45 0.171712 2 1
3.455 0.171968 2 1
3.46 0.172225 2 1
3.465 0.172481 2 1
3.47 0.172737 2 1
3.475 0.172994 2 1
3.48 0.17325 2 1
3.485 0.173507 2 1
3.49 0.173763 2 1
3.495 0.17402 2 1
3.5 0.174276 2 1
3.505 0.174532 2 1
3.51 0.174789 2 1
3.515 0.175045 2 1
3.52 0.175302 2 1
3.525 0.175558 2 1
3.53 0.175814 2 1
3.535 0.176071 2 1
3.54 0.176327 2 1
3.545 0.176584 2 1
3.55 0.17684 2 1
3.555 0.177097 2 1
3.56 0.177353 2 1
3.565 0.177609 2 1
3.57 0.177866 2 1
3.575 0.178122 2 1
3.58 0.178379 2 1
3.585 0.178635 2 1
3.59 0.178891 2 1
3.595 0.179148 2 1
3.6 0.179404 2 1
3.605 0.179661 2 1
3.61 0.179917 2 1
3.615 0.180174 2 1
3.62 0.18043 2 1
3.625 0.180686 2 1
3.63 0.180943 2 1
3.635 0.181199 2 1
3.64 0.181456 2 1
3.645 0.181712 2 1
3.65 0.181968 2 1
3.655 0.182225 2 1
3.66 0.182481 2 1
3.665 0.182738 2 1
3.67 0.182994 2 1
3.675 0.18325 2 1
3.68 0.183507 2 1
3.685 0.183763 2 1
3.69 0.18402 2 1
3.695 0.184276 2 1
3.7 0.184533 2 1
3.705 0.184789 2 1
3.71 0.185045 2 1
3.715 0.185302 2 1
3.72 0.185558 2 1
3.725 0.185815 2 1
3.73 0.186071 2 1
3.735 0.186327 2 1
3.74 0.186584 2 1
3.745 0.18684 2 1
3.75 0.187097 2 1
3.755 0.187353 2 1
3.76 0.18761 2 1
3.765 0.187866 2 1
3.77 0.188122 2 1
3.775 0.188379 2 1
3.78 0.188635 2 1
3.785 0.188892 2 1
3.79 0.189148 2 1
3.795 0.189404 2 1
3.8 0.189661 2 1
3.805 0.189917 2 1
3.81 0.190174 2 1
3.815 0.19043 2 1
3.82 0.190687 2 1
3.825 0.190943 2 1
3.83 0.191199 2 1
3.835 0.191456 2 1
3.84 0.191712 2 1
3.845 0.191969 2 1
3.85 0.192225 2 1
3.855 0.192481 2 1
3.86 0.192738 2 1
3.865 0.192994 2 1
3.87 0.193251 2 1
3.875 0.193507 2 1
3.88 0.193764 2 1
3.885 0.19402 2 1
3.89 0.194276 2 1
3.895 0.194533 2 1
3.9 0.194789 2 1
3.905 0.195046 2 1
3.91 0.195302 2 1
3.915 0.195558 2 1
3.92 0.195815 2 1
3.925 0.196071 2 1
3.93 0.196328 2 1
3.935 0.196584 2 1
3.94 0.196841 2 1
3.945 0.197097 2 1
3.95 0.197353 2 1
3.955 0.19761 2 1
3.96 0.197866 2 1
3.965 0.198123 2 1
3.97 0.198379 2 1
3.975 0.198635 2 1
3.98 0.198892 2 1
3.985 0.199148 2 1
3.99 0.199405 2 1
3.995 0.199661 2 1
4 0.199917 2 1
4.005 0.200174 2 1
4.01 0.20043 2 1
4.015 0.200687 2 1
4.02 0.200943 2 1
4.025 0.2012 2 1
4.03 0.201456 2 1
4.035 0.201712 2 1
4.04 0.201969 2 1
4.045 0.202225 2 1
4.05 0.202482 2 1
4.055 0.202738 2 1
4.06 0.202994 2 1
4.065 0.203251 2 1
4.07 0.203507 2 1
4.075 0.203764 2 1
4.08 0.20402 2 1
4.085 0.204277 2 1
4.09 0.204533 2 1
4.095 0.204789 2 1
4.1 0.205046 2 1
4.105 0.205302 2 1
4.11 0.205559 2 1
4.115 0.205815 2 1
4.12 0.206071 2 1
4.125 0.206328 2 1
4.13 0.206584 2 1
4.135 0.206841 2 1
4.14 0.207097 2 1
4.145 0.207354 2 1
4.15 0.20761 2 1
4.155 0.207866 2 1
4.16 0.208123 2 1
4.165 0.208379 2 1
4.17 0.208636 2 1
4.175 0.208892 2 1
4.18 0.209148 2 1
4.185 0.209405 2 1
4.19 0.209661 2 1
4.195 0.209918 2 1
4.2 0.210174 2 1
4.205 0.210431 2 1
4.21 0.210687 2 1
4.215 0.210943 2 1
4.22 0.2112 2 1
4.225 0.211456 2 1
4.23 0.211713 2 1
4.235 0.211969 2 1
4.24 0.212225 2 1
4.245 0.212482 2 1
4.25 0.212738 2 1
4.255 0.212995 2 1
4.26 0.213251 2 1
4.265 0.213508 2 1
4.27 0.213764 2 1
4.275 0.21402 2 1
4.28 0.214277 2 1
4.285 0.214533 2 1
4.29 0.21479 2 1
4.295 0.215046 2 1
4.3 0.215302 2 1
4.305 0.215559 2 1
4.31 0.215815 2 1
4.315 0.216072 2 1
4.32 0.216328 2 1
4.325 0.216584 2 1
4.33 0.216841 2 1
4.335 0.217097 2 1
4.34 0.217354 2 1
4.345 0.21761 2 1
4.35 0.217867 2 1
4.355 0.218123 2 1
4.36 0.218379 2 1
4.365 0.218636 2 1
4.37 0.218892 2 1
4.375 0.219149 2 1
4.38 0.219405 2 1
4.385 0.219661 2 1
4.39 0.219918 2 1
4.395 0.220174 2 1
4.4 0.220431 2 1
4.405 0.220687 2 1
4.41 0.220944 2 1
4.415 0.2212 2 1
4.42 0.221456 2 1
4.425 0.221713 2 1
4.43 0.221969 2 1
4.435 0.222226 2 1
4.44 0.222482 2 1
4.445 0.222738 2 1
4.45 0.222995 2 1
4.455 0.223251 2 1
4.46 0.223508 2 1
4.465 0.223764 2 1
4.47 0.224021 2 1
4.475 0.224277 2 1
4.48 0.224533 2 1
4.485 0.22479 2 1
4.49 0.225046 2 1
4.495 0.225303 2 1
4.5 0.225559 2 1
4.505 0.225815 2 1
4.51 0.226072 2 1
4.515 0.226328 2 1
4.52 0.226585 2 1
4.525 0.226841 2 1
4.53 0.227098 2 1
4.535 0.227354 2 1
4.54 0.22761 2 1
4.545 0.227867 2 1
4.55 0.228123 2 1
4.555 0.22838 2 1
4.56 0.228636 2 1
4.565 0.228892 2 1
4.57 0.229149 2 1
4.575 0.229405 2 1
4.58 0.229662 2 1
4.585 0.229918 2 1
4.59 0.230175 2 1
4.595 0.230431 2 1
4.6 0.230687 2 1
4.605 0.230944 2 1
4.61 0.2312 2 1
4.615 0.231457 2 1
4.62 0.231713 2 1
4.625 0.231969 2 1
4.63 0.232226 2 1
4.635 0.232482 2 1
4.64 0.232739 2 1
4.645 0.232995 2 1
4.65 0.233251 2 1
4.655 0.233508 2 1
4.66 0.233764 2 1
4.665 0.234021 2 1
4.67 0.234277 2 1
4.675 0.234534 2 1
4.68 0.23479 2 1
4.685 0.235046 2 1
4.69 0.235303 2 1
4.695 0.235559 2 1
4.7 0.235816 2 1
4.705 0.236072 2 1
4.71 0.236328 2 1
4.715 0.236585 2 1
4.72 0.236841 2 1
4.725 0.237098 2 1
4.73 0.237354 2 1
4.735 0.237611 2 1
4.74 0.237867 2 1
4.745 0.238123 2 1
4.75 0.23838 2 1
4.755 0.238636 2 1
4.76 0.238893 2 1
4.765 0.239149 2 1
4.77 0.239405 2 1
4.775 0.239662 2 1
4.78 0.239918 2 1
4.785 0.240175 2 1
4.79 0.240431 2 1
4.795 0.240688 2 1
4.8 0.240944 2 1
4.805 0.2412 2 1
4.81 0.241457 2 1
4.815 0.241713 2 1
4.82 0.24197 2 1
4.825 0.242226 2 1
4.83 0.242482 2 1
4.835 0.242739 2 1
4.84 0.242995 2 1
4.845 0.243252 2 1
4.85 0.243508 2 1
4.855 0.243765 2 1
4.86 0.244021 2 1
4.865 0.244277 2 1
4.87 0.244534 2 1
4.875 0.24479 2 1
4.88 0.245047 2 1
4.885 0.245303 2 1
4.89 0.245559 2 1
4.895 0.245816 2 1
4.9 0.246072 2 1
4.905 0.246329 2 1
4.91 0.246585 2 1
4.915 0.246842 2 1
4.92 0.247098 2 1
4.925 0.247354 2 1
4.93 0.247611 2 1
4.935 0.247867 2 1
4.94 0.248124 2 1
4.945 0.24838 2 1
4.95 0.248636 2 1
4.955 0.248893 2 1
4.96 0.249149 2 1
4.965 0.249406 2 1
4.97 0.249662 2 1
4.975 0.249918 2 1
4.98 0.250175 2 1
4.985 0.250431 2 1
4.99 0.250688 2 1
4.995 0.250944 2 1
5 0.251201 2 1
5.005 0.251457 2 1
5.01 0.251713 2 1
5.015 0.25197 2 1
5.02 0.252226 2 1
5.025 0.252483 2 1
5.03 0.252739 2 1
5.035 0.252995 2 1
5.04 0.253252 2 1
5.045 0.253508 2 1
5.05 0.253765 2 1
5.055 0.254021 2 1
5.06 0.254278 2 1
5.065 0.254534 2 1
5.07 0.25479 2 1
5.075 0.255047 2 1
5.08 0.255303 2 1
5.085 0.25556 2 1
5.09 0.255816 2 1
5.095 0.256072 2 1
5.1 0.256329 2 1
5.105 0.256585 2 1
5.11 0.256842 2 1
5.115 0.257098 2 1
5.12 0.257355 2 1
5.125 0.257611 2 1
5.13 0.257867 2 1
5.135 0.258124 2 1
5.14 0.25838 2 1
5.145 0.258637 2 1
5.15 0.258893 2 1
5.155 0.259149 2 1
5.16 0.259406 2 1
5.165 0.259662 2 1
5.17 0.259919 2 1
5.175 0.260175 2 1
5.18 0.260432 2 1
5.185 0.260688 2 1
5.19 0.260944 2 1
5.195 0.261201 2 1
5.2 0.261457 2 1
5.205 0.261714 2 1
5.21 0.26197 2 1
5.215 0.262226 2 1
5.22 0.262483 2 1
5.225 0.262739 2 1
5.23 0.262996 2 1
5.235 0.263252 2 1
5.24 0.263509 2 1
5.245 0.263765 2 1
5.25 0.264021 2 1
5.255 0.264278 2 1
5.26 0.264534 2 1
5.265 0.264791 2 1
5.27 0.265047 2 1
5.275 0.265303 2 1
5.28 0.26556 2 1
5.285 0.265816 2 1
5.29 0.266073 2 1
5.295 0.266329 2 1
5.3 0.266586 2 1
5.305 0.266842 2 1
5.31 0.267098 2 1
5.315 0.267355 2 1
5.32 0.267611 2 1
5.325 0.267868 2 1
5.33 0.268124 2 1
5.335 0.26838 2 1
5.34 0.268637 2 1
5.345 0.268893 2 1
5.35 0.26915 2 1
5.355 0.269406 2 1
5.36 0.269662 2 1
5.365 0.269919 2 1
5.37 0.270175 2 1
5.375 0.270432 2 1
5.38 0.270688 2 1
5.385 0.270945 2 1
5.39 0.271201 2 1
5.395 0.271457 2 1
5.4 0.271714 2 1
5.405 0.27197 2 1
5.41 0.272227 2 1
5.415 0.272483 2 1
5.42 0.272739 2 1
5.425 0.272996 2 1
5.43 0.273252 2 1
5.435 0.273509 2 1
5.44 0.273765 2 1
5.445 0.274022 2 1
5.45 0.274278 2 1
5.455 0.274534 2 1
5.46 0.274791 2 1
5.465 0.275047 2 1
5.47 0.275304 2 1
5.475 0.27556 2 1
5.48 0.275816 2 1
5.485 0.276073 2 1
5.49 0.276329 2 1
5.495 0.276586 2 1
5.5 0.276842 2 1
5.505 0.277099 2 1
5.51 0.277355 2 1
5.515 0.277611 2 1
5.52 0.277868 2 1
5.525 0.278124 2 1
5.53 0.278381 2 1
5.535 0.278637 2 1
5.54 0.278893 2 1
5.545 0.27915 2 1
5.55 0.279406 2 1
5.555 0.279663 2 1
5.56 0.279919 2 1
5.565 0.280176 2 1
5.57 0.280432 2 1
5.575 0.280688 2 1
5.58 0.280945 2 1
5.585 0.281201 2 1
5.59 0.281458 2 1
5.595 0.281714 2 1
5.6 0.28197 2 1
5.605 0.282227 2 1
5.61 0.282483 2 1
5.615 0.28274 2 1
5.62 0.282996 2 1
5.625 0.283253 2 1
5.63 0.283509 2 1
5.635 0.283765 2 1
5.64 0.284022 2 1
5.645 0.284278 2 1
5.65 0.284535 2 1
5.655 0.284791 2 1
5.66 0.285047 2 1
5.665 0.285304 2 1
5.67 0.28556 2 1
5.675 0.285817 2 1
5.68 0.286073 2 1
5.685 0.286329 2 1
5.69 0.286586 2 1
5.695 0.286842 2 1
5.7 0.287099 2 1
5.705 0.287355 2 1
5.71 0.287612 2 1
5.715 0.287868 2 1
5.72 0.288124 2 1
5.725 0.288381 2 1
5.73 0.288637 2 1
5.735 0.288894 2 1
5.74 0.28915 2 1
5.745 0.289406 2 1
5.75 0.289663 2 1
5.755 0.289919 2 1
5.76 0.290176 2 1
5.765 0.290432 2 1
5.77 0.290689 2 1
5.775 0.290945 2 1
5.78 0.291201 2 1
5.785 0.291458 2 1
5.79 0.291714 2 1
5.795 0.291971 2 1
5.8 0.292227 2 1
5.805 0.292483 2 1
5.81 0.29274 2 1
5.815 0.292996 2 1
5.82 0.293253 2 1
5.825 0.293509 2 1
5.83 0.293766 2 1
5.835 0.294022 2 1
5.84 0.294278 2 1
5.845 0.294535 2 1
5.85 0.294791 2 1
5.855 0.295048 2 1
5.86 0.295304 2 1
5.865 0.29556 2 1
5.87 0.295817 2 1
5.875 0.296073 2 1
5.88 0.29633 2 1
5.885 0.296586 2 1
5.89 0.296843 2 1
5.895 0.297099 2 1
5.9 0.297355 2 1
5.905 0.297612 2 1
5.91 0.297868 2 1
5.915 0.298125 2 1
5.92 0.298381 2 1
5.925 0.298637 2 1
5.93 0.298894 2 1
5.935 0.29915 2 1
5.94 0.299407 2 1
5.945 0.299663 2 1
5.95 0.29992 2 1
5.955 0.300176 2 1
5.96 0.300432 2 1
5.965 0.300689 2 1
5.97 0.300945 2 1
5.975 0.301202 2 1
5.98 0.301458 2 1
5.985 0.301714 2 1
5.99 0.301971 2 1
5.995 0.302227 2 1
6 0.302484 2 1
6.005 0.30274 2 1
6.01 0.302996 2 1
6.015 0.303253 2 1
6.02 0.303509 2 1
6.025 0.303766 2 1
6.03 0.304022 2 1
6.035 0.304279 2 1
6.04 0.304535 2 1
6.045 0.304791 2 1
6.05 0.305048 2 1
6.055 0.305304 2 1
6.06 0.305561 2 1
6.065 0.305817 2 1
6.07 0.306073 2 1
6.075 0.30633 2 1
6.08 0.306586 2 1
6.085 0.306843 2 1
6.09 0.307099 2 1
6.095 0.307356 2 1
6.1 0.307612 2 1
6.105 0.307868 2 1
6.11 0.308125 2 1
6.115 0.308381 2 1
6.12 0.308638 2 1
6.125 0.308894 2 1
6.13 0.30915 2 1
6.135 0.309407 2 1
6.14 0.309663 2 1
6.145 0.30992 2 1
6.15 0.310176 2 1
6.155 0.310433 2 1
6.16 0.310689 2 1
6.165 0.310945 2 1
6.17 0.311202 2 1
6.175 0.311458 2 1
6.18 0.311715 2 1
6.185 0.311971 2 1
6.19 0.312227 2 1
6.195 0.312484 2 1
6.2 0.31274 2 1
6.205 0.312997 2 1
6.21 0.313253 2 1
6.215 0.31351 2 1
6.22 0.313766 2 1
6.225 0.314022 2 1
6.23 0.314279 2 1
6.235 0.314535 2 1
6.24 0.314792 2 1
6.245 0.315048 2 1
6.25 0.315304 2 1
6.255 0.315561 2 1
6.26 0.315817 2 1
6.265 0.316074 2 1
6.27 0.31633 2 1
6.275 0.316587 2 1
6.28 0.316843 2 1
6.285 0.317099 2 1
6.29 0.317356 2 1
6.295 0.317612 2 1
6.3 0.317869 2 1
6.305 0.318125 2 1
6.31 0.318381 2 1
6.315 0.318638 2 1
6.32 0.318894 2 1
6.325 0.319151 2 1
6.33 0.319407 2 1
6.335 0.319663 2 1
6.34 0.31992 2 1
6.345 0.320176 2 1
6.35 0.320433 2 1
6.355 0.320689 2 1
6.36 0.320946 2 1
6.365 0.321202 2 1
6.37 0.321458 2 1
6.375 0.321715 2 1
6.38 0.321971 2 1
6.385 0.322228 2 1
6.39 0.322484 2 1
6.395 0.32274 2 1
6.4 0.322997 2 1
6.405 0.323253 2 1
6.41 0.32351 2 1
6.415 0.323766 2 1
6.42 0.324023 2 1
6.425 0.324279 2 1
6.43 0.324535 2 1
6.435 0.324792 2 1
6.44 0.325048 2 1
6.445 0.325305 2 1
6.45 0.325561 2 1
6.455 0.325817 2 1
6.46 0.326074 2 1
6.465 0.32633 2 1
6.47 0.326587 2 1
6.475 0.326843 2 1
6.48 0.3271 2 1
6.485 0.327356 2 1
6.49 0.327612 2 1
6.495 0.327869 2 1
6.5 0.328125 2 1
6.505 0.328382 2 1
6.51 0.328638 2 1
6.515 0.328894 2 1
6.52 0.329151 2 1
6.525 0.329407 2 1
6.53 0.329664 2 1
6.535 0.32992 2 1
6.54 0.330177 2 1
6.545 0.330433 2 1
6.55 0.330689 2 1
6.555 0.330946 2 1
6.56 0.331202 2 1
6.565 0.331459 2 1
6.57 0.331715 2 1
6.575 0.331971 2 1
6.58 0.332228 2 1
6.585 0.332484 2 1
6.59 0.332741 2 1
6.595 0.332997 2 1
6.6 0.333254 2 1
6.605 0.33351 2 1
6.61 0.333766 2 1
6.615 0.334023 2 1
6.62 0.334279 2 1
6.625 0.334536 2 1
6.63 0.334792 2 1
6.635 0.335048 2 1
6.64 0.335305 2 1
6.645 0.335561 2 1
6.65 0.335818 2 1
6.655 0.336074 2 1
6.66 0.33633 2 1
6.665 0.336587 2 1
6.67 0.336843 2 1
6.675 0.3371 2 1
6.68 0.337356 2 1
6.685 0.337613 2 1
6.69 0.337869 2 1
6.695 0.338125 2 1
6.7 0.338382 2 1
6.705 0.338638 2 1
6.71 0.338895 2 1
6.715 0.339151 2 1
6.72 0.339407 2 1
6.725 0.339664 2 1
6.73 0.33992 2 1
6.735 0.340177 2 1
6.74 0.340433 2 1
6.745 0.34069 2 1
6.75 0.340946 2 1
6.755 0.341202 2 1
6.76 0.341459 2 1
6.765 0.341715 2 1
6.77 0.341972 2 1
6.775 0.342228 2 1
6.78 0.342484 2 1
6.785 0.342741 2 1
6.79 0.342997 2 1
6.795 0.343254 2 1
6.8 0.34351 2 1
6.805 0.343767 2 1
6.81 0.344023 2 1
6.815 0.344279 2 1
6.82 0.344536 2 1
6.825 0.344792 2 1
6.83 0.345049 2 1
6.835 0.345305 2 1
6.84 0.345561 2 1
6.845 0.345818 2 1
6.85 0.346074 2 1
6.855 0.346331 2 1
6.86 0.346587 2 1
6.865 0.346844 2 1
6.87 0.3471 2 1
6.875 0.347356 2 1
6.88 0.347613 2 1
6.885 0.347869 2 1
6.89 0.348126 2 1
6.895 0.348382 2 1
6.9 0.348638 2 1
6.905 0.348895 2 1
6.91 0.349151 2 1
6.915 0.349408 2 1
6.92 0.349664 2 1
6.925 0.349921 2 1
6.93 0.350177 2 1
6.935 0.350433 2 1
6.94 0.35069 2 1
6.945 0.350946 2 1
6.95 0.351203 2 1
6.955 0.351459 2 1
6.96 0.351715 2 1
6.965 0.351972 2 1
6.97 0.352228 2 1
6.975 0.352485 2 1
6.98 0.352741 2 1
6.985 0.352997 2 1
6.99 0.353254 2 1
6.995 0.35351 2 1
7 0.353767 2 1
7.005 0.354023 2 1
7.01 0.35428 2 1
7.015 0.354536 2 1
7.02 0.354792 2 1
7.025 0.355049 2 1
7.03 0.355305 2 1
7.035 0.355562 2 1
7.04 0.355818 2 1
7.045 0.356074 2 1
7.05 0.356331 2 1
7.055 0.356587 2 1
7.06 0.356844 2 1
7.065 0.3571 2 1
7.07 0.357357 2 1
7.075 0.357613 2 1
7.08 0.357869 2 1
7.085 0.358126 2 1
7.09 0.358382 2 1
7.095 0.358639 2 1
7.1 0.358895 2 1
7.105 0.359151 2 1
7.11 0.359408 2 1
7.115 0.359664 2 1
7.12 0.359921 2 1
7.125 0.360177 2 1
7.13 0.360434 2 1
7.135 0.36069 2 1
7.14 0.360946 2 1
7.145 0.361203 2 1
7.15 0.361459 2 1
7.155 0.361716 2 1
7.16 0.361972 2 1
7.165 0.362228 2 1
7.17 0.362485 2 1
7.175 0.362741 2 1
7.18 0.362998 2 1
7.185 0.363254 2 1
7.19 0.363511 2 1
7.195 0.363767 2 1
7.2 0.364023 2 1
7.205 0.36428 2 1
7.21 0.364536 2 1
7.215 0.364793 2 1
7.22 0.365049 2 1
7.225 0.365305 2 1
7.23 0.365562 2 1
7.235 0.365818 2 1
7.24 0.366075 2 1
7.245 0.366331 2 1
7.25 0.366588 2 1
7.255 0.366844 2 1
7.26 0.3671 2 1
7.265 0.367357 2 1
7.27 0.367613 2 1
7.275 0.36787 2 1
7.28 0.368126 2 1
7.285 0.368382 2 1
7.29 0.368639 2 1
7.295 0.368895 2 1
7.3 0.369152 2 1
7.305 0.369408 2 1
7.31 0.369665 2 1
7.315 0.369921 2 1
7.32 0.370177 2 1
7.325 0.370434 2 1
7.33 0.37069 2 1
7.335 0.370947 2 1
7.34 0.371203 2 1
7.345 0.371459 2 1
7.35 0.371716 2 1
7.355 0.371972 2 1
7.36 0.372229 2 1
7.365 0.372485 2 1
7.37 0.372741 2 1
7.375 0.372998 2 1
7.38 0.373254 2 1
7.385 0.373511 2 1
7.39 0.373767 2 1
7.395 0.374024 2 1
7.4 0.37428 2 1
7.405 0.374536 2 1
7.41 0.374793 2 1
7.415 0.375049 2 1
7.42 0.375306 2 1
7.425 0.375562 2 1
7.43 0.375818 2 1
7.435 0.376075 2 1
7.44 0.376331 2 1
7.445 0.376588 2 1
7.45 0.376844 2 1
7.455 0.377101 2 1
7.46 0.377357 2 1
7.465 0.377613 2 1
7.47 0.37787 2 1
7.475 0.378126 2 1
7.48 0.378383 2 1
7.485 0.378639 2 1
7.49 0.378895 2 1
7.495 0.379152 2 1
7.5 0.379408 2 1
7.505 0.379665 2 1
7.51 0.379921 2 1
7.515 0.380178 2 1
7.52 0.380434 2 1
7.525 0.38069 2 1
7.53 0.380947 2 1
7.535 0.381203 2 1
7.54 0.38146 2 1
7.545 0.381716 2 1
7.55 0.381972 2 1
7.555 0.382229 2 1
7.56 0.382485 2 1
7.565 0.382742 2 1
7.57 0.382998 2 1
7.575 0.383255 2 1
7.58 0.383511 2 1
7.585 0.383767 2 1
7.59 0.384024 2 1
7.595 0.38428 2 1
7.6 0.384537 2 1
7.605 0.384793 2 1
7.61 0.385049 2 1
7.615 0.385306 2 1
7.62 0.385562 2 1
7.625 0.385819 2 1
7.63 0.386075 2 1
7.635 0.386332 2 1
7.64 0.386588 2 1
7.645 0.386844 2 1
7.65 0.387101 2 1
7.655 0.387357 2 1
7.66 0.387614 2 1
7.665 0.38787 2 1
7.67 0.388126 2 1
7.675 0.388383 2 1
7.68 0.388639 2 1
7.685 0.388896 2 1
7.69 0.389152 2 1
7.695 0.389408 2 1
7.7 0.389665 2 1
7.705 0.389921 2 1
7.71 0.390178 2 1
7.715 0.390434 2 1
7.72 0.390691 2 1
7.725 0.390947 2 1
7.73 0.391203 2 1
7.735 0.39146 2 1
7.74 0.391716 2 1
7.745 0.391973 2 1
7.75 0.392229 2 1
7.755 0.392485 2 1
7.76 0.392742 2 1
7.765 0.392998 2 1
7.77 0.393255 2 1
7.775 0.393511 2 1
7.78 0.393768 2 1
7.785 0.394024 2 1
7.79 0.39428 2 1
7.795 0.394537 2 1
7.8 0.394793 2 1
7.805 0.39505 2 1
7.81 0.395306 2 1
7.815 0.395562 2 1
7.82 0.395819 2 1
7.825 0.396075 2 1
7.83 0.396332 2 1
7.835 0.396588 2 1
7.84 0.396845 2 1
7.845 0.397101 2 1
7.85 0.397357 2 1
7.855 0.397614 2 1
7.86 0.39787 2 1
7.865 0.398127 2 1
7.87 0.398383 2 1
7.875 0.398639 2 1
7.88 0.398896 2 1
7.885 0.399152 2 1
7.89 0.399409 2 1
7.895 0.399665 2 1
7.9 0.399922 2 1
7.905 0.400178 2 1
7.91 0.400434 2 1
7.915 0.400691 2 1
7.92 0.400947 2 1
7.925 0.401204 2 1
7.93 0.40146 2 1
7.935 0.401716 2 1
7.94 0.401973 2 1
7.945 0.402229 2 1
7.95 0.402486 2 1
7.955 0.402742 2 1
7.96 0.402999 2 1
7.965 0.403255 2 1
7.97 0.403511 2 1
7.975 0.403768 2 1
7.98 0.404024 2 1
7.985 0.404281 2 1
7.99 0.404537 2 1
7.995 0.404793 2 1
8 0.40505 2 1
8.005 0.405306 2 1
8.01 0.405563 2 1
8.015 0.405819 2 1
8.02 0.406075 2 1
8.025 0.406332 2 1
8.03 0.406588 2 1
8.035 0.406845 2 1
8.04 0.407101 2 1
8.045 0.407358 2 1
8.05 0.407614 2 1
8.055 0.40787 2 1
8.06 0.408127 2 1
8.065 0.408383 2 1
8.07 0.40864 2 1
8.075 0.408896 2 1
8.08 0.409152 2 1
8.085 0.409409 2 1
8.09 0.409665 2 1
8.095 0.409922 2 1
8.1 0.410178 2 1
8.105 0.410435 2 1
8.11 0.410691 2 1
8.115 0.410947 2 1
8.12 0.411204 2 1
8.125 0.41146 2 1
8.13 0.411717 2 1
8.135 0.411973 2 1
8.14 0.412229 2 1
8.145 0.412486 2 1
8.15 0.412742 2 1
8.155 0.412999 2 1
8.16 0.413255 2 1
8.165 0.413512 2 1
8.17 0.413768 2 1
8.175 0.414024 2 1
8.18 0.414281 2 1
8.185 0.414537 2 1
8.19 0.414794 2 1
8.195 0.41505 2 1
8.2 0.415306 2 1
8.205 0.415563 2 1
8.21 0.415819 2 1
8.215 0.416076 2 1
8.22 0.416332 2 1
8.225 0.416589 2 1
8.23 0.416845 2 1
8.235 0.417101 2 1
8.24 0.417358 2 1
8.245 0.417614 2 1
8.25 0.417871 2 1
8.255 0.418127 2 1
8.26 0.418383 2 1
8.265 0.41864 2 1
8.27 0.418896 2 1
8.275 0.419153 2 1
8.28 0.419409 2 1
8.285 0.419666 2 1
8.29 0.419922 2 1
8.295 0.420178 2 1
8.3 0.420435 2 1
8.305 0.420691 2 1
8.31 0.420948 2 1
8.315 0.421204 2 1
8.32 0.42146 2 1
8.325 0.421717 2 1
8.33 0.421973 2 1
8.335 0.42223 2 1
8.34 0.422486 2 1
8.345 0.422742 2 1
8.35 0.422999 2 1
8.355 0.423255 2 1
8.36 0.423512 2 1
8.365 0.423768 2 1
8.37 0.424025 2 1
8.375 0.424281 2 1
8.38 0.424537 2 1
8.385 0.424794 2 1
8.39 0.42505 2 1
8.395 0.425307 2 1
8.4 0.425563 2 1
8.405 0.425819 2 1
8.41 0.426076 2 1
8.415 0.426332 2 1
8.42 0.426589 2 1
8.425 0.426845 2 1
8.43 0.427102 2 1
8.435 0.427358 2 1
8.44 0.427614 2 1
8.445 0.427871 2 1
8.45 0.428127 2 1
8.455 0.428384 2 1
8.46 0.42864 2 1
8.465 0.428896 2 1
8.47 0.429153 2 1
8.475 0.429409 2 1
8.48 0.429666 2 1
8.485 0.429922 2 1
8.49 0.430179 2 1
8.495 0.430435 2 1
8.5 0.430691 2 1
8.505 0.430948 2 1
8.51 0.431204 2 1
8.515 0.431461 2 1
8.52 0.431717 2 1
8.525 0.431973 2 1
8.53 0.43223 2 1
8.535 0.432486 2 1
8.54 0.432743 2 1
8.545 0.432999 2 1
8.55 0.433256 2 1
8.555 0.433512 2 1
8.56 0.433768 2 1
8.565 0.434025 2 1
8.57 0.434281 2 1
8.575 0.434538 2 1
8.58 0.434794 2 1
8.585 0.43505 2 1
8.59 0.435307 2 1
8.595 0.435563 2 1
8.6 0.43582 2 1
8.605 0.436076 2 1
8.61 0.436333 2 1
8.615 0.436589 2 1
8.62 0.436845 2 1
8.625 0.437102 2 1
8.63 0.437358 2 1
8.635 0.437615 2 1
8.64 0.437871 2 1
8.645 0.438127 2 1
8.65 0.438384 2 1
8.655 0.43864 2 1
8.66 0.438897 2 1
8.665 0.439153 2 1
8.67 0.439409 2 1
8.675 0.439666 2 1
8.68 0.439922 2 1
8.685 0.440179 2 1
8.69 0.440435 2 1
8.695 0.440692 2 1
8.7 0.440948 2 1
8.705 0.441204 2 1
8.71 0.441461 2 1
8.715 0.441717 2 1
8.72 0.441974 2 1
8.725 0.44223 2 1
8.73 0.442486 2 1
8.735 0.442743 2 1
8.74 0.442999 2 1
8.745 0.443256 2 1
8.75 0.443512 2 1
8.755 0.443769 2 1
8.76 0.444025 2 1
8.765 0.444281 2 1
8.77 0.444538 2 1
8.775 0.444794 2 1
8.78 0.445051 2 1
8.785 0.445307 2 1
8.79 0.445563 2 1
8.795 0.44582 2 1
8.8 0.446076 2 1
8.805 0.446333 2 1
8.81 0.446589 2 1
8.815 0.446846 2 1
8.82 0.447102 2 1
8.825 0.447358 2 1
8.83 0.447615 2 1
8.835 0.447871 2 1
8.84 0.448128 2 1
8.845 0.448384 2 1
8.85 0.44864 2 1
8.855 0.448897 2 1
8.86 0.449153 2 1
8.865 0.44941 2 1
8.87 0.449666 2 1
8.875 0.449923 2 1
8.88 0.450179 2 1
8.885 0.450435 2 1
8.89 0.450692 2 1
8.895 0.450948 2 1
8.9 0.451205 2 1
8.905 0.451461 2 1
8.91 0.451717 2 1
8.915 0.451974 2 1
8.92 0.45223 2 1
8.925 0.452487 2 1
8.93 0.452743 2 1
8.935 0.453 2 1
8.94 0.453256 2 1
8.945 0.453512 2 1
8.95 0.453769 2 1
8.955 0.454025 2 1
8.96 0.454282 2 1
8.965 0.454538 2 1
8.97 0.454794 2 1
8.975 0.455051 2 1
8.98 0.455307 2 1
8.985 0.455564 2 1
8.99 0.45582 2 1
8.995 0.456076 2 1
9 0.456333 2 1
9.005 0.456589 2 1
9.01 0.456846 2 1
9.015 0.457102 2 1
9.02 0.457359 2 1
9.025 0.457615 2 1
9.03 0.457871 2 1
9.035 0.458128 2 1
9.04 0.458384 2 1
9.045 0.458641 2 1
9.05 0.458897 2 1
9.055 0.459153 2 1
9.06 0.45941 2 1
9.065 0.459666 2 1
9.07 0.459923 2 1
9.075 0.460179 2 1
9.08 0.460436 2 1
9.085 0.460692 2 1
9.09 0.460948 2 1
9.095 0.461205 2 1
9.1 0.461461 2 1
9.105 0.461718 2 1
9.11 0.461974 2 1
9.115 0.46223 2 1
9.12 0.462487 2 1
9.125 0.462743 2 1
9.13 0.463 2 1
9.135 0.463256 2 1
9.14 0.463513 2 1
9.145 0.463769 2 1
9.15 0.464025 2 1
9.155 0.464282 2 1
9.16 0.464538 2 1
9.165 0.464795 2 1
9.17 0.465051 2 1
9.175 0.465307 2 1
9.18 0.465564 2 1
9.185 0.46582 2 1
9.19 0.466077 2 1
9.195 0.466333 2 1
9.2 0.46659 2 1
9.205 0.466846 2 1
9.21 0.467102 2 1
9.215 0.467359 2 1
9.22 0.467615 2 1
9.225 0.467872 2 1
9.23 0.468128 2 1
9.235 0.468384 2 1
9.24 0.468641 2 1
9.245 0.468897 2 1
9.25 0.469154 2 1
9.255 0.46941 2 1
9.26 0.469667 2 1
9.265 0.469923 2 1
9.27 0.470179 2 1
9.275 0.470436 2 1
9.28 0.470692 2 1
9.285 0.470949 2 1
9.29 0.471205 2 1
9.295 0.471461 2 1
9.3 0.471718 2 1
9.305 0.471974 2 1
9.31 0.472231 2 1
9.315 0.472487 2 1
9.32 0.472744 2 1
9.325 0.473 2 1
9.33 0.473256 2 1
9.335 0.473513 2 1
9.34 0.473769 2 1
9.345 0.474026 2 1
9.35 0.474282 2 1
9.355 0.474538 2 1
9.36 0.474795 2 1
9.365 0.475051 2 1
9.37 0.475308 2 1
9.375 0.475564 2 1
9.38 0.47582 2 1
9.385 0.476077 2 1
9.39 0.476333 2 1
9.395 0.47659 2 1
9.4 0.476846 2 1
9.405 0.477103 2 1
9.41 0.477359 2 1
9.415 0.477615 2 1
9.42 0.477872 2 1
9.425 0.478128 2 1
9.43 0.478385 2 1
9.435 0.478641 2 1
9.44 0.478897 2 1
9.445 0.479154 2 1
9.45 0.47941 2 1
9.455 0.479667 2 1
9.46 0.479923 2 1
9.465 0.48018 2 1
9.47 0.480436 2 1
9.475 0.480692 2 1
9.48 0.480949 2 1
9.485 0.481205 2 1
9.49 0.481462 2 1
9.495 0.481718 2 1
9.5 0.481974 2 1
9.505 0.482231 2 1
9.51 0.482487 2 1
9.515 0.482744 2 1
9.52 0.483 2 1
9.525 0.483257 2 1
9.53 0.483513 2 1
9.535 0.483769 2 1
9.54 0.484026 2 1
9.545 0.484282 2 1
9.55 0.484539 2 1
9.555 0.484795 2 1
9.56 0.485051 2 1
9.565 0.485308 2 1
9.57 0.485564 2 1
9.575 0.485821 2 1
9.58 0.486077 2 1
9.585 0.486334 2 1
9.59 0.48659 2 1
9.595 0.486846 2 1
9.6 0.487103 2 1
9.605 0.487359 2 1
9.61 0.487616 2 1
9.615 0.487872 2 1
9.62 0.488128 2 1
9.625 0.488385 2 1
9.63 0.488641 2 1
9.635 0.488898 2 1
9.64 0.489154 2 1
9.645 0.489411 2 1
9.65 0.489667 2 1
9.655 0.489923 2 1
9.66 0.49018 2 1
9.665 0.490436 2 1
9.67 0.490693 2 1
9.675 0.490949 2 1
9.68 0.491205 2 1
9.685 0.491462 2 1
9.69 0.491718 2 1
9.695 0.491975 2 1
9.7 0.492231 2 1
9.705 0.492487 2 1
9.71 0.492744 2 1
9.715 0.493 2 1
9.72 0.493257 2 1
9.725 0.493513 2 1
9.73 0.49377 2 1
9.735 0.494026 2 1
9.74 0.494282 2 1
9.745 0.494539 2 1
9.75 0.494795 2 1
9.755 0.495052 2 1
9.76 0.495308 2 1
9.765 0.495564 2 1
9.77 0.495821 2 1
9.775 0.496077 2 1
9.78 0.496334 2 1
9.785 0.49659 2 1
9.79 0.496847 2 1
9.795 0.497103 2 1
9.8 0.497359 2 1
9.805 0.497616 2 1
9.81 0.497872 2 1
9.815 0.498129 2 1
9.82 0.498385 2 1
9.825 0.498641 2 1
9.83 0.498898 2 1
9.835 0.499154 2 1
9.84 0.499411 2 1
9.845 0.499667 2 1
9.85 0.499924 2 1
9.855 0.50018 2 1
9.86 0.500436 2 1
9.865 0.500693 2 1
9.87 0.500949 2 1
9.875 0.501206 2 1
9.88 0.501462 2 1
9.885 0.501718 2 1
9.89 0.501975 2 1
9.895 0.502231 2 1
9.9 0.502488 2 1
9.905 0.502744 2 1
9.91 0.503001 2 1
9.915 0.503257 2 1
9.92 0.503513 2 1
9.925 0.50377 2 1
9.93 0.504026 2 1
9.935 0.504283 2 1
9.94 0.504539 2 1
9.945 0.504795 2 1
9.95 0.505052 2 1
9.955 0.505308 2 1
9.96 0.505565 2 1
9.965 0.505821 2 1
9.97 0.506078 2 1
9.975 0.506334 2 1
9.98 0.50659 2 1
9.985 0.506847 2 1
9.99 0.507103 2 1
9.995 0.50736 2 1
10 0.507616 2 1
10.005 0.507872 2 1
10.01 0.508129 2 1
10.015 0.508385 2 1
10.02 0.508642 2 1
10.025 0.508898 2 1
10.03 0.509154 2 1
10.035 0.509411 2 1
10.04 0.509667 2 1
10.045 0.509924 2 1
10.05 0.51018 2 1
10.055 0.510437 2 1
10.06 0.510693 2 1
10.065 0.510949 2 1
10.07 0.511206 2 1
10.075 0.511462 2 1
10.08 0.511719 2 1
10.085 0.511975 2 1
10.09 0.512231 2 1
10.095 0.512488 2 1
10.1 0.512744 2 1
10.105 0.513001 2 1
10.11 0.513257 2 1
10.115 0.513514 2 1
10.12 0.51377 2 1
10.125 0.514026 2 1
10.13 0.514283 2 1
10.135 0.514539 2 1
10.14 0.514796 2 1
10.145 0.515052 2 1
10.15 0.515308 2 1
10.155 0.515565 2 1
10.16 0.515821 2 1
10.165 0.516078 2 1
10.17 0.516334 2 1
10.175 0.516591 2 1
10.18 0.516847 2 1
10.185 0.517103 2 1
10.19 0.51736 2 1
10.195 0.517616 2 1
10.2 0.517873 2 1
10.205 0.518129 2 1
10.21 0.518385 2 1
10.215 0.518642 2 1
10.22 0.518898 2 1
10.225 0.519155 2 1
10.23 0.519411 2 1
10.235 0.519668 2 1
10.24 0.519924 2 1
10.245 0.52018 2 1
10.25 0.520437 2 1
10.255 0.520693 2 1
10.26 0.52095 2 1
10.265 0.521206 2 1
10.27 0.521462 2 1
10.275 0.521719 2 1
10.28 0.521975 2 1
10.285 0.522232 2 1
10.29 0.522488 2 1
10.295 0.522745 2 1
10.3 0.523001 2 1
10.305 0.523257 2 1
10.31 0.523514 2 1
10.315 0.52377 2 1
10.32 0.524027 2 1
10.325 0.524283 2 1
10.33 0.524539 2 1
10.335 0.524796 2 1
10.34 0.525052 2 1
10.345 0.525309 2 1
10.35 0.525565 2 1
10.355 0.525821 2 1
10.36 0.526078 2 1
10.365 0.526334 2 1
10.37 0.526591 2 1
10.375 0.526847 2 1
10.38 0.527104 2 1
10.385 0.52736 2 1
10.39 0.527616 2 1
10.395 0.527873 2 1
10.4 0.528129 2 1
10.405 0.528386 2 1
10.41 0.528642 2 1
10.415 0.528898 2 1
10.42 0.529155 2 1
10.425 0.529411 2 1
10.43 0.529668 2 1
10.435 0.529924 2 1
10.44 0.530181 2 1
10.445 0.530437 2 1
10.45 0.530693 2 1
10.455 0.53095 2 1
10.46 0.531206 2 1
10.465 0.531463 2 1
10.47 0.531719 2 1
10.475 0.531975 2 1
10.48 0.532232 2 1
10.485 0.532488 2 1
10.49 0.532745 2 1
10.495 0.533001 2 1
10.5 0.533258 2 1
10.505 0.533514 2 1
10.51 0.53377 2 1
10.515 0.534027 2 1
10.52 0.534283 2 1
10.525 0.53454 2 1
10.53 0.534796 2 1
10.535 0.535052 2 1
10.54 0.535309 2 1
10.545 0.535565 2 1
10.55 0.535822 2 1
10.555 0.536078 2 1
10.56 0.536335 2 1
10.565 0.536591 2 1
10.57 0.536847 2 1
10.575 0.537104 2 1
10.58 0.53736 2 1
10.585 0.537617 2 1
10.59 0.537873 2 1
10.595 0.538129 2 1
10.6 0.538386 2 1
10.605 0.538642 2 1
10.61 0.538899 2 1
10.615 0.539155 2 1
10.62 0.539412 2 1
10.625 0.539668 2 1
10.63 0.539924 2 1
10.635 0.540181 2 1
10.64 0.540437 2 1
10.645 0.540694 2 1
10.65 0.54095 2 1
10.655 0.541206 2 1
10.66 0.541463 2 1
10.665 0.541719 2 1
10.67 0.541976 2 1
10.675 0.542232 2 1
10.68 0.542488 2 1
10.685 0.542745 2 1
10.69 0.543001 2 1
10.695 0.543258 2 1
10.7 0.543514 2 1
10.705 0.543771 2 1
10.71 0.544027 2 1
10.715 0.544283 2 1
10.72 0.54454 2 1
10.725 0.544796 2 1
10.73 0.545053 2 1
10.735 0.545309 2 1
10.74 0.545565 2 1
10.745 0.545822 2 1
10.75 0.546078 2 1
10.755 0.546335 2 1
10.76 0.546591 2 1
10.765 0.546848 2 1
10.77 0.547104 2 1
10.775 0.54736 2 1
10.78 0.547617 2 1
10.785 0.547873 2 1
10.79 0.54813 2 1
10.795 0.548386 2 1
10.8 0.548642 2 1
10.805 0.548899 2 1
10.81 0.549155 2 1
10.815 0.549412 2 1
10.82 0.549668 2 1
10.825 0.549925 2 1
10.83 0.550181 2 1
10.835 0.550437 2 1
10.84 0.550694 2 1
10.845 0.55095 2 1
10.85 0.551207 2 1
10.855 0.551463 2 1
10.86 0.551719 2 1
10.865 0.551976 2 1
10.87 0.552232 2 1
10.875 0.552489 2 1
10.88 0.552745 2 1
10.885 0.553002 2 1
10.89 0.553258 2 1
10.895 0.553514 2 1
10.9 0.553771 2 1
10.905 0.554027 2 1
10.91 0.554284 2 1
10.915 0.55454 2 1
10.92 0.554796 2 1
10.925 0.555053 2 1
10.93 0.555309 2 1
10.935 0.555566 2 1
10.94 0.555822 2 1
10.945 0.556079 2 1
10.95 0.556335 2 1
10.955 0.556591 2 1
10.96 0.556848 2 1
10.965 0.557104 2 1
10.97 0.557361 2 1
10.975 0.557617 2 1
10.98 0.557873 2 1
10.985 0.55813 2 1
10.99 0.558386 2 1
10.995 0.558643 2 1
11 0.558899 2 1
11.005 0.559156 2 1
11.01 0.559412 2 1
11.015 0.559668 2 1
11.02 0.559925 2 1
11.025 0.560181 2 1
11.03 0.560438 2 1
11.035 0.560694 2 1
11.04 0.56095 2 1
11.045 0.561207 2 1
11.05 0.561463 2 1
11.055 0.56172 2 1
11.06 0.561976 2 1
11.065 0.562232 2 1
11.07 0.562489 2 1
11.075 0.562745 2 1
11.08 0.563002 2 1
11.085 0.563258 2 1
11.09 0.563515 2 1
11.095 0.563771 2 1
11.1 0.564027 2 1
11.105 0.564284 2 1
11.11 0.56454 2 1
11.115 0.564797 2 1
11.12 0.565053 2 1
11.125 0.565309 2 1
11.13 0.565566 2 1
11.135 0.565822 2 1
11.14 0.566079 2 1
11.145 0.566335 2 1
11.15 0.566592 2 1
11.155 0.566848 2 1
11.16 0.567104 2 1
11.165 0.567361 2 1
11.17 0.567617 2 1
11.175 0.567874 2 1
11.18 0.56813 2 1
11.185 0.568386 2 1
11.19 0.568643 2 1
11.195 0.568899 2 1
11.2 0.569156 2 1
11.205 0.569412 2 1
11.21 0.569669 2 1
11.215 0.569925 2 1
11.22 0.570181 2 1
11.225 0.570438 2 1
11.23 0.570694 2 1
11.235 0.570951 2 1
11.24 0.571207 2 1
11.245 0.571463 2 1
11.25 0.57172 2 1
11.255 0.571976 2 1
11.26 0.572233 2 1
11.265 0.572489 2 1
11.27 0.572746 2 1
11.275 0.573002 2 1
11.28 0.573258 2 1
11.285 0.573515 2 1
11.29 0.573771 2 1
11.295 0.574028 2 1
11.3 0.574284 2 1
11.305 0.57454 2 1
11.31 0.574797 2 1
11.315 0.575053 2 1
11.32 0.57531 2 1
11.325 0.575566 2 1
11.33 0.575823 2 1
11.335 0.576079 2 1
11.34 0.576335 2 1
11.345 0.576592 2 1
11.35 0.576848 2 1
11.355 0.577105 2 1
11.36 0.577361 2 1
11.365 0.577617 2 1
11.37 0.577874 2 1
11.375 0.57813 2 1
11.38 0.578387 2 1
11.385 0.578643 2 1
11.39 0.578899 2 1
11.395 0.579156 2 1
11.4 0.579412 2 1
11.405 0.579669 2 1
11.41 0.579925 2 1
11.415 0.580182 2 1
11.42 0.580438 2 1
11.425 0.580694 2 1
11.43 0.580951 2 1
11.435 0.581207 2 1
11.44 0.581464 2 1
11.445 0.58172 2 1
11.45 0.581976 2 1
11.455 0.582233 2 1
11.46 0.582489 2 1
11.465 0.582746 2 1
11.47 0.583002 2 1
11.475 0.583259 2 1
11.48 0.583515 2 1
11.485 0.583771 2 1
11.49 0.584028 2 1
11.495 0.584284 2 1
11.5 0.584541 2 1
11.505 0.584797 2 1
11.51 0.585053 2 1
11.515 0.58531 2 1
11.52 0.585566 2 1
11.525 0.585823 2 1
11.53 0.586079 2 1
11.535 0.586336 2 1
11.54 0.586592 2 1
11.545 0.586848 2 1
11.55 0.587105 2 1
11.555 0.587361 2 1
11.56 0.587618 2 1
11.565 0.587874 2 1
11.57 0.58813 2 1
11.575 0.588387 2 1
11.58 0.588643 2 1
11.585 0.5889 2 1
11.59 0.589156 2 1
11.595 0.589413 2 1
11.6 0.589669 2 1
11.605 0.589925 2 1
11.61 0.590182 2 1
11.615 0.590438 2 1
11.62 0.590695 2 1
11.625 0.590951 2 1
11.63 0.591207 2 1
11.635 0.591464 2 1
11.64 0.59172 2 1
11.645 0.591977 2 1
11.65 0.592233 2 1
11.655 0.59249 2 1
11.66 0.592746 2 1
11.665 0.593002 2 1
11.67 0.593259 2 1
11.675 0.593515 2 1
11.68 0.593772 2 1
11.685 0.594028 2 1
11.69 0.594284 2 1
11.695 0.594541 2 1
11.7 0.594797 2 1
11.705 0.595054 2 1
11.71 0.59531 2 1
11.715 0.595566 2 1
11.72 0.595823 2 1
11.725 0.596079 2 1
11.73 0.596336 2 1
11.735 0.596592 2 1
11.74 0.596849 2 1
11.745 0.597105 2 1
11.75 0.597361 2 1
11.755 0.597618 2 1
11.76 0.597874 2 1
11.765 0.598131 2 1
11.77 0.598387 2 1
11.775 0.598643 2 1
11.78 0.5989 2 1
11.785 0.599156 2 1
11.79 0.599413 2 1
11.795 0.599669 2 1
11.8 0.599926 2 1
11.805 0.600182 2 1
11.81 0.600438 2 1
11.815 0.600695 2 1
11.82 0.600951 2 1
11.825 0.601208 2 1
11.83 0.601464 2 1
11.835 0.60172 2 1
11.84 0.601977 2 1
11.845 0.602233 2 1
11.85 0.60249 2 1
11.855 0.602746 2 1
11.86 0.603003 2 1
11.865 0.603259 2 1
11.87 0.603515 2 1
11.875 0.603772 2 1
11.88 0.604028 2 1
11.885 0.604285 2 1
11.89 0.604541 2 1
11.895 0.604797 2 1
11.9 0.605054 2 1
11.905 0.60531 2 1
11.91 0.605567 2 1
11.915 0.605823 2 1
11.92 0.60608 2 1
11.925 0.606336 2 1
11.93 0.606592 2 1
11.935 0.606849 2 1
11.94 0.607105 2 1
11.945 0.607362 2 1
11.95 0.607618 2 1
11.955 0.607874 2 1
11.96 0.608131 2 1
11.965 0.608387 2 1
11.97 0.608644 2 1
11.975 0.6089 2 1
11.98 0.609157 2 1
11.985 0.609413 2 1
11.99 0.609669 2 1
11.995 0.609926 2 1
12 0.610182 2 1
12.005 0.610439 2 1
12.01 0.610695 2 1
12.015 0.610951 2 1
12.02 0.611208 2 1
12.025 0.611464 2 1
12.03 0.611721 2 1
12.035 0.611977 2 1
12.04 0.612233 2 1
12.045 0.61249 2 1
12.05 0.612746 2 1
12.055 0.613003 2 1
12.06 0.613259 2 1
12.065 0.613516 2 1
12.07 0.613772 2 1
12.075 0.614028 2 1
12.08 0.614285 2 1
12.085 0.614541 2 1
12.09 0.614798 2 1
12.095 0.615054 2 1
12.1 0.61531 2 1
12.105 0.615567 2 1
12.11 0.615823 2 1
12.115 0.61608 2 1
12.12 0.616336 2 1
12.125 0.616593 2 1
12.13 0.616849 2 1
12.135 0.617105 2 1
12.14 0.617362 2 1
12.145 0.617618 2 1
12.15 0.617875 2 1
12.155 0.618131 2 1
12.16 0.618387 2 1
12.165 0.618644 2 1
12.17 0.6189 2 1
12.175 0.619157 2 1
12.18 0.619413 2 1
12.185 0.61967 2 1
12.19 0.619926 2 1
12.195 0.620182 2 1
12.2 0.620439 2 1
12.205 0.620695 2 1
12.21 0.620952 2 1
12.215 0.621208 2 1
12.22 0.621464 2 1
12.225 0.621721 2 1
12.23 0.621977 2 1
12.235 0.622234 2 1
12.24 0.62249 2 1
12.245 0.622747 2 1
12.25 0.623003 2 1
12.255 0.623259 2 1
12.26 0.623516 2 1
12.265 0.623772 2 1
12.27 0.624029 2 1
12.275 0.624285 2 1
12.28 0.624541 2 1
12.285 0.624798 2 1
12.29 0.625054 2 1
12.295 0.625311 2 1
12.3 0.625567 2 1
12.305 0.625824 2 1
12.31 0.62608 2 1
12.315 0.626336 2 1
12.32 0.626593 2 1
12.325 0.626849 2 1
12.33 0.627106 2 1
12.335 0.627362 2 1
12.34 0.627618 2 1
12.345 0.627875 2 1
12.35 0.628131 2 1
12.355 0.628388 2 1
12.36 0.628644 2 1
12.365 0.6289 2 1
12.37 0.629157 2 1
12.375 0.629413 2 1
12.38 0.62967 2 1
12.385 0.629926 2 1
12.39 0.630183 2 1
12.395 0.630439 2 1
12.4 0.630695 2 1
12.405 0.630952 2 1
12.41 0.631208 2 1
12.415 0.631465 2 1
12.42 0.631721 2 1
12.425 0.631977 2 1
12.43 0.632234 2 1
12.435 0.63249 2 1
12.44 0.632747 2 1
12.445 0.633003 2 1
12.45 0.63326 2 1
12.455 0.633516 2 1
12.46 0.633772 2 1
12.465 0.634029 2 1
12.47 0.634285 2 1
12.475 0.634542 2 1
12.48 0.634798 2 1
12.485 0.635054 2 1
12.49 0.635311 2 1
12.495 0.635567 2 1
12.5 0.635824 2 1
12.505 0.63608 2 1
12.51 0.636337 2 1
12.515 0.636593 2 1
12.52 0.636849 2 1
12.525 0.637106 2 1
12.53 0.637362 2 1
12.535 0.637619 2 1
12.54 0.637875 2 1
12.545 0.638131 2 1
12.55 0.638388 2 1
12.555 0.638644 2 1
12.56 0.638901 2 1
12.565 0.639157 2 1
12.57 0.639414 2 1
12.575 0.63967 2 1
12.58 0.639926 2 1
12.585 0.640183 2 1
12.59 0.640439 2 1
12.595 0.640696 2 1
12.6 0.640952 2 1
12.605 0.641208 2 1
12.61 0.641465 2 1
12.615 0.641721 2 1
12.62 0.641978 2 1
12.625 0.642234 2 1
12.63 0.642491 2 1
12.635 0.642747 2 1
12.64 0.643003 2 1
12.645 0.64326 2 1
12.65 0.643516 2 1
12.655 0.643773 2 1
12.66 0.644029 2 1
12.665 0.644285 2 1
12.67 0.644542 2 1
12.675 0.644798 2 1
12.68 0.645055 2 1
12.685 0.645311 2 1
12.69 0.645567 2 1
12.695 0.645824 2 1
12.7 0.64608 2 1
12.705 0.646337 2 1
12.71 0.646593 2 1
12.715 0.64685 2 1
12.72 0.647106 2 1
12.725 0.647362 2 1
12.73 0.647619 2 1
12.735 0.647875 2 1
12.74 0.648132 2 1
12.745 0.648388 2 1
12.75 0.648644 2 1
12.755 0.648901 2 1
12.76 0.649157 2 1
12.765 0.649414 2 1
12.77 0.64967 2 1
12.775 0.649927 2 1
12.78 0.650183 2 1
12.785 0.650439 2 1
12.79 0.650696 2 1
12.795 0.650952 2 1
12.8 0.651209 2 1
12.805 0.651465 2 1
12.81 0.651721 2 1
12.815 0.651978 2 1
12.82 0.652234 2 1
12.825 0.652491 2 1
12.83 0.652747 2 1
12.835 0.653004 2 1
12.84 0.65326 2 1
12.845 0.653516 2 1
12.85 0.653773 2 1
12.855 0.654029 2 1
12.86 0.654286 2 1
12.865 0.654542 2 1
12.87 0.654798 2 1
12.875 0.655055 2 1
12.88 0.655311 2 1
12.885 0.655568 2 1
12.89 0.655824 2 1
12.895 0.656081 2 1
12.9 0.656337 2 1
12.905 0.656593 2 1
12.91 0.65685 2 1
12.915 0.657106 2 1
12.92 0.657363 2 1
12.925 0.657619 2 1
12.93 0.657875 2 1
12.935 0.658132 2 1
12.94 0.658388 2 1
12.945 0.658645 2 1
12.95 0.658901 2 1
12.955 0.659158 2 1
12.96 0.659414 2 1
12.965 0.65967 2 1
12.97 0.659927 2 1
12.975 0.660183 2 1
12.98 0.66044 2 1
12.985 0.660696 2 1
12.99 0.660952 2 1
12.995 0.661209 2 1
13 0.661465 2 1
13.005 0.661722 2 1
13.01 0.661978 2 1
13.015 0.662235 2 1
13.02 0.662491 2 1
13.025 0.662747 2 1
13.03 0.663004 2 1
13.035 0.66326 2 1
13.04 0.663517 2 1
13.045 0.663773 2 1
13.05 0.664029 2 1
13.055 0.664286 2 1
13.06 0.664542 2 1
13.065 0.664799 2 1
13.07 0.665055 2 1
13.075 0.665311 2 1
13.08 0.665568 2 1
13.085 0.665824 2 1
13.09 0.666081 2 1
13.095 0.666337 2 1
13.1 0.666594 2 1
13.105 0.66685 2 1
13.11 0.667106 2 1
13.115 0.667363 2 1
13.12 0.667619 2 1
13.125 0.667876 2 1
13.13 0.668132 2 1
13.135 0.668388 2 1
13.14 0.668645 2 1
13.145 0.668901 2 1
13.15 0.669158 2 1
13.155 0.669414 2 1
13.16 0.669671 2 1
13.165 0.669927 2 1
13.17 0.670183 2 1
13.175 0.67044 2 1
13.18 0.670696 2 1
13.185 0.670953 2 1
13.19 0.671209 2 1
13.195 0.671465 2 1
13.2 0.671722 2 1
13.205 0.671978 2 1
13.21 0.672235 2 1
13.215 0.672491 2 1
13.22 0.672748 2 1
13.225 0.673004 2 1
13.23 0.67326 2 1
13.235 0.673517 2 1
13.24 0.673773 2 1
13.245 0.67403 2 1
13.25 0.674286 2 1
13.255 0.674542 2 1
13.26 0.674799 2 1
13.265 0.675055 2 1
13.27 0.675312 2 1
13.275 0.675568 2 1
13.28 0.675825 2 1
13.285 0.676081 2 1
13.29 0.676337 2 1
13.295 0.676594 2 1
13.3 0.67685 2 1
13.305 0.677107 2 1
13.31 0.677363 2 1
13.315 0.677619 2 1
13.32 0.677876 2 1
13.325 0.678132 2 1
13.33 0.678389 2 1
13.335 0.678645 2 1
13.34 0.678902 2 1
13.345 0.679158 2 1
13.35 0.679414 2 1
13.355 0.679671 2 1
13.36 0.679927 2 1
13.365 0.680184 2 1
13.37 0.68044 2 1
13.375 0.680696 2 1
13.38 0.680953 2 1
13.385 0.681209 2 1
13.39 0.681466 2 1
13.395 0.681722 2 1
13.4 0.681978 2 1
13.405 0.682235 2 1
13.41 0.682491 2 1
13.415 0.682748 2 1
13.42 0.683004 2 1
13.425 0.683261 2 1
13.43 0.683517 2 1
13.435 0.683773 2 1
13.44 0.68403 2 1
13.445 0.684286 2 1
13.45 0.684543 2 1
13.455 0.684799 2 1
13.46 0.685055 2 1
13.465 0.685312 2 1
13.47 0.685568 2 1
13.475 0.685825 2 1
13.48 0.686081 2 1
13.485 0.686338 2 1
13.49 0.686594 2 1
13.495 0.68685 2 1
13.5 0.687107 2 1
13.505 0.687363 2 1
13.51 0.68762 2 1
13.515 0.687876 2 1
13.52 0.688132 2 1
13.525 0.688389 2 1
13.53 0.688645 2 1
13.535 0.688902 2 1
13.54 0.689158 2 1
13.545 0.689415 2 1
13.55 0.689671 2 1
13.555 0.689927 2 1
13.56 0.690184 2 1
13.565 0.69044 2 1
13.57 0.690697 2 1
13.575 0.690953 2 1
13.58 0.691209 2 1
13.585 0.691466 2 1
13.59 0.691722 2 1
13.595 0.691979 2 1
13.6 0.692235 2 1
13.605 0.692492 2 1
13.61 0.692748 2 1
13.615 0.693004 2 1
13.62 0.693261 2 1
13.625 0.693517 2 1
13.63 0.693774 2 1
13.635 0.69403 2 1
13.64 0.694286 2 1
13.645 0.694543 2 1
13.65 0.694799 2 1
13.655 0.695056 2 1
13.66 0.695312 2 1
13.665 0.695569 2 1
13.67 0.695825 2 1
13.675 0.696081 2 1
13.68 0.696338 2 1
13.685 0.696594 2 1
13.69 0.696851 2 1
13.695 0.697107 2 1
13.7 0.697363 2 1
13.705 0.69762 2 1
13.71 0.697876 2 1
13.715 0.698133 2 1
13.72 0.698389 2 1
13.725 0.698645 2 1
13.73 0.698902 2 1
13.735 0.699158 2 1
13.74 0.699415 2 1
13.745 0.699671 2 1
13.75 0.699928 2 1
13.755 0.700184 2 1
13.76 0.70044 2 1
13.765 0.700697 2 1
13.77 0.700953 2 1
13.775 0.70121 2 1
13.78 0.701466 2 1
13.785 0.701722 2 1
13.79 0.701979 2 1
13.795 0.702235 2 1
13.8 0.702492 2 1
13.805 0.702748 2 1
13.81 0.703005 2 1
13.815 0.703261 2 1
13.82 0.703517 2 1
13.825 0.703774 2 1
13.83 0.70403 2 1
13.835 0.704287 2 1
13.84 0.704543 2 1
13.845 0.704799 2 1
13.85 0.705056 2 1
13.855 0.705312 2 1
13.86 0.705569 2 1
13.865 0.705825 2 1
13.87 0.706082 2 1
13.875 0.706338 2 1
13.88 0.706594 2 1
13.885 0.706851 2 1
13.89 0.707107 2 1
13.895 0.707364 2 1
13.9 0.70762 2 1
13.905 0.707876 2 1
13.91 0.708133 2 1
13.915 0.708389 2 1
13.92 0.708646 2 1
13.925 0.708902 2 1
13.93 0.709159 2 1
13.935 0.709415 2 1
13.94 0.709671 2 1
13.945 0.709928 2 1
13.95 0.710184 2 1
13.955 0.710441 2 1
13.96 0.710697 2 1
13.965 0.710953 2 1
13.97 0.71121 2 1
13.975 0.711466 2 1
13.98 0.711723 2 1
13.985 0.711979 2 1
13.99 0.712236 2 1
13.995 0.712492 2 1
14 0.712748 2 1
14.005 0.713005 2 1
14.01 0.713261 2 1
14.015 0.713518 2 1
14.02 0.713774 2 1
14.025 0.71403 2 1
14.03 0.714287 2 1
14.035 0.714543 2 1
14.04 0.7148 2 1
14.045 0.715056 2 1
14.05 0.715312 2 1
14.055 0.715569 2 1
14.06 0.715825 2 1
14.065 0.716082 2 1
14.07 0.716338 2 1
14.075 0.716595 2 1
14.08 0.716851 2 1
14.085 0.717107 2 1
14.09 0.717364 2 1
14.095 0.71762 2 1
14.1 0.717877 2 1
14.105 0.718133 2 1
14.11 0.718389 2 1
14.115 0.718646 2 1
14.12 0.718902 2 1
14.125 0.719159 2 1
14.13 0.719415 2 1
14.135 0.719672 2 1
14.14 0.719928 2 1
14.145 0.720184 2 1
14.15 0.720441 2 1
14.155 0.720697 2 1
14.16 0.720954 2 1
14.165 0.72121 2 1
14.17 0.721466 2 1
14.175 0.721723 2 1
14.18 0.721979 2 1
14.185 0.722236 2 1
14.19 0.722492 2 1
14.195 0.722749 2 1
14.2 0.723005 2 1
14.205 0.723261 2 1
14.21 0.723518 2 1
14.215 0.723774 2 1
14.22 0.724031 2 1
14.225 0.724287 2 1
14.23 0.724543 2 1
14.235 0.7248 2 1
14.24 0.725056 2 1
14.245 0.725313 2 1
14.25 0.725569 2 1
14.255 0.725826 2 1
14.26 0.726082 2 1
14.265 0.726338 2 1
14.27 0.726595 2 1
14.275 0.726851 2 1
14.28 0.727108 2 1
14.285 0.727364 2 1
14.29 0.72762 2 1
14.295 0.727877 2 1
14.3 0.728133 2 1
14.305 0.72839 2 1
14.31 0.728646 2 1
14.315 0.728903 2 1
14.32 0.729159 2 1
14.325 0.729415 2 1
14.33 0.729672 2 1
14.335 0.729928 2 1
14.34 0.730185 2 1
14.345 0.730441 2 1
14.35 0.730697 2 1
14.355 0.730954 2 1
14.36 0.73121 2 1
14.365 0.731467 2 1
14.37 0.731723 2 1
14.375 0.731979 2 1
14.38 0.732236 2 1
14.385 0.732492 2 1
14.39 0.732749 2 1
14.395 0.733005 2 1
14.4 0.733262 2 1
14.405 0.733518 2 1
14.41 0.733774 2 1
14.415 0.734031 2 1
14.42 0.734287 2 1
14.425 0.734544 2 1
14.43 0.7348 2 1
14.435 0.735056 2 1
14.44 0.735313 2 1
14.445 0.735569 2 1
14.45 0.735826 2 1
14.455 0.736082 2 1
14.46 0.736339 2 1
14.465 0.736595 2 1
14.47 0.736851 2 1
14.475 0.737108 2 1
14.48 0.737364 2 1
14.485 0.737621 2 1
14.49 0.737877 2 1
14.495 0.738133 2 1
14.5 0.73839 2 1
14.505 0.738646 2 1
14.51 0.738903 2 1
14.515 0.739159 2 1
14.52 0.739416 2 1
14.525 0.739672 2 1
14.53 0.739928 2 1
14.535 0.740185 2 1
14.54 0.740441 2 1
14.545 0.740698 2 1
14.55 0.740954 2 1
14.555 0.74121 2 1
14.56 0.741467 2 1
14.565 0.741723 2 1
14.57 0.74198 2 1
14.575 0.742236 2 1
14.58 0.742493 2 1
14.585 0.742749 2 1
14.59 0.743005 2 1
14.595 0.743262 2 1
14.6 0.743518 2 1
14.605 0.743775 2 1
14.61 0.744031 2 1
14.615 0.744287 2 1
14.62 0.744544 2 1
14.625 0.7448 2 1
14.63 0.745057 2 1
14.635 0.745313 2 1
14.64 0.74557 2 1
14.645 0.745826 2 1
14.65 0.746082 2 1
14.655 0.746339 2 1
14.66 0.746595 2 1
14.665 0.746852 2 1
14.67 0.747108 2 1
14.675 0.747364 2 1
14.68 0.747621 2 1
14.685 0.747877 2 1
14.69 0.748134 2 1
14.695 0.74839 2 1
14.7 0.748646 2 1
14.705 0.748903 2 1
14.71 0.749159 2 1
14.715 0.749416 2 1
14.72 0.749672 2 1
14.725 0.749929 2 1
14.73 0.750185 2 1
14.735 0.750441 2 1
14.74 0.750698 2 1
14.745 0.750954 2 1
14.75 0.751211 2 1
14.755 0.751467 2 1
14.76 0.751723 2 1
14.765 0.75198 2 1
14.77 0.752236 2 1
14.775 0.752493 2 1
14.78 0.752749 2 1
14.785 0.753006 2 1
14.79 0.753262 2 1
14.795 0.753518 2 1
14.8 0.753775 2 1
14.805 0.754031 2 1
14.81 0.754288 2 1
14.815 0.754544 2 1
14.82 0.7548 2 1
14.825 0.755057 2 1
14.83 0.755313 2 1
14.835 0.75557 2 1
14.84 0.755826 2 1
14.845 0.756083 2 1
14.85 0.756339 2 1
14.855 0.756595 2 1
14.86 0.756852 2 1
14.865 0.757108 2 1
14.87 0.757365 2 1
14.875 0.757621 2 1
14.88 0.757877 2 1
14.885 0.758134 2 1
14.89 0.75839 2 1
14.895 0.758647 2 1
14.9 0.758903 2 1
14.905 0.75916 2 1
14.91 0.759416 2 1
14.915 0.759672 2 1
14.92 0.759929 2 1
14.925 0.760185 2 1
14.93 0.760442 2 1
14.935 0.760698 2 1
14.94 0.760954 2 1
14.945 0.761211 2 1
14.95 0.761467 2 1
14.955 0.761724 2 1
14.96 0.76198 2 1
14.965 0.762237 2 1
14.97 0.762493 2 1
14.975 0.762749 2 1
14.98 0.763006 2 1
14.985 0.763262 2 1
14.99 0.763519 2 1
14.995 0.763775 2 1
15 0.764031 2 1
15.005 0.764288 2 1
15.01 0.764544 2 1
15.015 0.764801 2 1
15.02 0.765057 2 1
15.025 0.765314 2 1
15.03 0.76557 2 1
15.035 0.765826 2 1
15.04 0.766083 2 1
15.045 0.766339 2 1
15.05 0.766596 2 1
15.055 0.766852 2 1
15.06 0.767108 2 1
15.065 0.767365 2 1
15.07 0.767621 2 1
15.075 0.767878 2 1
15.08 0.768134 2 1
15.085 0.76839 2 1
15.09 0.768647 2 1
15.095 0.768903 2 1
15.1 0.76916 2 1
15.105 0.769416 2 1
15.11 0.769673 2 1
15.115 0.769929 2 1
15.12 0.770185 2 1
15.125 0.770442 2 1
15.13 0.770698 2 1
15.135 0.770955 2 1
15.14 0.771211 2 1
15.145 0.771467 2 1
15.15 0.771724 2 1
15.155 0.77198 2 1
15.16 0.772237 2 1
15.165 0.772493 2 1
15.17 0.77275 2 1
15.175 0.773006 2 1
15.18 0.773262 2 1
15.185 0.773519 2 1
15.19 0.773775 2 1
15.195 0.774032 2 1
15.2 0.774288 2 1
15.205 0.774544 2 1
15.21 0.774801 2 1
15.215 0.775057 2 1
15.22 0.775314 2 1
15.225 0.77557 2 1
15.23 0.775827 2 1
15.235 0.776083 2 1
15.24 0.776339 2 1
15.245 0.776596 2 1
15.25 0.776852 2 1
15.255 0.777109 2 1
15.26 0.777365 2 1
15.265 0.777621 2 1
15.27 0.777878 2 1
15.275 0.778134 2 1
15.28 0.778391 2 1
15.285 0.778647 2 1
15.29 0.778904 2 1
15.295 0.77916 2 1
15.3 0.779416 2 1
15.305 0.779673 2 1
15.31 0.779929 2 1
15.315 0.780186 2 1
15.32 0.780442 2 1
15.325 0.780698 2 1
15.33 0.780955 2 1
15.335 0.781211 2 1
15.34 0.781468 2 1
15.345 0.781724 2 1
15.35 0.781981 2 1
15.355 0.782237 2 1
15.36 0.782493 2 1
15.365 0.78275 2 1
15.37 0.783006 2 1
15.375 0.783263 2 1
15.38 0.783519 2 1
15.385 0.783775 2 1
15.39 0.784032 2 1
15.395 0.784288 2 1
15.4 0.784545 2 1
15.405 0.784801 2 1
15.41 0.785057 2 1
15.415 0.785314 2 1
15.42 0.78557 2 1
15.425 0.785827 2 1
15.43 0.786083 2 1
15.435 0.78634 2 1
15.44 0.786596 2 1
15.445 0.786852 2 1
15.45 0.787109 2 1
15.455 0.787365 2 1
15.46 0.787622 2 1
15.465 0.787878 2 1
15.47 0.788134 2 1
15.475 0.788391 2 1
15.48 0.788647 2 1
15.485 0.788904 2 1
15.49 0.78916 2 1
15.495 0.789417 2 1
15.5 0.789673 2 1
15.505 0.789929 2 1
15.51 0.790186 2 1
15.515 0.790442 2 1
15.52 0.790699 2 1
15.525 0.790955 2 1
15.53 0.791211 2 1
15.535 0.791468 2 1
15.54 0.791724 2 1
15.545 0.791981 2 1
15.55 0.792237 2 1
15.555 0.792494 2 1
15.56 0.79275 2 1
15.565 0.793006 2 1
15.57 0.793263 2 1
15.575 0.793519 2 1
15.58 0.793776 2 1
15.585 0.794032 2 1
15.59 0.794288 2 1
15.595 0.794545 2 1
15.6 0.794801 2 1
15.605 0.795058 2 1
15.61 0.795314 2 1
15.615 0.795571 2 1
15.62 0.795827 2 1
15.625 0.796083 2 1
15.63 0.79634 2 1
15.635 0.796596 2 1
15.64 0.796853 2 1
15.645 0.797109 2 1
15.65 0.797365 2 1
15.655 0.797622 2 1
15.66 0.797878 2 1
15.665 0.798135 2 1
15.67 0.798391 2 1
15.675 0.798648 2 1
15.68 0.798904 2 1
15.685 0.79916 2 1
15.69 0.799417 2 1
15.695 0.799673 2 1
15.7 0.79993 2 1
15.705 0.800186 2 1
15.71 0.800442 2 1
15.715 0.800699 2 1
15.72 0.800955 2 1
15.725 0.801212 2 1
15.73 0.801468 2 1
15.735 0.801724 2 1
15.74 0.801981 2 1
15.745 0.802237 2 1
15.75 0.802494 2 1
15.755 0.80275 2 1
15.76 0.803007 2 1
15.765 0.803263 2 1
15.77 0.803519 2 1
15.775 0.803776 2 1
15.78 0.804032 2 1
15.785 0.804289 2 1
15.79 0.804545 2 1
15.795 0.804801 2 1
15.8 0.805058 2 1
15.805 0.805314 2 1
15.81 0.805571 2 1
15.815 0.805827 2 1
15.82 0.806084 2 1
15.825 0.80634 2 1
15.83 0.806596 2 1
15.835 0.806853 2 1
15.84 0.807109 2 1
15.845 0.807366 2 1
15.85 0.807622 2 1
15.855 0.807878 2 1
15.86 0.808135 2 1
15.865 0.808391 2 1
15.87 0.808648 2 1
15.875 0.808904 2 1
15.88 0.809161 2 1
15.885 0.809417 2 1
15.89 0.809673 2 1
15.895 0.80993 2 1
15.9 0.810186 2 1
15.905 0.810443 2 1
15.91 0.810699 2 1
15.915 0.810955 2 1
15.92 0.811212 2 1
15.925 0.811468 2 1
15.93 0.811725 2 1
15.935 0.811981 2 1
15.94 0.812238 2 1
15.945 0.812494 2 1
15.95 0.81275 2 1
15.955 0.813007 2 1
15.96 0.813263 2 1
15.965 0.81352 2 1
15.97 0.813776 2 1
15.975 0.814032 2 1
15.98 0.814289 2 1
15.985 0.814545 2 1
15.99 0.814802 2 1
15.995 0.815058 2 1
16 0.815315 2 1
16.005 0.815571 2 1
16.01 0.815827 2 1
16.015 0.816084 2 1
16.02 0.81634 2 1
16.025 0.816597 2 1
16.03 0.816853 2 1
16.035 0.817109 2 1
16.04 0.817366 2 1
16.045 0.817622 2 1
16.05 0.817879 2 1
16.055 0.818135 2 1
16.06 0.818391 2 1
16.065 0.818648 2 1
16.07 0.818904 2 1
16.075 0.819161 2 1
16.08 0.819417 2 1
16.085 0.819674 2 1
16.09 0.81993 2 1
16.095 0.820186 2 1
16.1 0.820443 2 1
16.105 0.820699 2 1
16.11 0.820956 2 1
16.115 0.821212 2 1
16.12 0.821468 2 1
16.125 0.821725 2 1
16.13 0.821981 2 1
16.135 0.822238 2 1
16.14 0.822494 2 1
16.145 0.822751 2 1
16.15 0.823007 2 1
16.155 0.823263 2 1
16.16 0.82352 2 1
16.165 0.823776 2 1
16.17 0.824033 2 1
16.175 0.824289 2 1
16.18 0.824545 2 1
16.185 0.824802 2 1
16.19 0.825058 2 1
16.195 0.825315 2 1
16.2 0.825571 2 1
16.205 0.825828 2 1
16.21 0.826084 2 1
16.215 0.82634 2 1
16.22 0.826597 2 1
16.225 0.826853 2 1
16.23 0.82711 2 1
16.235 0.827366 2 1
16.24 0.827622 2 1
16.245 0.827879 2 1
16.25 0.828135 2 1
16.255 0.828392 2 1
16.26 0.828648 2 1
16.265 0.828905 2 1
16.27 0.829161 2 1
16.275 0.829417 2 1
16.28 0.829674 2 1
16.285 0.82993 2 1
16.29 0.830187 2 1
16.295 0.830443 2 1
16.3 0.830699 2 1
16.305 0.830956 2 1
16.31 0.831212 2 1
16.315 0.831469 2 1
16.32 0.831725 2 1
16.325 0.831982 2 1
16.33 0.832238 2 1
16.335 0.832494 2 1
16.34 0.832751 2 1
16.345 0.833007 2 1
16.35 0.833264 2 1
16.355 0.83352 2 1
16.36 0.833776 2 1
16.365 0.834033 2 1
16.37 0.834289 2 1
16.375 0.834546 2 1
16.38 0.834802 2 1
16.385 0.835058 2 1
16.39 0.835315 2 1
16.395 0.835571 2 1
16.4 0.835828 2 1
16.405 0.836084 2 1
16.41 0.836341 2 1
16.415 0.836597 2 1
16.42 0.836853 2 1
16.425 0.83711 2 1
16.43 0.837366 2 1
16.435 0.837623 2 1
16.44 0.837879 2 1
16.445 0.838135 2 1
16.45 0.838392 2 1
16.455 0.838648 2 1
16.46 0.838905 2 1
16.465 0.839161 2 1
16.47 0.839418 2 1
16.475 0.839674 2 1
16.48 0.83993 2 1
16.485 0.840187 2 1
16.49 0.840443 2 1
16.495 0.8407 2 1
16.5 0.840956 2 1
16.505 0.841212 2 1
16.51 0.841469 2 1
16.515 0.841725 2 1
16.52 0.841982 2 1
16.525 0.842238 2 1
16.53 0.842495 2 1
16.535 0.842751 2 1
16.54 0.843007 2 1
16.545 0.843264 2 1
16.55 0.84352 2 1
16.555 0.843777 2 1
16.56 0.844033 2 1
16.565 0.844289 2 1
16.57 0.844546 2 1
16.575 0.844802 2 1
16.58 0.845059 2 1
16.585 0.845315 2 1
16.59 0.845572 2 1
16.595 0.845828 2 1
16.6 0.846084 2 1
16.605 0.846341 2 1
16.61 0.846597 2 1
16.615 0.846854 2 1
16.62 0.84711 2 1
16.625 0.847366 2 1
16.63 0.847623 2 1
16.635 0.847879 2 1
16.64 0.848136 2 1
16.645 0.848392 2 1
16.65 0.848649 2 1
16.655 0.848905 2 1
16.66 0.849161 2 1
16.665 0.849418 2 1
16.67 0.849674 2 1
16.675 0.849931 2 1
16.68 0.850187 2 1
16.685 0.850443 2 1
16.69 0.8507 2 1
16.695 0.850956 2 1
16.7 0.851213 2 1
16.705 0.851469 2 1
16.71 0.851725 2 1
16.715 0.851982 2 1
16.72 0.852238 2 1
16.725 0.852495 2 1
16.73 0.852751 2 1
16.735 0.853008 2 1
16.74 0.853264 2 1
16.745 0.85352 2 1
16.75 0.853777 2 1
16.755 0.854033 2 1
16.76 0.85429 2 1
16.765 0.854546 2 1
16.77 0.854802 2 1
16.775 0.855059 2 1
16.78 0.855315 2 1
16.785 0.855572 2 1
16.79 0.855828 2 1
16.795 0.856085 2 1
16.8 0.856341 2 1
16.805 0.856597 2 1
16.81 0.856854 2 1
16.815 0.85711 2 1
16.82 0.857367 2 1
16.825 0.857623 2 1
16.83 0.857879 2 1
16.835 0.858136 2 1
16.84 0.858392 2 1
16.845 0.858649 2 1
16.85 0.858905 2 1
16.855 0.859162 2 1
16.86 0.859418 2 1
16.865 0.859674 2 1
16.87 0.859931 2 1
16.875 0.860187 2 1
16.88 0.860444 2 1
16.885 0.8607 2 1
16.89 0.860956 2 1
16.895 0.861213 2 1
16.9 0.861469 2 1
16.905 0.861726 2 1
16.91 0.861982 2 1
16.915 0.862239 2 1
16.92 0.862495 2 1
16.925 0.862751 2 1
16.93 0.863008 2 1
16.935 0.863264 2 1
16.94 0.863521 2 1
16.945 0.863777 2 1
16.95 0.864033 2 1
16.955 0.86429 2 1
16.96 0.864546 2 1
16.965 0.864803 2 1
16.97 0.865059 2 1
16.975 0.865316 2 1
16.98 0.865572 2 1
16.985 0.865828 2 1
16.99 0.866085 2 1
16.995 0.866341 2 1
17 0.866598 2 1
17.005 0.866854 2 1
17.01 0.86711 2 1
17.015 0.867367 2 1
17.02 0.867623 2 1
17.025 0.86788 2 1
17.03 0.868136 2 1
17.035 0.868393 2 1
17.04 0.868649 2 1
17.045 0.868905 2 1
17.05 0.869162 2 1
17.055 0.869418 2 1
17.06 0.869675 2 1
17.065 0.869931 2 1
17.07 0.870187 2 1
17.075 0.870444 2 1
17.08 0.8707 2 1
17.085 0.870957 2 1
17.09 0.871213 2 1
17.095 0.871469 2 1
17.1 0.871726 2 1
17.105 0.871982 2 1
17.11 0.872239 2 1
17.115 0.872495 2 1
17.12 0.872752 2 1
17.125 0.873008 2 1
17.13 0.873264 2 1
17.135 0.873521 2 1
17.14 0.873777 2 1
17.145 0.874034 2 1
17.15 0.87429 2 1
17.155 0.874546 2 1
17.16 0.874803 2 1
17.165 0.875059 2 1
17.17 0.875316 2 1
17.175 0.875572 2 1
17.18 0.875829 2 1
17.185 0.876085 2 1
17.19 0.876341 2 1
17.195 0.876598 2 1
17.2 0.876854 2 1
17.205 0.877111 2 1
17.21 0.877367 2 1
17.215 0.877623 2 1
17.22 0.87788 2 1
17.225 0.878136 2 1
17.23 0.878393 2 1
17.235 0.878649 2 1
17.24 0.878906 2 1
17.245 0.879162 2 1
17.25 0.879418 2 1
17.255 0.879675 2 1
17.26 0.879931 2 1
17.265 0.880188 2 1
17.27 0.880444 2 1
17.275 0.8807 2 1
17.28 0.880957 2 1
17.285 0.881213 2 1
17.29 0.88147 2 1
17.295 0.881726 2 1
17.3 0.881983 2 1
17.305 0.882239 2 1
17.31 0.882495 2 1
17.315 0.882752 2 1
17.32 0.883008 2 1
17.325 0.883265 2 1
17.33 0.883521 2 1
17.335 0.883777 2 1
17.34 0.884034 2 1
17.345 0.88429 2 1
17.35 0.884547 2 1
17.355 0.884803 2 1
17.36 0.88506 2 1
17.365 0.885316 2 1
17.37 0.885572 2 1
17.375 0.885829 2 1
17.38 0.886085 2 1
17.385 0.886342 2 1
17.39 0.886598 2 1
17.395 0.886854 2 1
17.4 0.887111 2 1
17.405 0.887367 2 1
17.41 0.887624 2 1
17.415 0.88788 2 1
17.42 0.888136 2 1
17.425 0.888393 2 1
17.43 0.888649 2 1
17.435 0.888906 2 1
17.44 0.889162 2 1
17.445 0.889419 2 1
17.45 0.889675 2 1
17.455 0.889931 2 1
17.46 0.890188 2 1
17.465 0.890444 2 1
17.47 0.890701 2 1
17.475 0.890957 2 1
17.48 0.891213 2 1
17.485 0.89147 2 1
17.49 0.891726 2 1
17.495 0.891983 2 1
17.5 0.892239 2 1
17.505 0.892496 2 1
17.51 0.892752 2 1
17.515 0.893008 2 1
17.52 0.893265 2 1
17.525 0.893521 2 1
17.53 0.893778 2 1
17.535 0.894034 2 1
17.54 0.89429 2 1
17.545 0.894547 2 1
17.55 0.894803 2 1
17.555 0.89506 2 1
17.56 0.895316 2 1
17.565 0.895573 2 1
17.57 0.895829 2 1
17.575 0.896085 2 1
17.58 0.896342 2 1
17.585 0.896598 2 1
17.59 0.896855 2 1
17.595 0.897111 2 1
17.6 0.897367 2 1
17.605 0.897624 2 1
17.61 0.89788 2 1
17.615 0.898137 2 1
17.62 0.898393 2 1
17.625 0.89865 2 1
17.63 0.898906 2 1
17.635 0.899162 2 1
17.64 0.899419 2 1
17.645 0.899675 2 1
17.65 0.899932 2 1
17.655 0.900188 2 1
17.66 0.900444 2 1
17.665 0.900701 2 1
17.67 0.900957 2 1
17.675 0.901214 2 1
17.68 0.90147 2 1
17.685 0.901727 2 1
17.69 0.901983 2 1
17.695 0.902239 2 1
17.7 0.902496 2 1
17.705 0.902752 2 1
17.71 0.903009 2 1
17.715 0.903265 2 1
17.72 0.903521 2 1
17.725 0.903778 2 1
17.73 0.904034 2 1
17.735 0.904291 2 1
17.74 0.904547 2 1
17.745 0.904803 2 1
17.75 0.90506 2 1
17.755 0.905316 2 1
17.76 0.905573 2 1
17.765 0.905829 2 1
17.77 0.906086 2 1
17.775 0.906342 2 1
17.78 0.906598 2 1
17.785 0.906855 2 1
17.79 0.907111 2 1
17.795 0.907368 2 1
17.8 0.907624 2 1
17.805 0.90788 2 1
17.81 0.908137 2 1
17.815 0.908393 2 1
17.82 0.90865 2 1
17.825 0.908906 2 1
17.83 0.909163 2 1
17.835 0.909419 2 1
17.84 0.909675 2 1
17.845 0.909932 2 1
17.85 0.910188 2 1
17.855 0.910445 2 1
17.86 0.910701 2 1
17.865 0.910957 2 1
17.87 0.911214 2 1
17.875 0.91147 2 1
17.88 0.911727 2 1
17.885 0.911983 2 1
17.89 0.91224 2 1
17.895 0.912496 2 1
17.9 0.912752 2 1
17.905 0.913009 2 1
17.91 0.913265 2 1
17.915 0.913522 2 1
17.92 0.913778 2 1
17.925 0.914034 2 1
17.93 0.914291 2 1
17.935 0.914547 2 1
17.94 0.914804 2 1
17.945 0.91506 2 1
17.95 0.915317 2 1
17.955 0.915573 2 1
17.96 0.915829 2 1
17.965 0.916086 2 1
17.97 0.916342 2 1
17.975 0.916599 2 1
17.98 0.916855 2 1
17.985 0.917111 2 1
17.99 0.917368 2 1
17.995 0.917624 2 1
18 0.917881 2 1
18.005 0.918137 2 1
18.01 0.918394 2 1
18.015 0.91865 2 1
18.02 0.918906 2 1
18.025 0.919163 2 1
18.03 0.919419 2 1
18.035 0.919676 2 1
18.04 0.919932 2 1
18.045 0.920188 2 1
18.05 0.920445 2 1
18.055 0.920701 2 1
18.06 0.920958 2 1
18.065 0.921214 2 1
18.07 0.92147 2 1
18.075 0.921727 2 1
18.08 0.921983 2 1
18.085 0.92224 2 1
18.09 0.922496 2 1
18.095 0.922753 2 1
18.1 0.923009 2 1
18.105 0.923265 2 1
18.11 0.923522 2 1
18.115 0.923778 2 1
18.12 0.924035 2 1
18.125 0.924291 2 1
18.13 0.924547 2 1
18.135 0.924804 2 1
18.14 0.92506 2 1
18.145 0.925317 2 1
18.15 0.925573 2 1
18.155 0.92583 2 1
18.16 0.926086 2 1
18.165 0.926342 2 1
18.17 0.926599 2 1
18.175 0.926855 2 1
18.18 0.927112 2 1
18.185 0.927368 2 1
18.19 0.927624 2 1
18.195 0.927881 2 1
18.2 0.928137 2 1
18.205 0.928394 2 1
18.21 0.92865 2 1
18.215 0.928907 2 1
18.22 0.929163 2 1
18.225 0.929419 2 1
18.23 0.929676 2 1
18.235 0.929932 2 1
18.24 0.930189 2 1
18.245 0.930445 2 1
18.25 0.930701 2 1
18.255 0.930958 2 1
18.26 0.931214 2 1
18.265 0.931471 2 1
18.27 0.931727 2 1
18.275 0.931984 2 1
18.28 0.93224 2 1
18.285 0.932496 2 1
18.29 0.932753 2 1
18.295 0.933009 2 1
18.3 0.933266 2 1
18.305 0.933522 2 1
18.31 0.933778 2 1
18.315 0.934035 2 1
18.32 0.934291 2 1
18.325 0.934548 2 1
18.33 0.934804 2 1
18.335 0.935061 2 1
18.34 0.935317 2 1
18.345 0.935573 2 1
18.35 0.93583 2 1
18.355 0.936086 2 1
18.36 0.936343 2 1
18.365 0.936599 2 1
18.37 0.936855 2 1
18.375 0.937112 2 1
18.38 0.937368 2 1
18.385 0.937625 2 1
18.39 0.937881 2 1
18.395 0.938137 2 1
18.4 0.938394 2 1
18.405 0.93865 2 1
18.41 0.938907 2 1
18.415 0.939163 2 1
18.42 0.93942 2 1
18.425 0.939676 2 1
18.43 0.939932 2 1
18.435 0.940189 2 1
18.44 0.940445 2 1
18.445 0.940702 2 1
18.45 0.940958 2 1
18.455 0.941214 2 1
18.46 0.941471 2 1
18.465 0.941727 2 1
18.47 0.941984 2 1
18.475 0.94224 2 1
18.48 0.942497 2 1
18.485 0.942753 2 1
18.49 0.943009 2 1
18.495 0.943266 2 1
18.5 0.943522 2 1
18.505 0.943779 2 1
18.51 0.944035 2 1
18.515 0.944291 2 1
18.52 0.944548 2 1
18.525 0.944804 2 1
18.53 0.945061 2 1
18.535 0.945317 2 1
18.54 0.945574 2 1
18.545 0.94583 2 1
18.55 0.946086 2 1
18.555 0.946343 2 1
18.56 0.946599 2 1
18.565 0.946856 2 1
18.57 0.947112 2 1
18.575 0.947368 2 1
18.58 0.947625 2 1
18.585 0.947881 2 1
18.59 0.948138 2 1
18.595 0.948394 2 1
18.6 0.948651 2 1
18.605 0.948907 2 1
18.61 0.949163 2 1
18.615 0.94942 2 1
18.62 0.949676 2 1
18.625 0.949933 2 1
18.63 0.950189 2 1
18.635 0.950445 2 1
18.64 0.950702 2 1
18.645 0.950958 2 1
18.65 0.951215 2 1
18.655 0.951471 2 1
18.66 0.951728 2 1
18.665 0.951984 2 1
18.67 0.95224 2 1
18.675 0.952497 2 1
18.68 0.952753 2 1
18.685 0.95301 2 1
18.69 0.953266 2 1
18.695 0.953522 2 1
18.7 0.953779 2 1
18.705 0.954035 2 1
18.71 0.954292 2 1
18.715 0.954548 2 1
18.72 0.954804 2 1
18.725 0.955061 2 1
18.73 0.955317 2 1
18.735 0.955574 2 1
18.74 0.95583 2 1
18.745 0.956087 2 1
18.75 0.956343 2 1
18.755 0.956599 2 1
18.76 0.956856 2 1
18.765 0.957112 2 1
18.77 0.957369 2 1
18.775 0.957625 2 1
18.78 0.957881 2 1
18.785 0.958138 2 1
18.79 0.958394 2 1
18.795 0.958651 2 1
18.8 0.958907 2 1
18.805 0.959164 2 1
18.81 0.95942 2 1
18.815 0.959676 2 1
18.82 0.959933 2 1
18.825 0.960189 2 1
18.83 0.960446 2 1
18.835 0.960702 2 1
18.84 0.960958 2 1
18.845 0.961215 2 1
18.85 0.961471 2 1
18.855 0.961728 2 1
18.86 0.961984 2 1
18.865 0.962241 2 1
18.87 0.962497 2 1
18.875 0.962753 2 1
18.88 0.96301 2 1
18.885 0.963266 2 1
18.89 0.963523 2 1
18.895 0.963779 2 1
18.9 0.964035 2 1
18.905 0.964292 2 1
18.91 0.964548 2 1
18.915 0.964805 2 1
18.92 0.965061 2 1
18.925 0.965318 2 1
18.93 0.965574 2 1
18.935 0.96583 2 1
18.94 0.966087 2 1
18.945 0.966343 2 1
18.95 0.9666 2 1
18.955 0.966856 2 1
18.96 0.967112 2 1
18.965 0.967369 2 1
18.97 0.967625 2 1
18.975 0.967882 2 1
18.98 0.968138 2 1
18.985 0.968395 2 1
18.99 0.968651 2 1
18.995 0.968907 2 1
19 0.969164 2 1
19.005 0.96942 2 1
19.01 0.969677 2 1
19.015 0.969933 2 1
19.02 0.970189 2 1
19.025 0.970446 2 1
19.03 0.970702 2 1
19.035 0.970959 2 1
19.04 0.971215 2 1
19.045 0.971472 2 1
19.05 0.971728 2 1
19.055 0.971984 2 1
19.06 0.972241 2 1
19.065 0.972497 2 1
19.07 0.972754 2 1
19.075 0.97301 2 1
19.08 0.973266 2 1
19.085 0.973523 2 1
19.09 0.973779 2 1
19.095 0.974036 2 1
19.1 0.974292 2 1
19.105 0.974548 2 1
19.11 0.974805 2 1
19.115 0.975061 2 1
19.12 0.975318 2 1
19.125 0.975574 2 1
19.13 0.975831 2 1
19.135 0.976087 2 1
19.14 0.976343 2 1
19.145 0.9766 2 1
19.15 0.976856 2 1
19.155 0.977113 2 1
19.16 0.977369 2 1
19.165 0.977625 2 1
19.17 0.977882 2 1
19.175 0.978138 2 1
19.18 0.978395 2 1
19.185 0.978651 2 1
19.19 0.978908 2 1
19.195 0.979164 2 1
19.2 0.97942 2 1
19.205 0.979677 2 1
19.21 0.979933 2 1
19.215 0.98019 2 1
19.22 0.980446 2 1
19.225 0.980702 2 1
19.23 0.980959 2 1
19.235 0.981215 2 1
19.24 0.981472 2 1
19.245 0.981728 2 1
19.25 0.981985 2 1
19.255 0.982241 2 1
19.26 0.982497 2 1
19.265 0.982754 2 1
19.27 0.98301 2 1
19.275 0.983267 2 1
19.28 0.983523 2 1
19.285 0.983779 2 1
19.29 0.984036 2 1
19.295 0.984292 2 1
19.3 0.984549 2 1
19.305 0.984805 2 1
19.31 0.985062 2 1
19.315 0.985318 2 1
19.32 0.985574 2 1
19.325 0.985831 2 1
19.33 0.986087 2 1
19.335 0.986344 2 1
19.34 0.9866 2 1
19.345 0.986856 2 1
19.35 0.987113 2 1
19.355 0.987369 2 1
19.36 0.987626 2 1
19.365 0.987882 2 1
19.37 0.988139 2 1
19.375 0.988395 2 1
19.38 0.988651 2 1
19.385 0.988908 2 1
19.39 0.989164 2 1
19.395 0.989421 2 1
19.4 0.989677 2 1
19.405 0.989933 2 1
19.41 0.99019 2 1
19.415 0.990446 2 1
19.42 0.990703 2 1
19.425 0.990959 2 1
19.43 0.991215 2 1
19.435 0.991472 2 1
19.44 0.991728 2 1
19.445 0.991985 2 1
19.45 0.992241 2 1
19.455 0.992498 2 1
19.46 0.992754 2 1
19.465 0.99301 2 1
19.47 0.993267 2 1
19.475 0.993523 2 1
19.48 0.99378 2 1
19.485 0.994036 2 1
19.49 0.994292 2 1
19.495 0.994549 2 1
19.5 0.994805 2 1
19.505 0.995062 2 1
19.51 0.995318 2 1
19.515 0.995575 2 1
19.52 0.995831 2 1
19.525 0.996087 2 1
19.53 0.996344 2 1
19.535 0.9966 2 1
19.54 0.996857 2 1
19.545 0.997113 2 1
19.55 0.997369 2 1
19.555 0.997626 2 1
19.56 0.997882 2 1
19.565 0.998139 2 1
19.57 0.998395 2 1
19.575 0.998652 2 1
19.58 0.998908 2 1
19.585 0.999164 2 1
19.59 0.999421 2 1
19.595 0.999677 2 1
19.6 0.999934 2 1
