0 0 2 0
0.005 0.000958024 2 0
0.01 0.00191605 2 0
0.015 0.00287407 2 0
0.02 0.00383209 2 0
0.025 0.00479012 2 0
0.03 0.00574814 2 0
0.035 0.00670616 2 0
0.04 0.00766419 2 0
0.045 0.00862221 2 0
0.05 0.00958024 2 0
0.055 0.0105383 2 0
0.06 0.0114963 2 0
0.065 0.0124543 2 0
0.07 0.0134123 2 0
0.075 0.0143704 2 0
0.08 0.0153284 2 0
0.085 0.0162864 2 0
0.09 0.0172444 2 0
0.095 0.0182024 2 0
0.1 0.0191605 2 0
0.105 0.0201185 2 0
0.11 0.0210765 2 0
0.115 0.0220345 2 0
0.12 0.0229926 2 0
0.125 0.0239506 2 0
0.13 0.0249086 2 0
0.135 0.0258666 2 0
0.14 0.0268247 2 0
0.145 0.0277827 2 0
0.15 0.0287407 2 0
0.155 0.0296987 2 0
0.16 0.0306568 2 0
0.165 0.0316148 2 0
0.17 0.0325728 2 0
0.175 0.0335308 2 0
0.18 0.0344888 2 0
0.185 0.0354469 2 0
0.19 0.0364049 2 0
0.195 0.0373629 2 0
0.2 0.0383209 2 0
0.205 0.039279 2 0
0.21 0.040237 2 0
0.215 0.041195 2 0
0.22 0.042153 2 0
0.225 0.0431111 2 0
0.23 0.0440691 2 0
0.235 0.0450271 2 0
0.24 0.0459851 2 0
0.245 0.0469432 2 0
0.25 0.0479012 2 0
0.255 0.0488592 2 0
0.26 0.0498172 2 0
0.265 0.0507752 2 0
0.27 0.0517333 2 0
0.275 0.0526913 2 0
0.28 0.0536493 2 0
0.285 0.0546073 2 0
0.29 0.0555654 2 0
0.295 0.0565234 2 0
0.3 0.0574814 2 0
0.305 0.0584394 2 0
0.31 0.0593975 2 0
0.315 0.0603555 2 0
0.32 0.0613135 2 0
0.325 0.0622715 2 0
0.33 0.0632296 2 0
0.335 0.0641876 2 0
0.34 0.0651456 2 0
0.345 0.0661036 2 0
0.35 0.0670616 2 0
0.355 0.0680197 2 0
0.36 0.0689777 2 0
0.365 0.0699357 2 0
0.37 0.0708937 2 0
0.375 0.0718518 2 0
0.38 0.0728098 2 0
0.385 0.0737678 2 0
0.39 0.0747258 2 0
0.395 0.0756839 2 0
0.4 0.0766419 2 0
0.405 0.0775999 2 0
0.41 0.0785579 2 0
0.415 0.079516 2 0
0.42 0.080474 2 0
0.425 0.081432 2 0
0.43 0.08239 2 0
0.435 0.083348 2 0
0.44 0.0843061 2 0
0.445 0.0852641 2 0
0.45 0.0862221 2 0
0.455 0.0871801 2 0
0.46 0.0881382 2 0
0.465 0.0890962 2 0
0.47 0.0900542 2 0
0.475 0.0910122 2 0
0.48 0.0919703 2 0
0.485 0.0929283 2 0
0.49 0.0938863 2 0
0.495 0.0948443 2 0
0.5 0.0958024 2 0
0.505 0.0967604 2 0
0.51 0.0977184 2 0
0.515 0.0986764 2 0
0.52 0.0996344 2 0
0.525 0.100592 2 0
0.53 0.10155 2 0
0.535 0.102509 2 0
0.54 0.103467 2 0
0.545 0.104425 2 0
0.55 0.105383 2 0
0.555 0.106341 2 0
0.56 0.107299 2 0
0.565 0.108257 2 0
0.57 0.109215 2 0
0.575 0.110173 2 0
0.58 0.111131 2 0
0.585 0.112089 2 0
0.59 0.113047 2 0
0.595 0.114005 2 0
0.6 0.114963 2 0
0.605 0.115921 2 0
0.61 0.116879 2 0
0.615 0.117837 2 0
0.62 0.118795 2 0
0.625 0.119753 2 0
0.63 0.120711 2 0
0.635 0.121669 2 0
0.64 0.122627 2 0
0.645 0.123585 2 0
0.65 0.124543 2 0
0.655 0.125501 2 0
0.66 0.126459 2 0
0.665 0.127417 2 0
0.67 0.128375 2 0
0.675 0.129333 2 0
0.68 0.130291 2 0
0.685 0.131249 2 0
0.69 0.132207 2 0
0.695 0.133165 2 0
0.7 0.134123 2 0
0.705 0.135081 2 0
0.71 0.136039 2 0
0.715 0.136997 2 0
0.72 0.137955 2 0
0.725 0.138913 2 0
0.73 0.139871 2 0
0.735 0.140829 2 0
0.74 0.141787 2 0
0.745 0.142746 2 0
0.75 0.143704 2 0
0.755 0.144662 2 0
0.76 0.14562 2 0
0.765 0.146578 2 0
0.77 0.147536 2 0
0.775 0.148494 2 0
0.78 0.149452 2 0
0.785 0.15041 2 0
0.79 0.151368 2 0
0.795 0.152326 2 0
0.8 0.153284 2 0
0.805 0.154242 2 0
0.81 0.1552 2 0
0.815 0.156158 2 0
0.82 0.157116 2 0
0.825 0.158074 2 0
0.83 0.159032 2 0
0.835 0.15999 2 0
0.84 0.160948 2 0
0.845 0.161906 2 0
0.85 0.162864 2 0
0.855 0.163822 2 0
0.86 0.16478 2 0
0.865 0.165738 2 0
0.87 0.166696 2 0
0.875 0.167654 2 0
0.88 0.168612 2 0
0.885 0.16957 2 0
0.89 0.170528 2 0
0.895 0.171486 2 0
0.9 0.172444 2 0
0.905 0.173402 2 0
0.91 0.17436 2 0
0.915 0.175318 2 0
0.92 0.176276 2 0
0.925 0.177234 2 0
0.93 0.178192 2 0
0.935 0.17915 2 0
0.94 0.180108 2 0
0.945 0.181066 2 0
0.95 0.182024 2 0
0.955 0.182982 2 0
0.96 0.183941 2 0
0.965 0.184899 2 0
0.97 0.185857 2 0
0.975 0.186815 2 0
0.98 0.187773 2 0
0.985 0.188731 2 0
0.99 0.189689 2 0
0.995 0.190647 2 0
1 0.193432 2 0
1.005 0.1944 2 0
1.01 0.195368 2 0
1.015 0.196336 2 0
1.02 0.197305 2 0
1.025 0.198273 2 0
1.03 0.199241 2 0
1.035 0.200209 2 0
1.04 0.201177 2 0
1.045 0.202145 2 0
1.05 0.203113 2 0
1.055 0.204081 2 0
1.06 0.205049 2 0
1.065 0.206017 2 0
1.07 0.206985 2 0
1.075 0.207953 2 0
1.08 0.208921 2 0
1.085 0.209889 2 0
1.09 0.210857 2 0
1.095 0.211825 2 0
1.1 0.212793 2 0
1.105 0.213761 2 0
1.11 0.214729 2 0
1.115 0.215697 2 0
1.12 0.216665 2 0
1.125 0.217633 2 0
1.13 0.218601 2 0
1.135 0.219569 2 0
1.14 0.220538 2 0
1.145 0.221506 2 0
1.15 0.222474 2 0
1.155 0.223442 2 0
1.16 0.22441 2 0
1.165 0.225378 2 0
1.17 0.226346 2 0
1.175 0.227314 2 0
1.18 0.228282 2 0
1.185 0.22925 2 0
1.19 0.230218 2 0
1.195 0.231186 2 0
1.2 0.232154 2 0
1.205 0.233122 2 0
1.21 0.23409 2 0
1.215 0.235058 2 0
1.22 0.236026 2 0
1.225 0.236994 2 0
1.23 0.237962 2 0
1.235 0.23893 2 0
1.24 0.239898 2 0
1.245 0.240866 2 0
1.25 0.241834 2 0
1.255 0.242802 2 0
1.26 0.243771 2 0
1.265 0.244739 2 0
1.27 0.245707 2 0
1.275 0.246675 2 0
1.28 0.247643 2 0
1.285 0.248611 2 0
1.29 0.249579 2 0
1.295 0.250547 2 0
1.3 0.251515 2 0
1.305 0.252483 2 0
1.31 0.253451 2 0
1.315 0.254419 2 0
1.32 0.255387 2 0
1.325 0.256355 2 0
1.33 0.257323 2 0
1.335 0.258291 2 0
1.34 0.259259 2 0
1.345 0.260227 2 0
1.35 0.261195 2 0
1.355 0.262163 2 0
1.36 0.263131 2 0
1.365 0.264099 2 0
1.37 0.265067 2 0
1.375 0.266035 2 0
1.38 0.267004 2 0
1.385 0.267972 2 0
1.39 0.26894 2 0
1.395 0.269908 2 0
1.4 0.270876 2 0
1.405 0.271844 2 0
1.41 0.272812 2 0
1.415 0.27378 2 0
1.42 0.274748 2 0
1.425 0.275716 2 0
1.43 0.276684 2 0
1.435 0.277652 2 0
1.44 0.27862 2 0
1.445 0.279588 2 0
1.45 0.280556 2 0
1.455 0.281524 2 0
1.46 0.282492 2 0
1.465 0.28346 2 0
1.47 0.284428 2 0
1.475 0.285396 2 0
1.48 0.286364 2 0
1.485 0.287332 2 0
1.49 0.2883 2 0
1.495 0.289268 2 0
1.5 0.290237 2 0
1.505 0.291205 2 0
1.51 0.292173 2 0
1.515 0.293141 2 0
1.52 0.294109 2 0
1.525 0.295077 2 0
1.53 0.296045 2 0
1.535 0.297013 2 0
1.54 0.297981 2 0
1.545 0.298949 2 0
1.55 0.299917 2 0
1.555 0.300885 2 0
1.56 0.301853 2 0
1.565 0.302821 2 0
1.57 0.303789 2 0
1.575 0.304757 2 0
1.58 0.305725 2 0
1.585 0.306693 2 0
1.59 0.307661 2 0
1.595 0.308629 2 0
1.6 0.309597 2 0
1.605 0.310565 2 0
1.61 0.311533 2 0
1.615 0.312501 2 0
1.62 0.31347 2 0
1.625 0.314438 2 0
1.63 0.315406 2 0
1.635 0.316374 2 0
1.64 0.317342 2 0
1.645 0.31831 2 0
1.65 0.319278 2 0
1.655 0.320246 2 0
1.66 0.321214 2 0
1.665 0.322182 2 0
1.67 0.32315 2 0
1.675 0.324118 2 0
1.68 0.325086 2 0
1.685 0.326054 2 0
1.69 0.327022 2 0
1.695 0.32799 2 0
1.7 0.328958 2 0
1.705 0.329926 2 0
1.71 0.330894 2 0
1.715 0.331862 2 0
1.72 0.33283 2 0
1.725 0.333798 2 0
1.73 0.334766 2 0
1.735 0.335734 2 0
1.74 0.336703 2 0
1.745 0.337671 2 0
1.75 0.338639 2 0
1.755 0.339607 2 0
1.76 0.340575 2 0
1.765 0.341543 2 0
1.77 0.342511 2 0
1.775 0.343479 2 0
1.78 0.344447 2 0
1.785 0.345415 2 0
1.79 0.346383 2 0
1.795 0.347351 2 0
1.8 0.348319 2 0
1.805 0.349287 2 0
1.81 0.350255 2 0
1.815 0.351223 2 0
1.82 0.352191 2 0
1.825 0.353159 2 0
1.83 0.354127 2 0
1.835 0.355095 2 0
1.84 0.356063 2 0
1.845 0.357031 2 0
1.85 0.357999 2 0
1.855 0.358968 2 0
1.86 0.359936 2 0
1.865 0.360904 2 0
1.87 0.361872 2 0
1.875 0.36284 2 0
1.88 0.363808 2 0
1.885 0.364776 2 0
1.89 0.365744 2 0
1.895 0.366712 2 0
1.9 0.36768 2 0
1.905 0.368648 2 0
1.91 0.369616 2 0
1.915 0.370584 2 0
1.92 0.371552 2 0
1.925 0.37252 2 0
1.93 0.373488 2 0
1.935 0.374456 2 0
1.94 0.375424 2 0
1.945 0.376392 2 0
1.95 0.37736 2 0
1.955 0.378328 2 0
1.96 0.379296 2 0
1.965 0.380264 2 0
1.97 0.381232 2 0
1.975 0.382201 2 0
1.98 0.383169 2 0
1.985 0.384137 2 0
1.99 0.385105 2 0
1.995 0.386073 2 0
2 0.387041 2 0
2.005 0.388009 2 0
2.01 0.388977 2 0
2.015 0.389945 2 0
2.02 0.390913 2 0
2.025 0.391881 2 0
2.03 0.392849 2 0
2.035 0.393817 2 0
2.04 0.394785 2 0
2.045 0.395753 2 0
2.05 0.396721 2 0
2.055 0.397689 2 0
2.06 0.398657 2 0
2.065 0.399625 2 0
2.07 0.400593 2 0
2.075 0.401561 2 0
2.08 0.402529 2 0
2.085 0.403497 2 0
2.09 0.404465 2 0
2.095 0.405434 2 0
2.1 0.406402 2 0
2.105 0.40737 2 0
2.11 0.408338 2 0
2.115 0.409306 2 0
2.12 0.410274 2 0
2.125 0.411242 2 0
2.13 0.41221 2 0
2.135 0.413178 2 0
2.14 0.414146 2 0
2.145 0.415114 2 0
2.15 0.416082 2 0
2.155 0.41705 2 0
2.16 0.418018 2 0
2.165 0.418986 2 0
2.17 0.419954 2 0
2.175 0.420922 2 0
2.18 0.42189 2 0
2.185 0.422858 2 0
2.19 0.423826 2 0
2.195 0.424794 2 0
2.2 0.425762 2 0
2.205 0.42673 2 0
2.21 0.427698 2 0
2.215 0.428667 2 0
2.22 0.429635 2 0
2.225 0.430603 2 0
2.23 0.431571 2 0
2.235 0.432539 2 0
2.24 0.433507 2 0
2.245 0.434475 2 0
2.25 0.435443 2 0
2.255 0.436411 2 0
2.26 0.437379 2 0
2.265 0.438347 2 0
2.27 0.439315 2 0
2.275 0.440283 2 0
2.28 0.441251 2 0
2.285 0.442219 2 0
2.29 0.443187 2 0
2.295 0.444155 2 0
2.3 0.445123 2 0
2.305 0.446091 2 0
2.31 0.447059 2 0
2.315 0.448027 2 0
2.32 0.448995 2 0
2.325 0.449963 2 0
2.33 0.450931 2 0
2.335 0.4519 2 0
2.34 0.452868 2 0
2.345 0.453836 2 0
2.35 0.454804 2 0
2.355 0.455772 2 0
2.36 0.45674 2 0
2.365 0.457708 2 0
2.37 0.458676 2 0
2.375 0.459644 2 0
2.38 0.460612 2 0
2.385 0.46158 2 0
2.39 0.462548 2 0
2.395 0.463516 2 0
2.4 0.464484 2 0
2.405 0.465452 2 0
2.41 0.46642 2 0
2.415 0.467388 2 0
2.42 0.468356 2 0
2.425 0.469324 2 0
2.43 0.470292 2 0
2.435 0.47126 2 0
2.44 0.472228 2 0
2.445 0.473196 2 0
2.45 0.474164 2 0
2.455 0.475133 2 0
2.46 0.476101 2 0
2.465 0.477069 2 0
2.47 0.478037 2 0
2.475 0.479005 2 0
2.48 0.479973 2 0
2.485 0.480941 2 0
2.49 0.481909 2 0
2.495 0.482877 2 0
2.5 0.483845 2 0
2.505 0.484813 2 0
2.51 0.485781 2 0
2.515 0.486749 2 0
2.52 0.487717 2 0
2.525 0.488685 2 0
2.53 0.489653 2 0
2.535 0.490621 2 0
2.54 0.491589 2 0
2.545 0.492557 2 0
2.55 0.493525 2 0
2.555 0.494493 2 0
2.56 0.495461 2 0
2.565 0.496429 2 0
2.57 0.497397 2 0
2.575 0.498366 2 0
2.58 0.499334 2 0
2.585 0.500302 2 0
2.59 0.50127 2 0
2.595 0.502238 2 0
2.6 0.503206 2 0
2.605 0.504174 2 0
2.61 0.505142 2 0
2.615 0.50611 2 0
2.62 0.507078 2 0
2.625 0.508046 2 0
2.63 0.509014 2 0
2.635 0.509982 2 0
2.64 0.51095 2 0
2.645 0.511918 2 0
2.65 0.512886 2 0
2.655 0.513854 2 0
2.66 0.514822 2 0
2.665 0.51579 2 0
2.67 0.516758 2 0
2.675 0.517726 2 0
2.68 0.518694 2 0
2.685 0.519662 2 0
2.69 0.52063 2 0
2.695 0.521599 2 0
2.7 0.522567 2 0
2.705 0.523535 2 0
2.71 0.524503 2 0
2.715 0.525471 2 0
2.72 0.526439 2 0
2.725 0.527407 2 0
2.73 0.528375 2 0
2.735 0.529343 2 0
2.74 0.530311 2 0
2.745 0.531279 2 0
2.75 0.532247 2 0
2.755 0.533215 2 0
2.76 0.534183 2 0
2.765 0.535151 2 0
2.77 0.536119 2 0
2.775 0.537087 2 0
2.78 0.538055 2 0
2.785 0.539023 2 0
2.79 0.539991 2 0
2.795 0.540959 2 0
2.8 0.541927 2 0
2.805 0.542895 2 0
2.81 0.543864 2 0
2.815 0.544832 2 0
2.82 0.5458 2 0
2.825 0.546768 2 0
2.83 0.547736 2 0
2.835 0.548704 2 0
2.84 0.549672 2 0
2.845 0.55064 2 0
2.85 0.551608 2 0
2.855 0.552576 2 0
2.86 0.553544 2 0
2.865 0.554512 2 0
2.87 0.55548 2 0
2.875 0.556448 2 0
2.88 0.557416 2 0
2.885 0.558384 2 0
2.89 0.559352 2 0
2.895 0.56032 2 0
2.9 0.561288 2 0
2.905 0.562256 2 0
2.91 0.563224 2 0
2.915 0.564192 2 0
2.92 0.56516 2 0
2.925 0.566128 2 0
2.93 0.567097 2 0
2.935 0.568065 2 0
2.94 0.569033 2 0
2.945 0.570001 2 0
2.95 0.570969 2 0
2.955 0.571937 2 0
2.96 0.572905 2 0
2.965 0.573873 2 0
2.97 0.574841 2 0
2.975 0.575809 2 0
2.98 0.576777 2 0
2.985 0.577745 2 0
2.99 0.578713 2 0
2.995 0.579681 2 0
3 0.580649 2 0
3.005 0.581617 2 0
3.01 0.582585 2 0
3.015 0.583553 2 0
3.02 0.584521 2 0
3.025 0.585489 2 0
3.03 0.586457 2 0
3.035 0.587425 2 0
3.04 0.588393 2 0
3.045 0.589361 2 0
3.05 0.59033 2 0
3.055 0.591298 2 0
3.06 0.592266 2 0
3.065 0.593234 2 0
3.07 0.594202 2 0
3.075 0.59517 2 0
3.08 0.596138 2 0
3.085 0.597106 2 0
3.09 0.598074 2 0
3.095 0.599042 2 0
3.1 0.60001 2 0
3.105 0.600978 2 0
3.11 0.601946 2 0
3.115 0.602914 2 0
3.12 0.603882 2 0
3.125 0.60485 2 0
3.13 0.605818 2 0
3.135 0.606786 2 0
3.14 0.607754 2 0
3.145 0.608722 2 0
3.15 0.60969 2 0
3.155 0.610658 2 0
3.16 0.611626 2 0
3.165 0.612594 2 0
3.17 0.613563 2 0
3.175 0.614531 2 0
3.18 0.615499 2 0
3.185 0.616467 2 0
3.19 0.617435 2 0
3.195 0.618403 2 0
3.2 0.619371 2 0
3.205 0.620339 2 0
3.21 0.621307 2 0
3.215 0.622275 2 0
3.22 0.623243 2 0
3.225 0.624211 2 0
3.23 0.625179 2 0
3.235 0.626147 2 0
3.24 0.627115 2 0
3.245 0.628083 2 0
3.25 0.629051 2 0
3.255 0.630019 2 0
3.26 0.630987 2 0
3.265 0.631955 2 0
3.27 0.632923 2 0
3.275 0.633891 2 0
3.28 0.634859 2 0
3.285 0.635827 2 0
3.29 0.636796 2 0
3.295 0.637764 2 0
3.3 0.638732 2 0
3.305 0.6397 2 0
3.31 0.640668 2 0
3.315 0.641636 2 0
3.32 0.642604 2 0
3.325 0.643572 2 0
3.33 0.64454 2 0
3.335 0.645508 2 0
3.34 0.646476 2 0
3.345 0.647444 2 0
3.35 0.648412 2 0
3.355 0.64938 2 0
3.36 0.650348 2 0
3.365 0.651316 2 0
3.37 0.652284 2 0
3.375 0.653252 2 0
3.38 0.65422 2 0
3.385 0.655188 2 0
3.39 0.656156 2 0
3.395 0.657124 2 0
3.4 0.658092 2 0
3.405 0.65906 2 0
3.41 0.660029 2 0
3.415 0.660997 2 0
3.42 0.661965 2 0
3.425 0.662933 2 0
3.43 0.663901 2 0
3.435 0.664869 2 0
3.44 0.665837 2 0
3.445 0.666805 2 0
3.45 0.667773 2 0
3.455 0.668741 2 0
3.46 0.669709 2 0
3.465 0.670677 2 0
3.47 0.671645 2 0
3.475 0.672613 2 0
3.48 0.673581 2 0
3.485 0.674549 2 0
3.49 0.675517 2 0
3.495 0.676485 2 0
3.5 0.677453 2 0
3.505 0.678421 2 0
3.51 0.679389 2 0
3.515 0.680357 2 0
3.52 0.681325 2 0
3.525 0.682293 2 0
3.53 0.683262 2 0
3.535 0.68423 2 0
3.54 0.685198 2 0
3.545 0.686166 2 0
3.55 0.687134 2 0
3.555 0.688102 2 0
3.56 0.68907 2 0
3.565 0.690038 2 0
3.57 0.691006 2 0
3.575 0.691974 2 0
3.58 0.692942 2 0
3.585 0.69391 2 0
3.59 0.694878 2 0
3.595 0.695846 2 0
3.6 0.696814 2 0
3.605 0.697782 2 0
3.61 0.69875 2 0
3.615 0.699718 2 0
3.62 0.700686 2 0
3.625 0.701654 2 0
3.63 0.702622 2 0
3.635 0.70359 2 0
3.64 0.704558 2 0
3.645 0.705526 2 0
3.65 0.706495 2 0
3.655 0.707463 2 0
3.66 0.708431 2 0
3.665 0.709399 2 0
3.67 0.710367 2 0
3.675 0.711335 2 0
3.68 0.712303 2 0
3.685 0.713271 2 0
3.69 0.714239 2 0
3.695 0.715207 2 0
3.7 0.716175 2 0
3.705 0.717143 2 0
3.71 0.718111 2 0
3.715 0.719079 2 0
3.72 0.720047 2 0
3.725 0.721015 2 0
3.73 0.721983 2 0
3.735 0.722951 2 0
3.74 0.723919 2 0
3.745 0.724887 2 0
3.75 0.725855 2 0
3.755 0.726823 2 0
3.76 0.727791 2 0
3.765 0.72876 2 0
3.77 0.729728 2 0
3.775 0.730696 2 0
3.78 0.731664 2 0
3.785 0.732632 2 0
3.79 0.7336 2 0
3.795 0.734568 2 0
3.8 0.735536 2 0
3.805 0.736504 2 0
3.81 0.737472 2 0
3.815 0.73844 2 0
3.82 0.739408 2 0
3.825 0.740376 2 0
3.83 0.741344 2 0
3.835 0.742312 2 0
3.84 0.74328 2 0
3.845 0.744248 2 0
3.85 0.745216 2 0
3.855 0.746184 2 0
3.86 0.747152 2 0
3.865 0.74812 2 0
3.87 0.749088 2 0
3.875 0.750056 2 0
3.88 0.751024 2 0
3.885 0.751993 2 0
3.89 0.752961 2 0
3.895 0.753929 2 0
3.9 0.754897 2 0
3.905 0.755865 2 0
3.91 0.756833 2 0
3.915 0.757801 2 0
3.92 0.758769 2 0
3.925 0.759737 2 0
3.93 0.760705 2 0
3.935 0.761673 2 0
3.94 0.762641 2 0
3.945 0.763609 2 0
3.95 0.764577 2 0
3.955 0.765545 2 0
3.96 0.766513 2 0
3.965 0.767481 2 0
3.97 0.768449 2 0
3.975 0.769417 2 0
3.98 0.770385 2 0
3.985 0.771353 2 0
3.99 0.772321 2 0
3.995 0.773289 2 0
4 0.774257 2 0
4.005 0.775226 2 0
4.01 0.776194 2 0
4.015 0.777162 2 0
4.02 0.77813 2 0
4.025 0.779098 2 0
4.03 0.780066 2 0
4.035 0.781034 2 0
4.04 0.782002 2 0
4.045 0.78297 2 0
4.05 0.783938 2 0
4.055 0.784906 2 0
4.06 0.785874 2 0
4.065 0.786842 2 0
4.07 0.78781 2 0
4.075 0.788778 2 0
4.08 0.789746 2 0
4.085 0.790714 2 0
4.09 0.791682 2 0
4.095 0.79265 2 0
4.1 0.793618 2 0
4.105 0.794586 2 0
4.11 0.795554 2 0
4.115 0.796522 2 0
4.12 0.79749 2 0
4.125 0.798459 2 0
4.13 0.799427 2 0
4.135 0.800395 2 0
4.14 0.801363 2 0
4.145 0.802331 2 0
4.15 0.803299 2 0
4.155 0.804267 2 0
4.16 0.805235 2 0
4.165 0.806203 2 0
4.17 0.807171 2 0
4.175 0.808139 2 0
4.18 0.809107 2 0
4.185 0.810075 2 0
4.19 0.811043 2 0
4.195 0.812011 2 0
4.2 0.812979 2 0
4.205 0.813947 2 0
4.21 0.814915 2 0
4.215 0.815883 2 0
4.22 0.816851 2 0
4.225 0.817819 2 0
4.23 0.818787 2 0
4.235 0.819755 2 0
4.24 0.820723 2 0
4.245 0.821692 2 0
4.25 0.82266 2 0
4.255 0.823628 2 0
4.26 0.824596 2 0
4.265 0.825564 2 0
4.27 0.826532 2 0
4.275 0.8275 2 0
4.28 0.828468 2 0
4.285 0.829436 2 0
4.29 0.830404 2 0
4.295 0.831372 2 0
4.3 0.83234 2 0
4.305 0.833308 2 0
4.31 0.834276 2 0
4.315 0.835244 2 0
4.32 0.836212 2 0
4.325 0.83718 2 0
4.33 0.838148 2 0
4.335 0.839116 2 0
4.34 0.840084 2 0
4.345 0.841052 2 0
4.35 0.84202 2 0
4.355 0.842988 2 0
4.36 0.843956 2 0
4.365 0.844925 2 0
4.37 0.845893 2 0
4.375 0.846861 2 0
4.38 0.847829 2 0
4.385 0.848797 2 0
4.39 0.849765 2 0
4.395 0.850733 2 0
4.4 0.851701 2 0
4.405 0.852669 2 0
4.41 0.853637 2 0
4.415 0.854605 2 0
4.42 0.855573 2 0
4.425 0.856541 2 0
4.43 0.857509 2 0
4.435 0.858477 2 0
4.44 0.859445 2 0
4.445 0.860413 2 0
4.45 0.861381 2 0
4.455 0.862349 2 0
4.46 0.863317 2 0
4.465 0.864285 2 0
4.47 0.865253 2 0
4.475 0.866221 2 0
4.48 0.867189 2 0
4.485 0.868158 2 0
4.49 0.869126 2 0
4.495 0.870094 2 0
4.5 0.871062 2 0
4.505 0.87203 2 0
4.51 0.872998 2 0
4.515 0.873966 2 0
4.52 0.874934 2 0
4.525 0.875902 2 0
4.53 0.87687 2 0
4.535 0.877838 2 0
4.54 0.878806 2 0
4.545 0.879774 2 0
4.55 0.880742 2 0
4.555 0.88171 2 0
4.56 0.882678 2 0
4.565 0.883646 2 0
4.57 0.884614 2 0
4.575 0.885582 2 0
4.58 0.88655 2 0
4.585 0.887518 2 0
4.59 0.888486 2 0
4.595 0.889454 2 0
4.6 0.890422 2 0
4.605 0.891391 2 0
4.61 0.892359 2 0
4.615 0.893327 2 0
4.62 0.894295 2 0
4.625 0.895263 2 0
4.63 0.896231 2 0
4.635 0.897199 2 0
4.64 0.898167 2 0
4.645 0.899135 2 0
4.65 0.900103 2 0
4.655 0.901071 2 0
4.66 0.902039 2 0
4.665 0.903007 2 0
4.67 0.903975 2 0
4.675 0.904943 2 0
4.68 0.905911 2 0
4.685 0.906879 2 0
4.69 0.907847 2 0
4.695 0.908815 2 0
4.7 0.909783 2 0
4.705 0.910751 2 0
4.71 0.911719 2 0
4.715 0.912687 2 0
4.72 0.913656 2 0
4.725 0.914624 2 0
4.73 0.915592 2 0
4.735 0.91656 2 0
4.74 0.917528 2 0
4.745 0.918496 2 0
4.75 0.919464 2 0
4.755 0.920432 2 0
4.76 0.9214 2 0
4.765 0.922368 2 0
4.77 0.923336 2 0
4.775 0.924304 2 0
4.78 0.925272 2 0
4.785 0.92624 2 0
4.79 0.927208 2 0
4.795 0.928176 2 0
4.8 0.929144 2 0
4.805 0.930112 2 0
4.81 0.93108 2 0
4.815 0.932048 2 0
4.82 0.933016 2 0
4.825 0.933984 2 0
4.83 0.934952 2 0
4.835 0.93592 2 0
4.84 0.936889 2 0
4.845 0.937857 2 0
4.85 0.938825 2 0
4.855 0.939793 2 0
4.86 0.940761 2 0
4.865 0.941729 2 0
4.87 0.942697 2 0
4.875 0.943665 2 0
4.88 0.944633 2 0
4.885 0.945601 2 0
4.89 0.946569 2 0
4.895 0.947537 2 0
4.9 0.948505 2 0
4.905 0.949473 2 0
4.91 0.950441 2 0
4.915 0.951409 2 0
4.92 0.952377 2 0
4.925 0.953345 2 0
4.93 0.954313 2 0
4.935 0.955281 2 0
4.94 0.956249 2 0
4.945 0.957217 2 0
4.95 0.958185 2 0
4.955 0.959153 2 0
4.96 0.960122 2 0
4.965 0.96109 2 0
4.97 0.962058 2 0
4.975 0.963026 2 0
4.98 0.963994 2 0
4.985 0.964962 2 0
4.99 0.96593 2 0
4.995 0.966898 2 0
5 0.967866 2 0
5.005 0.968834 2 0
5.01 0.969802 2 0
5.015 0.97077 2 0
5.02 0.971738 2 0
5.025 0.972706 2 0
5.03 0.973674 2 0
5.035 0.974642 2 0
5.04 0.97561 2 0
5.045 0.976578 2 0
5.05 0.977546 2 0
5.055 0.978514 2 0
5.06 0.979482 2 0
5.065 0.98045 2 0
5.07 0.981418 2 0
5.075 0.982386 2 0
5.08 0.983355 2 0
5.085 0.984323 2 0
5.09 0.985291 2 0
5.095 0.986259 2 0
5.1 0.987227 2 0
5.105 0.988195 2 0
5.11 0.989163 2 0
5.115 0.990131 2 0
5.12 0.991099 2 0
5.125 0.992067 2 0
5.13 0.993035 2 0
5.135 0.994003 2 0
5.14 0.994971 2 0
5.145 0.995939 2 0
5.15 0.996907 2 0
5.155 0.997875 2 0
5.16 0.998843 2 0
5.165 0.999811 2 0
