0 0 2 1
0.005 0.000644425 2 1
0.01 0.00128885 2 1
0.015 0.00193327 2 1
0.02 0.0025777 2 1
0.025 0.00322212 2 1
0.03 0.00386655 2 1
0.035 0.00451097 2 1
0.04 0.0051554 2 1
0.045 0.00579982 2 1
0.05 0.00644425 2 1
0.055 0.00708867 2 1
0.06 0.0077331 2 1
0.065 0.00837752 2 1
0.07 0.00902195 2 1
0.075 0.00966637 2 1
0.08 0.0103108 2 1
0.085 0.0109552 2 1
0.09 0.0115996 2 1
0.095 0.0122441 2 1
0.1 0.0128885 2 1
0.105 0.0135329 2 1
0.11 0.0141773 2 1
0.115 0.0148218 2 1
0.12 0.0154662 2 1
0.125 0.0161106 2 1
0.13 0.016755 2 1
0.135 0.0173995 2 1
0.14 0.0180439 2 1
0.145 0.0186883 2 1
0.15 0.0193327 2 1
0.155 0.0199772 2 1
0.16 0.0206216 2 1
0.165 0.021266 2 1
0.17 0.0219104 2 1
0.175 0.0225549 2 1
0.18 0.0231993 2 1
0.185 0.0238437 2 1
0.19 0.0244881 2 1
0.195 0.0251326 2 1
0.2 0.025777 2 1
0.205 0.0264214 2 1
0.21 0.0270658 2 1
0.215 0.0277103 2 1
0.22 0.0283547 2 1
0.225 0.0289991 2 1
0.23 0.0296435 2 1
0.235 0.030288 2 1
0.24 0.0309324 2 1
0.245 0.0315768 2 1
0.25 0.0322212 2 1
0.255 0.0328657 2 1
0.26 0.0335101 2 1
0.265 0.0341545 2 1
0.27 0.0347989 2 1
0.275 0.0354434 2 1
0.28 0.0360878 2 1
0.285 0.0367322 2 1
0.29 0.0373766 2 1
0.295 0.0380211 2 1
0.3 0.0386655 2 1
0.305 0.0393099 2 1
0.31 0.0399543 2 1
0.315 0.0405988 2 1
0.32 0.0412432 2 1
0.325 0.0418876 2 1
0.33 0.042532 2 1
0.335 0.0431765 2 1
0.34 0.0438209 2 1
0.345 0.0444653 2 1
0.35 0.0451097 2 1
0.355 0.0457542 2 1
0.36 0.0463986 2 1
0.365 0.047043 2 1
0.37 0.0476874 2 1
0.375 0.0483319 2 1
0.38 0.0489763 2 1
0.385 0.0496207 2 1
0.39 0.0502651 2 1
0.395 0.0509096 2 1
0.4 0.051554 2 1
0.405 0.0521984 2 1
0.41 0.0528428 2 1
0.415 0.0534873 2 1
0.42 0.0541317 2 1
0.425 0.0547761 2 1
0.43 0.0554205 2 1
0.435 0.056065 2 1
0.44 0.0567094 2 1
0.445 0.0573538 2 1
0.45 0.0579982 2 1
0.455 0.0586427 2 1
0.46 0.0592871 2 1
0.465 0.0599315 2 1
0.47 0.0605759 2 1
0.475 0.0612204 2 1
0.48 0.0618648 2 1
0.485 0.0625092 2 1
0.49 0.0631536 2 1
0.495 0.0637981 2 1
0.5 0.0644425 2 1
0.505 0.0650869 2 1
0.51 0.0657313 2 1
0.515 0.0663758 2 1
0.52 0.0670202 2 1
0.525 0.0676646 2 1
0.53 0.068309 2 1
0.535 0.0689535 2 1
0.54 0.0695979 2 1
0.545 0.0702423 2 1
0.55 0.0708867 2 1
0.555 0.0715312 2 1
0.56 0.0721756 2 1
0.565 0.07282 2 1
0.57 0.0734644 2 1
0.575 0.0741089 2 1
0.58 0.0747533 2 1
0.585 0.0753977 2 1
0.59 0.0760421 2 1
0.595 0.0766866 2 1
0.6 0.077331 2 1
0.605 0.0779754 2 1
0.61 0.0786198 2 1
0.615 0.0792643 2 1
0.62 0.0799087 2 1
0.625 0.0805531 2 1
0.63 0.0811975 2 1
0.635 0.081842 2 1
0.64 0.0824864 2 1
0.645 0.0831308 2 1
0.65 0.0837752 2 1
0.655 0.0844197 2 1
0.66 0.0850641 2 1
0.665 0.0857085 2 1
0.67 0.0863529 2 1
0.675 0.0869974 2 1
0.68 0.0876418 2 1
0.685 0.0882862 2 1
0.69 0.0889306 2 1
0.695 0.0895751 2 1
0.7 0.0902195 2 1
0.705 0.0908639 2 1
0.71 0.0915083 2 1
0.715 0.0921528 2 1
0.72 0.0927972 2 1
0.725 0.0934416 2 1
0.73 0.094086 2 1
0.735 0.0947305 2 1
0.74 0.0953749 2 1
0.745 0.0960193 2 1
0.75 0.0966637 2 1
0.755 0.0973082 2 1
0.76 0.0979526 2 1
0.765 0.098597 2 1
0.77 0.0992414 2 1
0.775 0.0998859 2 1
0.78 0.10053 2 1
0.785 0.101175 2 1
0.79 0.101819 2 1
0.795 0.102464 2 1
0.8 0.103108 2 1
0.805 0.103752 2 1
0.81 0.104397 2 1
0.815 0.105041 2 1
0.82 0.105686 2 1
0.825 0.10633 2 1
0.83 0.106975 2 1
0.835 0.107619 2 1
0.84 0.108263 2 1
0.845 0.108908 2 1
0.85 0.109552 2 1
0.855 0.110197 2 1
0.86 0.110841 2 1
0.865 0.111485 2 1
0.87 0.11213 2 1
0.875 0.112774 2 1
0.88 0.113419 2 1
0.885 0.114063 2 1
0.89 0.114708 2 1
0.895 0.115352 2 1
0.9 0.115996 2 1
0.905 0.116641 2 1
0.91 0.117285 2 1
0.915 0.11793 2 1
0.92 0.118574 2 1
0.925 0.119219 2 1
0.93 0.119863 2 1
0.935 0.120507 2 1
0.94 0.121152 2 1
0.945 0.121796 2 1
0.95 0.122441 2 1
0.955 0.123085 2 1
0.96 0.12373 2 1
0.965 0.124374 2 1
0.97 0.125018 2 1
0.975 0.125663 2 1
0.98 0.126307 2 1
0.985 0.126952 2 1
0.99 0.127596 2 1
0.995 0.128241 2 1
1 0.130713 2 1
1.005 0.131367 2 1
1.01 0.132021 2 1
1.015 0.132676 2 1
1.02 0.13333 2 1
1.025 0.133985 2 1
1.03 0.134639 2 1
1.035 0.135294 2 1
1.04 0.135948 2 1
1.045 0.136603 2 1
1.05 0.137257 2 1
1.055 0.137911 2 1
1.06 0.138566 2 1
1.065 0.13922 2 1
1.07 0.139875 2 1
1.075 0.140529 2 1
1.08 0.141184 2 1
1.085 0.141838 2 1
1.09 0.142493 2 1
1.095 0.143147 2 1
1.1 0.143801 2 1
1.105 0.144456 2 1
1.11 0.14511 2 1
1.115 0.145765 2 1
1.12 0.146419 2 1
1.125 0.147074 2 1
1.13 0.147728 2 1
1.135 0.148383 2 1
1.14 0.149037 2 1
1.145 0.149691 2 1
1.15 0.150346 2 1
1.155 0.151 2 1
1.16 0.151655 2 1
1.165 0.152309 2 1
1.17 0.152964 2 1
1.175 0.153618 2 1
1.18 0.154273 2 1
1.185 0.154927 2 1
1.19 0.155581 2 1
1.195 0.156236 2 1
1.2 0.15689 2 1
1.205 0.157545 2 1
1.21 0.158199 2 1
1.215 0.158854 2 1
1.22 0.159508 2 1
1.225 0.160163 2 1
1.23 0.160817 2 1
1.235 0.161471 2 1
1.24 0.162126 2 1
1.245 0.16278 2 1
1.25 0.163435 2 1
1.255 0.164089 2 1
1.26 0.164744 2 1
1.265 0.165398 2 1
1.27 0.166053 2 1
1.275 0.166707 2 1
1.28 0.167361 2 1
1.285 0.168016 2 1
1.29 0.16867 2 1
1.295 0.169325 2 1
1.3 0.169979 2 1
1.305 0.170634 2 1
1.31 0.171288 2 1
1.315 0.171943 2 1
1.32 0.172597 2 1
1.325 0.173251 2 1
1.33 0.173906 2 1
1.335 0.17456 2 1
1.34 0.175215 2 1
1.345 0.175869 2 1
1.35 0.176524 2 1
1.355 0.177178 2 1
1.36 0.177833 2 1
1.365 0.178487 2 1
1.37 0.179141 2 1
1.375 0.179796 2 1
1.38 0.18045 2 1
1.385 0.181105 2 1
1.39 0.181759 2 1
1.395 0.182414 2 1
1.4 0.183068 2 1
1.405 0.183723 2 1
1.41 0.184377 2 1
1.415 0.185031 2 1
1.42 0.185686 2 1
1.425 0.18634 2 1
1.43 0.186995 2 1
1.435 0.187649 2 1
1.44 0.188304 2 1
1.445 0.188958 2 1
1.45 0.189612 2 1
1.455 0.190267 2 1
1.46 0.190921 2 1
1.465 0.191576 2 1
1.47 0.19223 2 1
1.475 0.192885 2 1
1.48 0.193539 2 1
1.485 0.194194 2 1
1.49 0.194848 2 1
1.495 0.195502 2 1
1.5 0.196157 2 1
1.505 0.196811 2 1
1.51 0.197466 2 1
1.515 0.19812 2 1
1.52 0.198775 2 1
1.525 0.199429 2 1
1.53 0.200084 2 1
1.535 0.200738 2 1
1.54 0.201392 2 1
1.545 0.202047 2 1
1.55 0.202701 2 1
1.555 0.203356 2 1
1.56 0.20401 2 1
1.565 0.204665 2 1
1.57 0.205319 2 1
1.575 0.205974 2 1
1.58 0.206628 2 1
1.585 0.207282 2 1
1.59 0.207937 2 1
1.595 0.208591 2 1
1.6 0.209246 2 1
1.605 0.2099 2 1
1.61 0.210555 2 1
1.615 0.211209 2 1
1.62 0.211864 2 1
1.625 0.212518 2 1
1.63 0.213172 2 1
1.635 0.213827 2 1
1.64 0.214481 2 1
1.645 0.215136 2 1
1.65 0.21579 2 1
1.655 0.216445 2 1
1.66 0.217099 2 1
1.665 0.217754 2 1
1.67 0.218408 2 1
1.675 0.219062 2 1
1.68 0.219717 2 1
1.685 0.220371 2 1
1.69 0.221026 2 1
1.695 0.22168 2 1
1.7 0.222335 2 1
1.705 0.222989 2 1
1.71 0.223644 2 1
1.715 0.224298 2 1
1.72 0.224952 2 1
1.725 0.225607 2 1
1.73 0.226261 2 1
1.735 0.226916 2 1
1.74 0.22757 2 1
1.745 0.228225 2 1
1.75 0.228879 2 1
1.755 0.229534 2 1
1.76 0.230188 2 1
1.765 0.230842 2 1
1.77 0.231497 2 1
1.775 0.232151 2 1
1.78 0.232806 2 1
1.785 0.23346 2 1
1.79 0.234115 2 1
1.795 0.234769 2 1
1.8 0.235424 2 1
1.805 0.236078 2 1
1.81 0.236732 2 1
1.815 0.237387 2 1
1.82 0.238041 2 1
1.825 0.238696 2 1
1.83 0.23935 2 1
1.835 0.240005 2 1
1.84 0.240659 2 1
1.845 0.241314 2 1
1.85 0.241968 2 1
1.855 0.242622 2 1
1.86 0.243277 2 1
1.865 0.243931 2 1
1.87 0.244586 2 1
1.875 0.24524 2 1
1.88 0.245895 2 1
1.885 0.246549 2 1
1.89 0.247203 2 1
1.895 0.247858 2 1
1.9 0.248512 2 1
1.905 0.249167 2 1
1.91 0.249821 2 1
1.915 0.250476 2 1
1.92 0.25113 2 1
1.925 0.251785 2 1
1.93 0.252439 2 1
1.935 0.253093 2 1
1.94 0.253748 2 1
1.945 0.254402 2 1
1.95 0.255057 2 1
1.955 0.255711 2 1
1.96 0.256366 2 1
1.965 0.25702 2 1
1.97 0.257675 2 1
1.975 0.258329 2 1
1.98 0.258983 2 1
1.985 0.259638 2 1
1.99 0.260292 2 1
1.995 0.260947 2 1
2 0.261601 2 1
2.005 0.262256 2 1
2.01 0.26291 2 1
2.015 0.263565 2 1
2.02 0.264219 2 1
2.025 0.264873 2 1
2.03 0.265528 2 1
2.035 0.266182 2 1
2.04 0.266837 2 1
2.045 0.267491 2 1
2.05 0.268146 2 1
2.055 0.2688 2 1
2.06 0.269455 2 1
2.065 0.270109 2 1
2.07 0.270763 2 1
2.075 0.271418 2 1
2.08 0.272072 2 1
2.085 0.272727 2 1
2.09 0.273381 2 1
2.095 0.274036 2 1
2.1 0.27469 2 1
2.105 0.275345 2 1
2.11 0.275999 2 1
2.115 0.276653 2 1
2.12 0.277308 2 1
2.125 0.277962 2 1
2.13 0.278617 2 1
2.135 0.279271 2 1
2.14 0.279926 2 1
2.145 0.28058 2 1
2.15 0.281235 2 1
2.155 0.281889 2 1
2.16 0.282543 2 1
2.165 0.283198 2 1
2.17 0.283852 2 1
2.175 0.284507 2 1
2.18 0.285161 2 1
2.185 0.285816 2 1
2.19 0.28647 2 1
2.195 0.287125 2 1
2.2 0.287779 2 1
2.205 0.288433 2 1
2.21 0.289088 2 1
2.215 0.289742 2 1
2.22 0.290397 2 1
2.225 0.291051 2 1
2.23 0.291706 2 1
2.235 0.29236 2 1
2.24 0.293015 2 1
2.245 0.293669 2 1
2.25 0.294323 2 1
2.255 0.294978 2 1
2.26 0.295632 2 1
2.265 0.296287 2 1
2.27 0.296941 2 1
2.275 0.297596 2 1
2.28 0.29825 2 1
2.285 0.298905 2 1
2.29 0.299559 2 1
2.295 0.300213 2 1
2.3 0.300868 2 1
2.305 0.301522 2 1
2.31 0.302177 2 1
2.315 0.302831 2 1
2.32 0.303486 2 1
2.325 0.30414 2 1
2.33 0.304794 2 1
2.335 0.305449 2 1
2.34 0.306103 2 1
2.345 0.306758 2 1
2.35 0.307412 2 1
2.355 0.308067 2 1
2.36 0.308721 2 1
2.365 0.309376 2 1
2.37 0.31003 2 1
2.375 0.310684 2 1
2.38 0.311339 2 1
2.385 0.311993 2 1
2.39 0.312648 2 1
2.395 0.313302 2 1
2.4 0.313957 2 1
2.405 0.314611 2 1
2.41 0.315266 2 1
2.415 0.31592 2 1
2.42 0.316574 2 1
2.425 0.317229 2 1
2.43 0.317883 2 1
2.435 0.318538 2 1
2.44 0.319192 2 1
2.445 0.319847 2 1
2.45 0.320501 2 1
2.455 0.321156 2 1
2.46 0.32181 2 1
2.465 0.322464 2 1
2.47 0.323119 2 1
2.475 0.323773 2 1
2.48 0.324428 2 1
2.485 0.325082 2 1
2.49 0.325737 2 1
2.495 0.326391 2 1
2.5 0.327046 2 1
2.505 0.3277 2 1
2.51 0.328354 2 1
2.515 0.329009 2 1
2.52 0.329663 2 1
2.525 0.330318 2 1
2.53 0.330972 2 1
2.535 0.331627 2 1
2.54 0.332281 2 1
2.545 0.332936 2 1
2.55 0.33359 2 1
2.555 0.334244 2 1
2.56 0.334899 2 1
2.565 0.335553 2 1
2.57 0.336208 2 1
2.575 0.336862 2 1
2.58 0.337517 2 1
2.585 0.338171 2 1
2.59 0.338826 2 1
2.595 0.33948 2 1
2.6 0.340134 2 1
2.605 0.340789 2 1
2.61 0.341443 2 1
2.615 0.342098 2 1
2.62 0.342752 2 1
2.625 0.343407 2 1
2.63 0.344061 2 1
2.635 0.344716 2 1
2.64 0.34537 2 1
2.645 0.346024 2 1
2.65 0.346679 2 1
2.655 0.347333 2 1
2.66 0.347988 2 1
2.665 0.348642 2 1
2.67 0.349297 2 1
2.675 0.349951 2 1
2.68 0.350606 2 1
2.685 0.35126 2 1
2.69 0.351914 2 1
2.695 0.352569 2 1
2.7 0.353223 2 1
2.705 0.353878 2 1
2.71 0.354532 2 1
2.715 0.355187 2 1
2.72 0.355841 2 1
2.725 0.356496 2 1
2.73 0.35715 2 1
2.735 0.357804 2 1
2.74 0.358459 2 1
2.745 0.359113 2 1
2.75 0.359768 2 1
2.755 0.360422 2 1
2.76 0.361077 2 1
2.765 0.361731 2 1
2.77 0.362385 2 1
2.775 0.36304 2 1
2.78 0.363694 2 1
2.785 0.364349 2 1
2.79 0.365003 2 1
2.795 0.365658 2 1
2.8 0.366312 2 1
2.805 0.366967 2 1
2.81 0.367621 2 1
2.815 0.368275 2 1
2.82 0.36893 2 1
2.825 0.369584 2 1
2.83 0.370239 2 1
2.835 0.370893 2 1
2.84 0.371548 2 1
2.845 0.372202 2 1
2.85 0.372857 2 1
2.855 0.373511 2 1
2.86 0.374165 2 1
2.865 0.37482 2 1
2.87 0.375474 2 1
2.875 0.376129 2 1
2.88 0.376783 2 1
2.885 0.377438 2 1
2.89 0.378092 2 1
2.895 0.378747 2 1
2.9 0.379401 2 1
2.905 0.380055 2 1
2.91 0.38071 2 1
2.915 0.381364 2 1
2.92 0.382019 2 1
2.925 0.382673 2 1
2.93 0.383328 2 1
2.935 0.383982 2 1
2.94 0.384637 2 1
2.945 0.385291 2 1
2.95 0.385945 2 1
2.955 0.3866 2 1
2.96 0.387254 2 1
2.965 0.387909 2 1
2.97 0.388563 2 1
2.975 0.389218 2 1
2.98 0.389872 2 1
2.985 0.390527 2 1
2.99 0.391181 2 1
2.995 0.391835 2 1
3 0.39249 2 1
3.005 0.393144 2 1
3.01 0.393799 2 1
3.015 0.394453 2 1
3.02 0.395108 2 1
3.025 0.395762 2 1
3.03 0.396417 2 1
3.035 0.397071 2 1
3.04 0.397725 2 1
3.045 0.39838 2 1
3.05 0.399034 2 1
3.055 0.399689 2 1
3.06 0.400343 2 1
3.065 0.400998 2 1
3.07 0.401652 2 1
3.075 0.402307 2 1
3.08 0.402961 2 1
3.085 0.403615 2 1
3.09 0.40427 2 1
3.095 0.404924 2 1
3.1 0.405579 2 1
3.105 0.406233 2 1
3.11 0.406888 2 1
3.115 0.407542 2 1
3.12 0.408197 2 1
3.125 0.408851 2 1
3.13 0.409505 2 1
3.135 0.41016 2 1
3.14 0.410814 2 1
3.145 0.411469 2 1
3.15 0.412123 2 1
3.155 0.412778 2 1
3.16 0.413432 2 1
3.165 0.414087 2 1
3.17 0.414741 2 1
3.175 0.415395 2 1
3.18 0.41605 2 1
3.185 0.416704 2 1
3.19 0.417359 2 1
3.195 0.418013 2 1
3.2 0.418668 2 1
3.205 0.419322 2 1
3.21 0.419977 2 1
3.215 0.420631 2 1
3.22 0.421285 2 1
3.225 0.42194 2 1
3.23 0.422594 2 1
3.235 0.423249 2 1
3.24 0.423903 2 1
3.245 0.424558 2 1
3.25 0.425212 2 1
3.255 0.425866 2 1
3.26 0.426521 2 1
3.265 0.427175 2 1
3.27 0.42783 2 1
3.275 0.428484 2 1
3.28 0.429139 2 1
3.285 0.429793 2 1
3.29 0.430448 2 1
3.295 0.431102 2 1
3.3 0.431756 2 1
3.305 0.432411 2 1
3.31 0.433065 2 1
3.315 0.43372 2 1
3.32 0.434374 2 1
3.325 0.435029 2 1
3.33 0.435683 2 1
3.335 0.436338 2 1
3.34 0.436992 2 1
3.345 0.437646 2 1
3.35 0.438301 2 1
3.355 0.438955 2 1
3.36 0.43961 2 1
3.365 0.440264 2 1
3.37 0.440919 2 1
3.375 0.441573 2 1
3.38 0.442228 2 1
3.385 0.442882 2 1
3.39 0.443536 2 1
3.395 0.444191 2 1
3.4 0.444845 2 1
3.405 0.4455 2 1
3.41 0.446154 2 1
3.415 0.446809 2 1
3.42 0.447463 2 1
3.425 0.448118 2 1
3.43 0.448772 2 1
3.435 0.449426 2 1
3.44 0.450081 2 1
3.445 0.450735 2 1
3.45 0.45139 2 1
3.455 0.452044 2 1
3.46 0.452699 2 1
3.465 0.453353 2 1
3.47 0.454008 2 1
3.475 0.454662 2 1
3.48 0.455316 2 1
3.485 0.455971 2 1
3.49 0.456625 2 1
3.495 0.45728 2 1
3.5 0.457934 2 1
3.505 0.458589 2 1
3.51 0.459243 2 1
3.515 0.459898 2 1
3.52 0.460552 2 1
3.525 0.461206 2 1
3.53 0.461861 2 1
3.535 0.462515 2 1
3.54 0.46317 2 1
3.545 0.463824 2 1
3.55 0.464479 2 1
3.555 0.465133 2 1
3.56 0.465788 2 1
3.565 0.466442 2 1
3.57 0.467096 2 1
3.575 0.467751 2 1
3.58 0.468405 2 1
3.585 0.46906 2 1
3.59 0.469714 2 1
3.595 0.470369 2 1
3.6 0.471023 2 1
3.605 0.471678 2 1
3.61 0.472332 2 1
3.615 0.472986 2 1
3.62 0.473641 2 1
3.625 0.474295 2 1
3.63 0.47495 2 1
3.635 0.475604 2 1
3.64 0.476259 2 1
3.645 0.476913 2 1
3.65 0.477568 2 1
3.655 0.478222 2 1
3.66 0.478876 2 1
3.665 0.479531 2 1
3.67 0.480185 2 1
3.675 0.48084 2 1
3.68 0.481494 2 1
3.685 0.482149 2 1
3.69 0.482803 2 1
3.695 0.483457 2 1
3.7 0.484112 2 1
3.705 0.484766 2 1
3.71 0.485421 2 1
3.715 0.486075 2 1
3.72 0.48673 2 1
3.725 0.487384 2 1
3.73 0.488039 2 1
3.735 0.488693 2 1
3.74 0.489347 2 1
3.745 0.490002 2 1
3.75 0.490656 2 1
3.755 0.491311 2 1
3.76 0.491965 2 1
3.765 0.49262 2 1
3.77 0.493274 2 1
3.775 0.493929 2 1
3.78 0.494583 2 1
3.785 0.495237 2 1
3.79 0.495892 2 1
3.795 0.496546 2 1
3.8 0.497201 2 1
3.805 0.497855 2 1
3.81 0.49851 2 1
3.815 0.499164 2 1
3.82 0.499819 2 1
3.825 0.500473 2 1
3.83 0.501127 2 1
3.835 0.501782 2 1
3.84 0.502436 2 1
3.845 0.503091 2 1
3.85 0.503745 2 1
3.855 0.5044 2 1
3.86 0.505054 2 1
3.865 0.505709 2 1
3.87 0.506363 2 1
3.875 0.507017 2 1
3.88 0.507672 2 1
3.885 0.508326 2 1
3.89 0.508981 2 1
3.895 0.509635 2 1
3.9 0.51029 2 1
3.905 0.510944 2 1
3.91 0.511599 2 1
3.915 0.512253 2 1
3.92 0.512907 2 1
3.925 0.513562 2 1
3.93 0.514216 2 1
3.935 0.514871 2 1
3.94 0.515525 2 1
3.945 0.51618 2 1
3.95 0.516834 2 1
3.955 0.517489 2 1
3.96 0.518143 2 1
3.965 0.518797 2 1
3.97 0.519452 2 1
3.975 0.520106 2 1
3.98 0.520761 2 1
3.985 0.521415 2 1
3.99 0.52207 2 1
3.995 0.522724 2 1
4 0.523379 2 1
4.005 0.524033 2 1
4.01 0.524687 2 1
4.015 0.525342 2 1
4.02 0.525996 2 1
4.025 0.526651 2 1
4.03 0.527305 2 1
4.035 0.52796 2 1
4.04 0.528614 2 1
4.045 0.529269 2 1
4.05 0.529923 2 1
4.055 0.530577 2 1
4.06 0.531232 2 1
4.065 0.531886 2 1
4.07 0.532541 2 1
4.075 0.533195 2 1
4.08 0.53385 2 1
4.085 0.534504 2 1
4.09 0.535159 2 1
4.095 0.535813 2 1
4.1 0.536467 2 1
4.105 0.537122 2 1
4.11 0.537776 2 1
4.115 0.538431 2 1
4.12 0.539085 2 1
4.125 0.53974 2 1
4.13 0.540394 2 1
4.135 0.541048 2 1
4.14 0.541703 2 1
4.145 0.542357 2 1
4.15 0.543012 2 1
4.155 0.543666 2 1
4.16 0.544321 2 1
4.165 0.544975 2 1
4.17 0.54563 2 1
4.175 0.546284 2 1
4.18 0.546938 2 1
4.185 0.547593 2 1
4.19 0.548247 2 1
4.195 0.548902 2 1
4.2 0.549556 2 1
4.205 0.550211 2 1
4.21 0.550865 2 1
4.215 0.55152 2 1
4.22 0.552174 2 1
4.225 0.552828 2 1
4.23 0.553483 2 1
4.235 0.554137 2 1
4.24 0.554792 2 1
4.245 0.555446 2 1
4.25 0.556101 2 1
4.255 0.556755 2 1
4.26 0.55741 2 1
4.265 0.558064 2 1
4.27 0.558718 2 1
4.275 0.559373 2 1
4.28 0.560027 2 1
4.285 0.560682 2 1
4.29 0.561336 2 1
4.295 0.561991 2 1
4.3 0.562645 2 1
4.305 0.5633 2 1
4.31 0.563954 2 1
4.315 0.564608 2 1
4.32 0.565263 2 1
4.325 0.565917 2 1
4.33 0.566572 2 1
4.335 0.567226 2 1
4.34 0.567881 2 1
4.345 0.568535 2 1
4.35 0.56919 2 1
4.355 0.569844 2 1
4.36 0.570498 2 1
4.365 0.571153 2 1
4.37 0.571807 2 1
4.375 0.572462 2 1
4.38 0.573116 2 1
4.385 0.573771 2 1
4.39 0.574425 2 1
4.395 0.57508 2 1
4.4 0.575734 2 1
4.405 0.576388 2 1
4.41 0.577043 2 1
4.415 0.577697 2 1
4.42 0.578352 2 1
4.425 0.579006 2 1
4.43 0.579661 2 1
4.435 0.580315 2 1
4.44 0.58097 2 1
4.445 0.581624 2 1
4.45 0.582278 2 1
4.455 0.582933 2 1
4.46 0.583587 2 1
4.465 0.584242 2 1
4.47 0.584896 2 1
4.475 0.585551 2 1
4.48 0.586205 2 1
4.485 0.58686 2 1
4.49 0.587514 2 1
4.495 0.588168 2 1
4.5 0.588823 2 1
4.505 0.589477 2 1
4.51 0.590132 2 1
4.515 0.590786 2 1
4.52 0.591441 2 1
4.525 0.592095 2 1
4.53 0.59275 2 1
4.535 0.593404 2 1
4.54 0.594058 2 1
4.545 0.594713 2 1
4.55 0.595367 2 1
4.555 0.596022 2 1
4.56 0.596676 2 1
4.565 0.597331 2 1
4.57 0.597985 2 1
4.575 0.598639 2 1
4.58 0.599294 2 1
4.585 0.599948 2 1
4.59 0.600603 2 1
4.595 0.601257 2 1
4.6 0.601912 2 1
4.605 0.602566 2 1
4.61 0.603221 2 1
4.615 0.603875 2 1
4.62 0.604529 2 1
4.625 0.605184 2 1
4.63 0.605838 2 1
4.635 0.606493 2 1
4.64 0.607147 2 1
4.645 0.607802 2 1
4.65 0.608456 2 1
4.655 0.609111 2 1
4.66 0.609765 2 1
4.665 0.610419 2 1
4.67 0.611074 2 1
4.675 0.611728 2 1
4.68 0.612383 2 1
4.685 0.613037 2 1
4.69 0.613692 2 1
4.695 0.614346 2 1
4.7 0.615001 2 1
4.705 0.615655 2 1
4.71 0.616309 2 1
4.715 0.616964 2 1
4.72 0.617618 2 1
4.725 0.618273 2 1
4.73 0.618927 2 1
4.735 0.619582 2 1
4.74 0.620236 2 1
4.745 0.620891 2 1
4.75 0.621545 2 1
4.755 0.622199 2 1
4.76 0.622854 2 1
4.765 0.623508 2 1
4.77 0.624163 2 1
4.775 0.624817 2 1
4.78 0.625472 2 1
4.785 0.626126 2 1
4.79 0.626781 2 1
4.795 0.627435 2 1
4.8 0.628089 2 1
4.805 0.628744 2 1
4.81 0.629398 2 1
4.815 0.630053 2 1
4.82 0.630707 2 1
4.825 0.631362 2 1
4.83 0.632016 2 1
4.835 0.632671 2 1
4.84 0.633325 2 1
4.845 0.633979 2 1
4.85 0.634634 2 1
4.855 0.635288 2 1
4.86 0.635943 2 1
4.865 0.636597 2 1
4.87 0.637252 2 1
4.875 0.637906 2 1
4.88 0.638561 2 1
4.885 0.639215 2 1
4.89 0.639869 2 1
4.895 0.640524 2 1
4.9 0.641178 2 1
4.905 0.641833 2 1
4.91 0.642487 2 1
4.915 0.643142 2 1
4.92 0.643796 2 1
4.925 0.644451 2 1
4.93 0.645105 2 1
4.935 0.645759 2 1
4.94 0.646414 2 1
4.945 0.647068 2 1
4.95 0.647723 2 1
4.955 0.648377 2 1
4.96 0.649032 2 1
4.965 0.649686 2 1
4.97 0.650341 2 1
4.975 0.650995 2 1
4.98 0.651649 2 1
4.985 0.652304 2 1
4.99 0.652958 2 1
4.995 0.653613 2 1
5 0.654267 2 1
5.005 0.654922 2 1
5.01 0.655576 2 1
5.015 0.65623 2 1
5.02 0.656885 2 1
5.025 0.657539 2 1
5.03 0.658194 2 1
5.035 0.658848 2 1
5.04 0.659503 2 1
5.045 0.660157 2 1
5.05 0.660812 2 1
5.055 0.661466 2 1
5.06 0.66212 2 1
5.065 0.662775 2 1
5.07 0.663429 2 1
5.075 0.664084 2 1
5.08 0.664738 2 1
5.085 0.665393 2 1
5.09 0.666047 2 1
5.095 0.666702 2 1
5.1 0.667356 2 1
5.105 0.66801 2 1
5.11 0.668665 2 1
5.115 0.669319 2 1
5.12 0.669974 2 1
5.125 0.670628 2 1
5.13 0.671283 2 1
5.135 0.671937 2 1
5.14 0.672592 2 1
5.145 0.673246 2 1
5.15 0.6739 2 1
5.155 0.674555 2 1
5.16 0.675209 2 1
5.165 0.675864 2 1
5.17 0.676518 2 1
5.175 0.677173 2 1
5.18 0.677827 2 1
5.185 0.678482 2 1
5.19 0.679136 2 1
5.195 0.67979 2 1
5.2 0.680445 2 1
5.205 0.681099 2 1
5.21 0.681754 2 1
5.215 0.682408 2 1
5.22 0.683063 2 1
5.225 0.683717 2 1
5.23 0.684372 2 1
5.235 0.685026 2 1
5.24 0.68568 2 1
5.245 0.686335 2 1
5.25 0.686989 2 1
5.255 0.687644 2 1
5.26 0.688298 2 1
5.265 0.688953 2 1
5.27 0.689607 2 1
5.275 0.690262 2 1
5.28 0.690916 2 1
5.285 0.69157 2 1
5.29 0.692225 2 1
5.295 0.692879 2 1
5.3 0.693534 2 1
5.305 0.694188 2 1
5.31 0.694843 2 1
5.315 0.695497 2 1
5.32 0.696152 2 1
5.325 0.696806 2 1
5.33 0.69746 2 1
5.335 0.698115 2 1
5.34 0.698769 2 1
5.345 0.699424 2 1
5.35 0.700078 2 1
5.355 0.700733 2 1
5.36 0.701387 2 1
5.365 0.702042 2 1
5.37 0.702696 2 1
5.375 0.70335 2 1
5.38 0.704005 2 1
5.385 0.704659 2 1
5.39 0.705314 2 1
5.395 0.705968 2 1
5.4 0.706623 2 1
5.405 0.707277 2 1
5.41 0.707932 2 1
5.415 0.708586 2 1
5.42 0.70924 2 1
5.425 0.709895 2 1
5.43 0.710549 2 1
5.435 0.711204 2 1
5.44 0.711858 2 1
5.445 0.712513 2 1
5.45 0.713167 2 1
5.455 0.713822 2 1
5.46 0.714476 2 1
5.465 0.71513 2 1
5.47 0.715785 2 1
5.475 0.716439 2 1
5.48 0.717094 2 1
5.485 0.717748 2 1
5.49 0.718403 2 1
5.495 0.719057 2 1
5.5 0.719711 2 1
5.505 0.720366 2 1
5.51 0.72102 2 1
5.515 0.721675 2 1
5.52 0.722329 2 1
5.525 0.722984 2 1
5.53 0.723638 2 1
5.535 0.724293 2 1
5.54 0.724947 2 1
5.545 0.725601 2 1
5.55 0.726256 2 1
5.555 0.72691 2 1
5.56 0.727565 2 1
5.565 0.728219 2 1
5.57 0.728874 2 1
5.575 0.729528 2 1
5.58 0.730183 2 1
5.585 0.730837 2 1
5.59 0.731491 2 1
5.595 0.732146 2 1
5.6 0.7328 2 1
5.605 0.733455 2 1
5.61 0.734109 2 1
5.615 0.734764 2 1
5.62 0.735418 2 1
5.625 0.736073 2 1
5.63 0.736727 2 1
5.635 0.737381 2 1
5.64 0.738036 2 1
5.645 0.73869 2 1
5.65 0.739345 2 1
5.655 0.739999 2 1
5.66 0.740654 2 1
5.665 0.741308 2 1
5.67 0.741963 2 1
5.675 0.742617 2 1
5.68 0.743271 2 1
5.685 0.743926 2 1
5.69 0.74458 2 1
5.695 0.745235 2 1
5.7 0.745889 2 1
5.705 0.746544 2 1
5.71 0.747198 2 1
5.715 0.747853 2 1
5.72 0.748507 2 1
5.725 0.749161 2 1
5.73 0.749816 2 1
5.735 0.75047 2 1
5.74 0.751125 2 1
5.745 0.751779 2 1
5.75 0.752434 2 1
5.755 0.753088 2 1
5.76 0.753743 2 1
5.765 0.754397 2 1
5.77 0.755051 2 1
5.775 0.755706 2 1
5.78 0.75636 2 1
5.785 0.757015 2 1
5.79 0.757669 2 1
5.795 0.758324 2 1
5.8 0.758978 2 1
5.805 0.759633 2 1
5.81 0.760287 2 1
5.815 0.760941 2 1
5.82 0.761596 2 1
5.825 0.76225 2 1
5.83 0.762905 2 1
5.835 0.763559 2 1
5.84 0.764214 2 1
5.845 0.764868 2 1
5.85 0.765523 2 1
5.855 0.766177 2 1
5.86 0.766831 2 1
5.865 0.767486 2 1
5.87 0.76814 2 1
5.875 0.768795 2 1
5.88 0.769449 2 1
5.885 0.770104 2 1
5.89 0.770758 2 1
5.895 0.771413 2 1
5.9 0.772067 2 1
5.905 0.772721 2 1
5.91 0.773376 2 1
5.915 0.77403 2 1
5.92 0.774685 2 1
5.925 0.775339 2 1
5.93 0.775994 2 1
5.935 0.776648 2 1
5.94 0.777302 2 1
5.945 0.777957 2 1
5.95 0.778611 2 1
5.955 0.779266 2 1
5.96 0.77992 2 1
5.965 0.780575 2 1
5.97 0.781229 2 1
5.975 0.781884 2 1
5.98 0.782538 2 1
5.985 0.783192 2 1
5.99 0.783847 2 1
5.995 0.784501 2 1
6 0.785156 2 1
6.005 0.78581 2 1
6.01 0.786465 2 1
6.015 0.787119 2 1
6.02 0.787774 2 1
6.025 0.788428 2 1
6.03 0.789082 2 1
6.035 0.789737 2 1
6.04 0.790391 2 1
6.045 0.791046 2 1
6.05 0.7917 2 1
6.055 0.792355 2 1
6.06 0.793009 2 1
6.065 0.793664 2 1
6.07 0.794318 2 1
6.075 0.794972 2 1
6.08 0.795627 2 1
6.085 0.796281 2 1
6.09 0.796936 2 1
6.095 0.79759 2 1
6.1 0.798245 2 1
6.105 0.798899 2 1
6.11 0.799554 2 1
6.115 0.800208 2 1
6.12 0.800862 2 1
6.125 0.801517 2 1
6.13 0.802171 2 1
6.135 0.802826 2 1
6.14 0.80348 2 1
6.145 0.804135 2 1
6.15 0.804789 2 1
6.155 0.805444 2 1
6.16 0.806098 2 1
6.165 0.806752 2 1
6.17 0.807407 2 1
6.175 0.808061 2 1
6.18 0.808716 2 1
6.185 0.80937 2 1
6.19 0.810025 2 1
6.195 0.810679 2 1
6.2 0.811334 2 1
6.205 0.811988 2 1
6.21 0.812642 2 1
6.215 0.813297 2 1
6.22 0.813951 2 1
6.225 0.814606 2 1
6.23 0.81526 2 1
6.235 0.815915 2 1
6.24 0.816569 2 1
6.245 0.817224 2 1
6.25 0.817878 2 1
6.255 0.818532 2 1
6.26 0.819187 2 1
6.265 0.819841 2 1
6.27 0.820496 2 1
6.275 0.82115 2 1
6.28 0.821805 2 1
6.285 0.822459 2 1
6.29 0.823114 2 1
6.295 0.823768 2 1
6.3 0.824422 2 1
6.305 0.825077 2 1
6.31 0.825731 2 1
6.315 0.826386 2 1
6.32 0.82704 2 1
6.325 0.827695 2 1
6.33 0.828349 2 1
6.335 0.829004 2 1
6.34 0.829658 2 1
6.345 0.830312 2 1
6.35 0.830967 2 1
6.355 0.831621 2 1
6.36 0.832276 2 1
6.365 0.83293 2 1
6.37 0.833585 2 1
6.375 0.834239 2 1
6.38 0.834893 2 1
6.385 0.835548 2 1
6.39 0.836202 2 1
6.395 0.836857 2 1
6.4 0.837511 2 1
6.405 0.838166 2 1
6.41 0.83882 2 1
6.415 0.839475 2 1
6.42 0.840129 2 1
6.425 0.840783 2 1
6.43 0.841438 2 1
6.435 0.842092 2 1
6.44 0.842747 2 1
6.445 0.843401 2 1
6.45 0.844056 2 1
6.455 0.84471 2 1
6.46 0.845365 2 1
6.465 0.846019 2 1
6.47 0.846673 2 1
6.475 0.847328 2 1
6.48 0.847982 2 1
6.485 0.848637 2 1
6.49 0.849291 2 1
6.495 0.849946 2 1
6.5 0.8506 2 1
6.505 0.851255 2 1
6.51 0.851909 2 1
6.515 0.852563 2 1
6.52 0.853218 2 1
6.525 0.853872 2 1
6.53 0.854527 2 1
6.535 0.855181 2 1
6.54 0.855836 2 1
6.545 0.85649 2 1
6.55 0.857145 2 1
6.555 0.857799 2 1
6.56 0.858453 2 1
6.565 0.859108 2 1
6.57 0.859762 2 1
6.575 0.860417 2 1
6.58 0.861071 2 1
6.585 0.861726 2 1
6.59 0.86238 2 1
6.595 0.863035 2 1
6.6 0.863689 2 1
6.605 0.864343 2 1
6.61 0.864998 2 1
6.615 0.865652 2 1
6.62 0.866307 2 1
6.625 0.866961 2 1
6.63 0.867616 2 1
6.635 0.86827 2 1
6.64 0.868925 2 1
6.645 0.869579 2 1
6.65 0.870233 2 1
6.655 0.870888 2 1
6.66 0.871542 2 1
6.665 0.872197 2 1
6.67 0.872851 2 1
6.675 0.873506 2 1
6.68 0.87416 2 1
6.685 0.874815 2 1
6.69 0.875469 2 1
6.695 0.876123 2 1
6.7 0.876778 2 1
6.705 0.877432 2 1
6.71 0.878087 2 1
6.715 0.878741 2 1
6.72 0.879396 2 1
6.725 0.88005 2 1
6.73 0.880705 2 1
6.735 0.881359 2 1
6.74 0.882013 2 1
6.745 0.882668 2 1
6.75 0.883322 2 1
6.755 0.883977 2 1
6.76 0.884631 2 1
6.765 0.885286 2 1
6.77 0.88594 2 1
6.775 0.886595 2 1
6.78 0.887249 2 1
6.785 0.887903 2 1
6.79 0.888558 2 1
6.795 0.889212 2 1
6.8 0.889867 2 1
6.805 0.890521 2 1
6.81 0.891176 2 1
6.815 0.89183 2 1
6.82 0.892484 2 1
6.825 0.893139 2 1
6.83 0.893793 2 1
6.835 0.894448 2 1
6.84 0.895102 2 1
6.845 0.895757 2 1
6.85 0.896411 2 1
6.855 0.897066 2 1
6.86 0.89772 2 1
6.865 0.898374 2 1
6.87 0.899029 2 1
6.875 0.899683 2 1
6.88 0.900338 2 1
6.885 0.900992 2 1
6.89 0.901647 2 1
6.895 0.902301 2 1
6.9 0.902956 2 1
6.905 0.90361 2 1
6.91 0.904264 2 1
6.915 0.904919 2 1
6.92 0.905573 2 1
6.925 0.906228 2 1
6.93 0.906882 2 1
6.935 0.907537 2 1
6.94 0.908191 2 1
6.945 0.908846 2 1
6.95 0.9095 2 1
6.955 0.910154 2 1
6.96 0.910809 2 1
6.965 0.911463 2 1
6.97 0.912118 2 1
6.975 0.912772 2 1
6.98 0.913427 2 1
6.985 0.914081 2 1
6.99 0.914736 2 1
6.995 0.91539 2 1
7 0.916044 2 1
7.005 0.916699 2 1
7.01 0.917353 2 1
7.015 0.918008 2 1
7.02 0.918662 2 1
7.025 0.919317 2 1
7.03 0.919971 2 1
7.035 0.920626 2 1
7.04 0.92128 2 1
7.045 0.921934 2 1
7.05 0.922589 2 1
7.055 0.923243 2 1
7.06 0.923898 2 1
7.065 0.924552 2 1
7.07 0.925207 2 1
7.075 0.925861 2 1
7.08 0.926516 2 1
7.085 0.92717 2 1
7.09 0.927824 2 1
7.095 0.928479 2 1
7.1 0.929133 2 1
7.105 0.929788 2 1
7.11 0.930442 2 1
7.115 0.931097 2 1
7.12 0.931751 2 1
7.125 0.932406 2 1
7.13 0.93306 2 1
7.135 0.933714 2 1
7.14 0.934369 2 1
7.145 0.935023 2 1
7.15 0.935678 2 1
7.155 0.936332 2 1
7.16 0.936987 2 1
7.165 0.937641 2 1
7.17 0.938296 2 1
7.175 0.93895 2 1
7.18 0.939604 2 1
7.185 0.940259 2 1
7.19 0.940913 2 1
7.195 0.941568 2 1
7.2 0.942222 2 1
7.205 0.942877 2 1
7.21 0.943531 2 1
7.215 0.944186 2 1
7.22 0.94484 2 1
7.225 0.945494 2 1
7.23 0.946149 2 1
7.235 0.946803 2 1
7.24 0.947458 2 1
7.245 0.948112 2 1
7.25 0.948767 2 1
7.255 0.949421 2 1
7.26 0.950075 2 1
7.265 0.95073 2 1
7.27 0.951384 2 1
7.275 0.952039 2 1
7.28 0.952693 2 1
7.285 0.953348 2 1
7.29 0.954002 2 1
7.295 0.954657 2 1
7.3 0.955311 2 1
7.305 0.955965 2 1
7.31 0.95662 2 1
7.315 0.957274 2 1
7.32 0.957929 2 1
7.325 0.958583 2 1
7.33 0.959238 2 1
7.335 0.959892 2 1
7.34 0.960547 2 1
7.345 0.961201 2 1
7.35 0.961855 2 1
7.355 0.96251 2 1
7.36 0.963164 2 1
7.365 0.963819 2 1
7.37 0.964473 2 1
7.375 0.965128 2 1
7.38 0.965782 2 1
7.385 0.966437 2 1
7.39 0.967091 2 1
7.395 0.967745 2 1
7.4 0.9684 2 1
7.405 0.969054 2 1
7.41 0.969709 2 1
7.415 0.970363 2 1
7.42 0.971018 2 1
7.425 0.971672 2 1
7.43 0.972327 2 1
7.435 0.972981 2 1
7.44 0.973635 2 1
7.445 0.97429 2 1
7.45 0.974944 2 1
7.455 0.975599 2 1
7.46 0.976253 2 1
7.465 0.976908 2 1
7.47 0.977562 2 1
7.475 0.978217 2 1
7.48 0.978871 2 1
7.485 0.979525 2 1
7.49 0.98018 2 1
7.495 0.980834 2 1
7.5 0.981489 2 1
7.505 0.982143 2 1
7.51 0.982798 2 1
7.515 0.983452 2 1
7.52 0.984107 2 1
7.525 0.984761 2 1
7.53 0.985415 2 1
7.535 0.98607 2 1
7.54 0.986724 2 1
7.545 0.987379 2 1
7.55 0.988033 2 1
7.555 0.988688 2 1
7.56 0.989342 2 1
7.565 0.989997 2 1
7.57 0.990651 2 1
7.575 0.991305 2 1
7.58 0.99196 2 1
7.585 0.992614 2 1
7.59 0.993269 2 1
7.595 0.993923 2 1
7.6 0.994578 2 1
7.605 0.995232 2 1
7.61 0.995887 2 1
7.615 0.996541 2 1
7.62 0.997195 2 1
7.625 0.99785 2 1
7.63 0.998504 2 1
7.635 0.999159 2 1
7.64 0.999813 2 1
