0 0 2 0
0.005 0.000453334 2 0
0.01 0.000906668 2 0
0.015 0.00136 2 0
0.02 0.00181334 2 0
0.025 0.00226667 2 0
0.03 0.00272 2 0
0.035 0.00317334 2 0
0.04 0.00362667 2 0
0.045 0.00408001 2 0
0.05 0.00453334 2 0
0.055 0.00498667 2 0
0.06 0.00544001 2 0
0.065 0.00589334 2 0
0.07 0.00634668 2 0
0.075 0.00680001 2 0
0.08 0.00725334 2 0
0.085 0.00770668 2 0
0.09 0.00816001 2 0
0.095 0.00861335 2 0
0.1 0.00906668 2 0
0.105 0.00952001 2 0
0.11 0.00997335 2 0
0.115 0.0104267 2 0
0.12 0.01088 2 0
0.125 0.0113333 2 0
0.13 0.0117867 2 0
0.135 0.01224 2 0
0.14 0.0126934 2 0
0.145 0.0131467 2 0
0.15 0.0136 2 0
0.155 0.0140534 2 0
0.16 0.0145067 2 0
0.165 0.01496 2 0
0.17 0.0154134 2 0
0.175 0.0158667 2 0
0.18 0.01632 2 0
0.185 0.0167734 2 0
0.19 0.0172267 2 0
0.195 0.01768 2 0
0.2 0.0181334 2 0
0.205 0.0185867 2 0
0.21 0.01904 2 0
0.215 0.0194934 2 0
0.22 0.0199467 2 0
0.225 0.0204 2 0
0.23 0.0208534 2 0
0.235 0.0213067 2 0
0.24 0.02176 2 0
0.245 0.0222134 2 0
0.25 0.0226667 2 0
0.255 0.02312 2 0
0.26 0.0235734 2 0
0.265 0.0240267 2 0
0.27 0.02448 2 0
0.275 0.0249334 2 0
0.28 0.0253867 2 0
0.285 0.02584 2 0
0.29 0.0262934 2 0
0.295 0.0267467 2 0
0.3 0.0272 2 0
0.305 0.0276534 2 0
0.31 0.0281067 2 0
0.315 0.02856 2 0
0.32 0.0290134 2 0
0.325 0.0294667 2 0
0.33 0.02992 2 0
0.335 0.0303734 2 0
0.34 0.0308267 2 0
0.345 0.03128 2 0
0.35 0.0317334 2 0
0.355 0.0321867 2 0
0.36 0.03264 2 0
0.365 0.0330934 2 0
0.37 0.0335467 2 0
0.375 0.034 2 0
0.38 0.0344534 2 0
0.385 0.0349067 2 0
0.39 0.0353601 2 0
0.395 0.0358134 2 0
0.4 0.0362667 2 0
0.405 0.0367201 2 0
0.41 0.0371734 2 0
0.415 0.0376267 2 0
0.42 0.0380801 2 0
0.425 0.0385334 2 0
0.43 0.0389867 2 0
0.435 0.0394401 2 0
0.44 0.0398934 2 0
0.445 0.0403467 2 0
0.45 0.0408001 2 0
0.455 0.0412534 2 0
0.46 0.0417067 2 0
0.465 0.0421601 2 0
0.47 0.0426134 2 0
0.475 0.0430667 2 0
0.48 0.0435201 2 0
0.485 0.0439734 2 0
0.49 0.0444267 2 0
0.495 0.0448801 2 0
0.5 0.0453334 2 0
0.505 0.0457867 2 0
0.51 0.0462401 2 0
0.515 0.0466934 2 0
0.52 0.0471467 2 0
0.525 0.0476001 2 0
0.53 0.0480534 2 0
0.535 0.0485067 2 0
0.54 0.0489601 2 0
0.545 0.0494134 2 0
0.55 0.0498667 2 0
0.555 0.0503201 2 0
0.56 0.0507734 2 0
0.565 0.0512267 2 0
0.57 0.0516801 2 0
0.575 0.0521334 2 0
0.58 0.0525867 2 0
0.585 0.0530401 2 0
0.59 0.0534934 2 0
0.595 0.0539467 2 0
0.6 0.0544001 2 0
0.605 0.0548534 2 0
0.61 0.0553067 2 0
0.615 0.0557601 2 0
0.62 0.0562134 2 0
0.625 0.0566667 2 0
0.63 0.0571201 2 0
0.635 0.0575734 2 0
0.64 0.0580268 2 0
0.645 0.0584801 2 0
0.65 0.0589334 2 0
0.655 0.0593868 2 0
0.66 0.0598401 2 0
0.665 0.0602934 2 0
0.67 0.0607468 2 0
0.675 0.0612001 2 0
0.68 0.0616534 2 0
0.685 0.0621068 2 0
0.69 0.0625601 2 0
0.695 0.0630134 2 0
0.7 0.0634668 2 0
0.705 0.0639201 2 0
0.71 0.0643734 2 0
0.715 0.0648268 2 0
0.72 0.0652801 2 0
0.725 0.0657334 2 0
0.73 0.0661868 2 0
0.735 0.0666401 2 0
0.74 0.0670934 2 0
0.745 0.0675468 2 0
0.75 0.0680001 2 0
0.755 0.0684534 2 0
0.76 0.0689068 2 0
0.765 0.0693601 2 0
0.77 0.0698134 2 0
0.775 0.0702668 2 0
0.78 0.0707201 2 0
0.785 0.0711734 2 0
0.79 0.0716268 2 0
0.795 0.0720801 2 0
0.8 0.0725334 2 0
0.805 0.0729868 2 0
0.81 0.0734401 2 0
0.815 0.0738934 2 0
0.82 0.0743468 2 0
0.825 0.0748001 2 0
0.83 0.0752534 2 0
0.835 0.0757068 2 0
0.84 0.0761601 2 0
0.845 0.0766134 2 0
0.85 0.0770668 2 0
0.855 0.0775201 2 0
0.86 0.0779734 2 0
0.865 0.0784268 2 0
0.87 0.0788801 2 0
0.875 0.0793334 2 0
0.88 0.0797868 2 0
0.885 0.0802401 2 0
0.89 0.0806935 2 0
0.895 0.0811468 2 0
0.9 0.0816001 2 0
0.905 0.0820535 2 0
0.91 0.0825068 2 0
0.915 0.0829601 2 0
0.92 0.0834135 2 0
0.925 0.0838668 2 0
0.93 0.0843201 2 0
0.935 0.0847735 2 0
0.94 0.0852268 2 0
0.945 0.0856801 2 0
0.95 0.0861335 2 0
0.955 0.0865868 2 0
0.96 0.0870401 2 0
0.965 0.0874935 2 0
0.97 0.0879468 2 0
0.975 0.0884001 2 0
0.98 0.0888535 2 0
0.985 0.0893068 2 0
0.99 0.0897601 2 0
0.995 0.0902135 2 0
1 0.0947656 2 0
1.005 0.0952514 2 0
1.01 0.0957372 2 0
1.015 0.0962229 2 0
1.02 0.0967087 2 0
1.025 0.0971945 2 0
1.03 0.0976802 2 0
1.035 0.098166 2 0
1.04 0.0986518 2 0
1.045 0.0991375 2 0
1.05 0.0996233 2 0
1.055 0.100109 2 0
1.06 0.100595 2 0
1.065 0.101081 2 0
1.07 0.101566 2 0
1.075 0.102052 2 0
1.08 0.102538 2 0
1.085 0.103024 2 0
1.09 0.103509 2 0
1.095 0.103995 2 0
1.1 0.104481 2 0
1.105 0.104967 2 0
1.11 0.105453 2 0
1.115 0.105938 2 0
1.12 0.106424 2 0
1.125 0.10691 2 0
1.13 0.107396 2 0
1.135 0.107881 2 0
1.14 0.108367 2 0
1.145 0.108853 2 0
1.15 0.109339 2 0
1.155 0.109825 2 0
1.16 0.11031 2 0
1.165 0.110796 2 0
1.17 0.111282 2 0
1.175 0.111768 2 0
1.18 0.112253 2 0
1.185 0.112739 2 0
1.19 0.113225 2 0
1.195 0.113711 2 0
1.2 0.114196 2 0
1.205 0.114682 2 0
1.21 0.115168 2 0
1.215 0.115654 2 0
1.22 0.11614 2 0
1.225 0.116625 2 0
1.23 0.117111 2 0
1.235 0.117597 2 0
1.24 0.118083 2 0
1.245 0.118568 2 0
1.25 0.119054 2 0
1.255 0.11954 2 0
1.26 0.120026 2 0
1.265 0.120511 2 0
1.27 0.120997 2 0
1.275 0.121483 2 0
1.28 0.121969 2 0
1.285 0.122455 2 0
1.29 0.12294 2 0
1.295 0.123426 2 0
1.3 0.123912 2 0
1.305 0.124398 2 0
1.31 0.124883 2 0
1.315 0.125369 2 0
1.32 0.125855 2 0
1.325 0.126341 2 0
1.33 0.126827 2 0
1.335 0.127312 2 0
1.34 0.127798 2 0
1.345 0.128284 2 0
1.35 0.12877 2 0
1.355 0.129255 2 0
1.36 0.129741 2 0
1.365 0.130227 2 0
1.37 0.130713 2 0
1.375 0.131198 2 0
1.38 0.131684 2 0
1.385 0.13217 2 0
1.39 0.132656 2 0
1.395 0.133142 2 0
1.4 0.133627 2 0
1.405 0.134113 2 0
1.41 0.134599 2 0
1.415 0.135085 2 0
1.42 0.13557 2 0
1.425 0.136056 2 0
1.43 0.136542 2 0
1.435 0.137028 2 0
1.44 0.137513 2 0
1.445 0.137999 2 0
1.45 0.138485 2 0
1.455 0.138971 2 0
1.46 0.139457 2 0
1.465 0.139942 2 0
1.47 0.140428 2 0
1.475 0.140914 2 0
1.48 0.1414 2 0
1.485 0.141885 2 0
1.49 0.142371 2 0
1.495 0.142857 2 0
1.5 0.143343 2 0
1.505 0.143829 2 0
1.51 0.144314 2 0
1.515 0.1448 2 0
1.52 0.145286 2 0
1.525 0.145772 2 0
1.53 0.146257 2 0
1.535 0.146743 2 0
1.54 0.147229 2 0
1.545 0.147715 2 0
1.55 0.1482 2 0
1.555 0.148686 2 0
1.56 0.149172 2 0
1.565 0.149658 2 0
1.57 0.150144 2 0
1.575 0.150629 2 0
1.58 0.151115 2 0
1.585 0.151601 2 0
1.59 0.152087 2 0
1.595 0.152572 2 0
1.6 0.153058 2 0
1.605 0.153544 2 0
1.61 0.15403 2 0
1.615 0.154515 2 0
1.62 0.155001 2 0
1.625 0.155487 2 0
1.63 0.155973 2 0
1.635 0.156459 2 0
1.64 0.156944 2 0
1.645 0.15743 2 0
1.65 0.157916 2 0
1.655 0.158402 2 0
1.66 0.158887 2 0
1.665 0.159373 2 0
1.67 0.159859 2 0
1.675 0.160345 2 0
1.68 0.16083 2 0
1.685 0.161316 2 0
1.69 0.161802 2 0
1.695 0.162288 2 0
1.7 0.162774 2 0
1.705 0.163259 2 0
1.71 0.163745 2 0
1.715 0.164231 2 0
1.72 0.164717 2 0
1.725 0.165202 2 0
1.73 0.165688 2 0
1.735 0.166174 2 0
1.74 0.16666 2 0
1.745 0.167146 2 0
1.75 0.167631 2 0
1.755 0.168117 2 0
1.76 0.168603 2 0
1.765 0.169089 2 0
1.77 0.169574 2 0
1.775 0.17006 2 0
1.78 0.170546 2 0
1.785 0.171032 2 0
1.79 0.171517 2 0
1.795 0.172003 2 0
1.8 0.172489 2 0
1.805 0.172975 2 0
1.81 0.173461 2 0
1.815 0.173946 2 0
1.82 0.174432 2 0
1.825 0.174918 2 0
1.83 0.175404 2 0
1.835 0.175889 2 0
1.84 0.176375 2 0
1.845 0.176861 2 0
1.85 0.177347 2 0
1.855 0.177832 2 0
1.86 0.178318 2 0
1.865 0.178804 2 0
1.87 0.17929 2 0
1.875 0.179776 2 0
1.88 0.180261 2 0
1.885 0.180747 2 0
1.89 0.181233 2 0
1.895 0.181719 2 0
1.9 0.182204 2 0
1.905 0.18269 2 0
1.91 0.183176 2 0
1.915 0.183662 2 0
1.92 0.184148 2 0
1.925 0.184633 2 0
1.93 0.185119 2 0
1.935 0.185605 2 0
1.94 0.186091 2 0
1.945 0.186576 2 0
1.95 0.187062 2 0
1.955 0.187548 2 0
1.96 0.188034 2 0
1.965 0.188519 2 0
1.97 0.189005 2 0
1.975 0.189491 2 0
1.98 0.189977 2 0
1.985 0.190463 2 0
1.99 0.190948 2 0
1.995 0.191434 2 0
2 0.19192 2 0
2.005 0.192406 2 0
2.01 0.192891 2 0
2.015 0.193377 2 0
2.02 0.193863 2 0
2.025 0.194349 2 0
2.03 0.194834 2 0
2.035 0.19532 2 0
2.04 0.195806 2 0
2.045 0.196292 2 0
2.05 0.196778 2 0
2.055 0.197263 2 0
2.06 0.197749 2 0
2.065 0.198235 2 0
2.07 0.198721 2 0
2.075 0.199206 2 0
2.08 0.199692 2 0
2.085 0.200178 2 0
2.09 0.200664 2 0
2.095 0.20115 2 0
2.1 0.201635 2 0
2.105 0.202121 2 0
2.11 0.202607 2 0
2.115 0.203093 2 0
2.12 0.203578 2 0
2.125 0.204064 2 0
2.13 0.20455 2 0
2.135 0.205036 2 0
2.14 0.205521 2 0
2.145 0.206007 2 0
2.15 0.206493 2 0
2.155 0.206979 2 0
2.16 0.207465 2 0
2.165 0.20795 2 0
2.17 0.208436 2 0
2.175 0.208922 2 0
2.18 0.209408 2 0
2.185 0.209893 2 0
2.19 0.210379 2 0
2.195 0.210865 2 0
2.2 0.211351 2 0
2.205 0.211836 2 0
2.21 0.212322 2 0
2.215 0.212808 2 0
2.22 0.213294 2 0
2.225 0.21378 2 0
2.23 0.214265 2 0
2.235 0.214751 2 0
2.24 0.215237 2 0
2.245 0.215723 2 0
2.25 0.216208 2 0
2.255 0.216694 2 0
2.26 0.21718 2 0
2.265 0.217666 2 0
2.27 0.218151 2 0
2.275 0.218637 2 0
2.28 0.219123 2 0
2.285 0.219609 2 0
2.29 0.220095 2 0
2.295 0.22058 2 0
2.3 0.221066 2 0
2.305 0.221552 2 0
2.31 0.222038 2 0
2.315 0.222523 2 0
2.32 0.223009 2 0
2.325 0.223495 2 0
2.33 0.223981 2 0
2.335 0.224467 2 0
2.34 0.224952 2 0
2.345 0.225438 2 0
2.35 0.225924 2 0
2.355 0.22641 2 0
2.36 0.226895 2 0
2.365 0.227381 2 0
2.37 0.227867 2 0
2.375 0.228353 2 0
2.38 0.228838 2 0
2.385 0.229324 2 0
2.39 0.22981 2 0
2.395 0.230296 2 0
2.4 0.230782 2 0
2.405 0.231267 2 0
2.41 0.231753 2 0
2.415 0.232239 2 0
2.42 0.232725 2 0
2.425 0.23321 2 0
2.43 0.233696 2 0
2.435 0.234182 2 0
2.44 0.234668 2 0
2.445 0.235153 2 0
2.45 0.235639 2 0
2.455 0.236125 2 0
2.46 0.236611 2 0
2.465 0.237097 2 0
2.47 0.237582 2 0
2.475 0.238068 2 0
2.48 0.238554 2 0
2.485 0.23904 2 0
2.49 0.239525 2 0
2.495 0.240011 2 0
2.5 0.240497 2 0
2.505 0.240983 2 0
2.51 0.241469 2 0
2.515 0.241954 2 0
2.52 0.24244 2 0
2.525 0.242926 2 0
2.53 0.243412 2 0
2.535 0.243897 2 0
2.54 0.244383 2 0
2.545 0.244869 2 0
2.55 0.245355 2 0
2.555 0.24584 2 0
2.56 0.246326 2 0
2.565 0.246812 2 0
2.57 0.247298 2 0
2.575 0.247784 2 0
2.58 0.248269 2 0
2.585 0.248755 2 0
2.59 0.249241 2 0
2.595 0.249727 2 0
2.6 0.250212 2 0
2.605 0.250698 2 0
2.61 0.251184 2 0
2.615 0.25167 2 0
2.62 0.252155 2 0
2.625 0.252641 2 0
2.63 0.253127 2 0
2.635 0.253613 2 0
2.64 0.254099 2 0
2.645 0.254584 2 0
2.65 0.25507 2 0
2.655 0.255556 2 0
2.66 0.256042 2 0
2.665 0.256527 2 0
2.67 0.257013 2 0
2.675 0.257499 2 0
2.68 0.257985 2 0
2.685 0.258471 2 0
2.69 0.258956 2 0
2.695 0.259442 2 0
2.7 0.259928 2 0
2.705 0.260414 2 0
2.71 0.260899 2 0
2.715 0.261385 2 0
2.72 0.261871 2 0
2.725 0.262357 2 0
2.73 0.262842 2 0
2.735 0.263328 2 0
2.74 0.263814 2 0
2.745 0.2643 2 0
2.75 0.264786 2 0
2.755 0.265271 2 0
2.76 0.265757 2 0
2.765 0.266243 2 0
2.77 0.266729 2 0
2.775 0.267214 2 0
2.78 0.2677 2 0
2.785 0.268186 2 0
2.79 0.268672 2 0
2.795 0.269157 2 0
2.8 0.269643 2 0
2.805 0.270129 2 0
2.81 0.270615 2 0
2.815 0.271101 2 0
2.82 0.271586 2 0
2.825 0.272072 2 0
2.83 0.272558 2 0
2.835 0.273044 2 0
2.84 0.273529 2 0
2.845 0.274015 2 0
2.85 0.274501 2 0
2.855 0.274987 2 0
2.86 0.275472 2 0
2.865 0.275958 2 0
2.87 0.276444 2 0
2.875 0.27693 2 0
2.88 0.277416 2 0
2.885 0.277901 2 0
2.89 0.278387 2 0
2.895 0.278873 2 0
2.9 0.279359 2 0
2.905 0.279844 2 0
2.91 0.28033 2 0
2.915 0.280816 2 0
2.92 0.281302 2 0
2.925 0.281788 2 0
2.93 0.282273 2 0
2.935 0.282759 2 0
2.94 0.283245 2 0
2.945 0.283731 2 0
2.95 0.284216 2 0
2.955 0.284702 2 0
2.96 0.285188 2 0
2.965 0.285674 2 0
2.97 0.286159 2 0
2.975 0.286645 2 0
2.98 0.287131 2 0
2.985 0.287617 2 0
2.99 0.288103 2 0
2.995 0.288588 2 0
3 0.289074 2 0
3.005 0.28956 2 0
3.01 0.290046 2 0
3.015 0.290531 2 0
3.02 0.291017 2 0
3.025 0.291503 2 0
3.03 0.291989 2 0
3.035 0.292474 2 0
3.04 0.29296 2 0
3.045 0.293446 2 0
3.05 0.293932 2 0
3.055 0.294418 2 0
3.06 0.294903 2 0
3.065 0.295389 2 0
3.07 0.295875 2 0
3.075 0.296361 2 0
3.08 0.296846 2 0
3.085 0.297332 2 0
3.09 0.297818 2 0
3.095 0.298304 2 0
3.1 0.29879 2 0
3.105 0.299275 2 0
3.11 0.299761 2 0
3.115 0.300247 2 0
3.12 0.300733 2 0
3.125 0.301218 2 0
3.13 0.301704 2 0
3.135 0.30219 2 0
3.14 0.302676 2 0
3.145 0.303161 2 0
3.15 0.303647 2 0
3.155 0.304133 2 0
3.16 0.304619 2 0
3.165 0.305105 2 0
3.17 0.30559 2 0
3.175 0.306076 2 0
3.18 0.306562 2 0
3.185 0.307048 2 0
3.19 0.307533 2 0
3.195 0.308019 2 0
3.2 0.308505 2 0
3.205 0.308991 2 0
3.21 0.309476 2 0
3.215 0.309962 2 0
3.22 0.310448 2 0
3.225 0.310934 2 0
3.23 0.31142 2 0
3.235 0.311905 2 0
3.24 0.312391 2 0
3.245 0.312877 2 0
3.25 0.313363 2 0
3.255 0.313848 2 0
3.26 0.314334 2 0
3.265 0.31482 2 0
3.27 0.315306 2 0
3.275 0.315792 2 0
3.28 0.316277 2 0
3.285 0.316763 2 0
3.29 0.317249 2 0
3.295 0.317735 2 0
3.3 0.31822 2 0
3.305 0.318706 2 0
3.31 0.319192 2 0
3.315 0.319678 2 0
3.32 0.320163 2 0
3.325 0.320649 2 0
3.33 0.321135 2 0
3.335 0.321621 2 0
3.34 0.322107 2 0
3.345 0.322592 2 0
3.35 0.323078 2 0
3.355 0.323564 2 0
3.36 0.32405 2 0
3.365 0.324535 2 0
3.37 0.325021 2 0
3.375 0.325507 2 0
3.38 0.325993 2 0
3.385 0.326478 2 0
3.39 0.326964 2 0
3.395 0.32745 2 0
3.4 0.327936 2 0
3.405 0.328422 2 0
3.41 0.328907 2 0
3.415 0.329393 2 0
3.42 0.329879 2 0
3.425 0.330365 2 0
3.43 0.33085 2 0
3.435 0.331336 2 0
3.44 0.331822 2 0
3.445 0.332308 2 0
3.45 0.332793 2 0
3.455 0.333279 2 0
3.46 0.333765 2 0
3.465 0.334251 2 0
3.47 0.334737 2 0
3.475 0.335222 2 0
3.48 0.335708 2 0
3.485 0.336194 2 0
3.49 0.33668 2 0
3.495 0.337165 2 0
3.5 0.337651 2 0
3.505 0.338137 2 0
3.51 0.338623 2 0
3.515 0.339109 2 0
3.52 0.339594 2 0
3.525 0.34008 2 0
3.53 0.340566 2 0
3.535 0.341052 2 0
3.54 0.341537 2 0
3.545 0.342023 2 0
3.55 0.342509 2 0
3.555 0.342995 2 0
3.56 0.34348 2 0
3.565 0.343966 2 0
3.57 0.344452 2 0
3.575 0.344938 2 0
3.58 0.345424 2 0
3.585 0.345909 2 0
3.59 0.346395 2 0
3.595 0.346881 2 0
3.6 0.347367 2 0
3.605 0.347852 2 0
3.61 0.348338 2 0
3.615 0.348824 2 0
3.62 0.34931 2 0
3.625 0.349795 2 0
3.63 0.350281 2 0
3.635 0.350767 2 0
3.64 0.351253 2 0
3.645 0.351739 2 0
3.65 0.352224 2 0
3.655 0.35271 2 0
3.66 0.353196 2 0
3.665 0.353682 2 0
3.67 0.354167 2 0
3.675 0.354653 2 0
3.68 0.355139 2 0
3.685 0.355625 2 0
3.69 0.356111 2 0
3.695 0.356596 2 0
3.7 0.357082 2 0
3.705 0.357568 2 0
3.71 0.358054 2 0
3.715 0.358539 2 0
3.72 0.359025 2 0
3.725 0.359511 2 0
3.73 0.359997 2 0
3.735 0.360482 2 0
3.74 0.360968 2 0
3.745 0.361454 2 0
3.75 0.36194 2 0
3.755 0.362426 2 0
3.76 0.362911 2 0
3.765 0.363397 2 0
3.77 0.363883 2 0
3.775 0.364369 2 0
3.78 0.364854 2 0
3.785 0.36534 2 0
3.79 0.365826 2 0
3.795 0.366312 2 0
3.8 0.366797 2 0
3.805 0.367283 2 0
3.81 0.367769 2 0
3.815 0.368255 2 0
3.82 0.368741 2 0
3.825 0.369226 2 0
3.83 0.369712 2 0
3.835 0.370198 2 0
3.84 0.370684 2 0
3.845 0.371169 2 0
3.85 0.371655 2 0
3.855 0.372141 2 0
3.86 0.372627 2 0
3.865 0.373113 2 0
3.87 0.373598 2 0
3.875 0.374084 2 0
3.88 0.37457 2 0
3.885 0.375056 2 0
3.89 0.375541 2 0
3.895 0.376027 2 0
3.9 0.376513 2 0
3.905 0.376999 2 0
3.91 0.377484 2 0
3.915 0.37797 2 0
3.92 0.378456 2 0
3.925 0.378942 2 0
3.93 0.379428 2 0
3.935 0.379913 2 0
3.94 0.380399 2 0
3.945 0.380885 2 0
3.95 0.381371 2 0
3.955 0.381856 2 0
3.96 0.382342 2 0
3.965 0.382828 2 0
3.97 0.383314 2 0
3.975 0.383799 2 0
3.98 0.384285 2 0
3.985 0.384771 2 0
3.99 0.385257 2 0
3.995 0.385743 2 0
4 0.386228 2 0
4.005 0.386714 2 0
4.01 0.3872 2 0
4.015 0.387686 2 0
4.02 0.388171 2 0
4.025 0.388657 2 0
4.03 0.389143 2 0
4.035 0.389629 2 0
4.04 0.390114 2 0
4.045 0.3906 2 0
4.05 0.391086 2 0
4.055 0.391572 2 0
4.06 0.392058 2 0
4.065 0.392543 2 0
4.07 0.393029 2 0
4.075 0.393515 2 0
4.08 0.394001 2 0
4.085 0.394486 2 0
4.09 0.394972 2 0
4.095 0.395458 2 0
4.1 0.395944 2 0
4.105 0.39643 2 0
4.11 0.396915 2 0
4.115 0.397401 2 0
4.12 0.397887 2 0
4.125 0.398373 2 0
4.13 0.398858 2 0
4.135 0.399344 2 0
4.14 0.39983 2 0
4.145 0.400316 2 0
4.15 0.400801 2 0
4.155 0.401287 2 0
4.16 0.401773 2 0
4.165 0.402259 2 0
4.17 0.402745 2 0
4.175 0.40323 2 0
4.18 0.403716 2 0
4.185 0.404202 2 0
4.19 0.404688 2 0
4.195 0.405173 2 0
4.2 0.405659 2 0
4.205 0.406145 2 0
4.21 0.406631 2 0
4.215 0.407116 2 0
4.22 0.407602 2 0
4.225 0.408088 2 0
4.23 0.408574 2 0
4.235 0.40906 2 0
4.24 0.409545 2 0
4.245 0.410031 2 0
4.25 0.410517 2 0
4.255 0.411003 2 0
4.26 0.411488 2 0
4.265 0.411974 2 0
4.27 0.41246 2 0
4.275 0.412946 2 0
4.28 0.413432 2 0
4.285 0.413917 2 0
4.29 0.414403 2 0
4.295 0.414889 2 0
4.3 0.415375 2 0
4.305 0.41586 2 0
4.31 0.416346 2 0
4.315 0.416832 2 0
4.32 0.417318 2 0
4.325 0.417803 2 0
4.33 0.418289 2 0
4.335 0.418775 2 0
4.34 0.419261 2 0
4.345 0.419747 2 0
4.35 0.420232 2 0
4.355 0.420718 2 0
4.36 0.421204 2 0
4.365 0.42169 2 0
4.37 0.422175 2 0
4.375 0.422661 2 0
4.38 0.423147 2 0
4.385 0.423633 2 0
4.39 0.424118 2 0
4.395 0.424604 2 0
4.4 0.42509 2 0
4.405 0.425576 2 0
4.41 0.426062 2 0
4.415 0.426547 2 0
4.42 0.427033 2 0
4.425 0.427519 2 0
4.43 0.428005 2 0
4.435 0.42849 2 0
4.44 0.428976 2 0
4.445 0.429462 2 0
4.45 0.429948 2 0
4.455 0.430434 2 0
4.46 0.430919 2 0
4.465 0.431405 2 0
4.47 0.431891 2 0
4.475 0.432377 2 0
4.48 0.432862 2 0
4.485 0.433348 2 0
4.49 0.433834 2 0
4.495 0.43432 2 0
4.5 0.434805 2 0
4.505 0.435291 2 0
4.51 0.435777 2 0
4.515 0.436263 2 0
4.52 0.436749 2 0
4.525 0.437234 2 0
4.53 0.43772 2 0
4.535 0.438206 2 0
4.54 0.438692 2 0
4.545 0.439177 2 0
4.55 0.439663 2 0
4.555 0.440149 2 0
4.56 0.440635 2 0
4.565 0.44112 2 0
4.57 0.441606 2 0
4.575 0.442092 2 0
4.58 0.442578 2 0
4.585 0.443064 2 0
4.59 0.443549 2 0
4.595 0.444035 2 0
4.6 0.444521 2 0
4.605 0.445007 2 0
4.61 0.445492 2 0
4.615 0.445978 2 0
4.62 0.446464 2 0
4.625 0.44695 2 0
4.63 0.447435 2 0
4.635 0.447921 2 0
4.64 0.448407 2 0
4.645 0.448893 2 0
4.65 0.449379 2 0
4.655 0.449864 2 0
4.66 0.45035 2 0
4.665 0.450836 2 0
4.67 0.451322 2 0
4.675 0.451807 2 0
4.68 0.452293 2 0
4.685 0.452779 2 0
4.69 0.453265 2 0
4.695 0.453751 2 0
4.7 0.454236 2 0
4.705 0.454722 2 0
4.71 0.455208 2 0
4.715 0.455694 2 0
4.72 0.456179 2 0
4.725 0.456665 2 0
4.73 0.457151 2 0
4.735 0.457637 2 0
4.74 0.458122 2 0
4.745 0.458608 2 0
4.75 0.459094 2 0
4.755 0.45958 2 0
4.76 0.460066 2 0
4.765 0.460551 2 0
4.77 0.461037 2 0
4.775 0.461523 2 0
4.78 0.462009 2 0
4.785 0.462494 2 0
4.79 0.46298 2 0
4.795 0.463466 2 0
4.8 0.463952 2 0
4.805 0.464437 2 0
4.81 0.464923 2 0
4.815 0.465409 2 0
4.82 0.465895 2 0
4.825 0.466381 2 0
4.83 0.466866 2 0
4.835 0.467352 2 0
4.84 0.467838 2 0
4.845 0.468324 2 0
4.85 0.468809 2 0
4.855 0.469295 2 0
4.86 0.469781 2 0
4.865 0.470267 2 0
4.87 0.470753 2 0
4.875 0.471238 2 0
4.88 0.471724 2 0
4.885 0.47221 2 0
4.89 0.472696 2 0
4.895 0.473181 2 0
4.9 0.473667 2 0
4.905 0.474153 2 0
4.91 0.474639 2 0
4.915 0.475124 2 0
4.92 0.47561 2 0
4.925 0.476096 2 0
4.93 0.476582 2 0
4.935 0.477068 2 0
4.94 0.477553 2 0
4.945 0.478039 2 0
4.95 0.478525 2 0
4.955 0.479011 2 0
4.96 0.479496 2 0
4.965 0.479982 2 0
4.97 0.480468 2 0
4.975 0.480954 2 0
4.98 0.481439 2 0
4.985 0.481925 2 0
4.99 0.482411 2 0
4.995 0.482897 2 0
5 0.483383 2 0
5.005 0.483868 2 0
5.01 0.484354 2 0
5.015 0.48484 2 0
5.02 0.485326 2 0
5.025 0.485811 2 0
5.03 0.486297 2 0
5.035 0.486783 2 0
5.04 0.487269 2 0
5.045 0.487755 2 0
5.05 0.48824 2 0
5.055 0.488726 2 0
5.06 0.489212 2 0
5.065 0.489698 2 0
5.07 0.490183 2 0
5.075 0.490669 2 0
5.08 0.491155 2 0
5.085 0.491641 2 0
5.09 0.492126 2 0
5.095 0.492612 2 0
5.1 0.493098 2 0
5.105 0.493584 2 0
5.11 0.49407 2 0
5.115 0.494555 2 0
5.12 0.495041 2 0
5.125 0.495527 2 0
5.13 0.496013 2 0
5.135 0.496498 2 0
5.14 0.496984 2 0
5.145 0.49747 2 0
5.15 0.497956 2 0
5.155 0.498441 2 0
5.16 0.498927 2 0
5.165 0.499413 2 0
5.17 0.499899 2 0
5.175 0.500385 2 0
5.18 0.50087 2 0
5.185 0.501356 2 0
5.19 0.501842 2 0
5.195 0.502328 2 0
5.2 0.502813 2 0
5.205 0.503299 2 0
5.21 0.503785 2 0
5.215 0.504271 2 0
5.22 0.504757 2 0
5.225 0.505242 2 0
5.23 0.505728 2 0
5.235 0.506214 2 0
5.24 0.5067 2 0
5.245 0.507185 2 0
5.25 0.507671 2 0
5.255 0.508157 2 0
5.26 0.508643 2 0
5.265 0.509128 2 0
5.27 0.509614 2 0
5.275 0.5101 2 0
5.28 0.510586 2 0
5.285 0.511072 2 0
5.29 0.511557 2 0
5.295 0.512043 2 0
5.3 0.512529 2 0
5.305 0.513015 2 0
5.31 0.5135 2 0
5.315 0.513986 2 0
5.32 0.514472 2 0
5.325 0.514958 2 0
5.33 0.515443 2 0
5.335 0.515929 2 0
5.34 0.516415 2 0
5.345 0.516901 2 0
5.35 0.517387 2 0
5.355 0.517872 2 0
5.36 0.518358 2 0
5.365 0.518844 2 0
5.37 0.51933 2 0
5.375 0.519815 2 0
5.38 0.520301 2 0
5.385 0.520787 2 0
5.39 0.521273 2 0
5.395 0.521758 2 0
5.4 0.522244 2 0
5.405 0.52273 2 0
5.41 0.523216 2 0
5.415 0.523702 2 0
5.42 0.524187 2 0
5.425 0.524673 2 0
5.43 0.525159 2 0
5.435 0.525645 2 0
5.44 0.52613 2 0
5.445 0.526616 2 0
5.45 0.527102 2 0
5.455 0.527588 2 0
5.46 0.528074 2 0
5.465 0.528559 2 0
5.47 0.529045 2 0
5.475 0.529531 2 0
5.48 0.530017 2 0
5.485 0.530502 2 0
5.49 0.530988 2 0
5.495 0.531474 2 0
5.5 0.53196 2 0
5.505 0.532445 2 0
5.51 0.532931 2 0
5.515 0.533417 2 0
5.52 0.533903 2 0
5.525 0.534389 2 0
5.53 0.534874 2 0
5.535 0.53536 2 0
5.54 0.535846 2 0
5.545 0.536332 2 0
5.55 0.536817 2 0
5.555 0.537303 2 0
5.56 0.537789 2 0
5.565 0.538275 2 0
5.57 0.53876 2 0
5.575 0.539246 2 0
5.58 0.539732 2 0
5.585 0.540218 2 0
5.59 0.540704 2 0
5.595 0.541189 2 0
5.6 0.541675 2 0
5.605 0.542161 2 0
5.61 0.542647 2 0
5.615 0.543132 2 0
5.62 0.543618 2 0
5.625 0.544104 2 0
5.63 0.54459 2 0
5.635 0.545076 2 0
5.64 0.545561 2 0
5.645 0.546047 2 0
5.65 0.546533 2 0
5.655 0.547019 2 0
5.66 0.547504 2 0
5.665 0.54799 2 0
5.67 0.548476 2 0
5.675 0.548962 2 0
5.68 0.549447 2 0
5.685 0.549933 2 0
5.69 0.550419 2 0
5.695 0.550905 2 0
5.7 0.551391 2 0
5.705 0.551876 2 0
5.71 0.552362 2 0
5.715 0.552848 2 0
5.72 0.553334 2 0
5.725 0.553819 2 0
5.73 0.554305 2 0
5.735 0.554791 2 0
5.74 0.555277 2 0
5.745 0.555762 2 0
5.75 0.556248 2 0
5.755 0.556734 2 0
5.76 0.55722 2 0
5.765 0.557706 2 0
5.77 0.558191 2 0
5.775 0.558677 2 0
5.78 0.559163 2 0
5.785 0.559649 2 0
5.79 0.560134 2 0
5.795 0.56062 2 0
5.8 0.561106 2 0
5.805 0.561592 2 0
5.81 0.562078 2 0
5.815 0.562563 2 0
5.82 0.563049 2 0
5.825 0.563535 2 0
5.83 0.564021 2 0
5.835 0.564506 2 0
5.84 0.564992 2 0
5.845 0.565478 2 0
5.85 0.565964 2 0
5.855 0.566449 2 0
5.86 0.566935 2 0
5.865 0.567421 2 0
5.87 0.567907 2 0
5.875 0.568393 2 0
5.88 0.568878 2 0
5.885 0.569364 2 0
5.89 0.56985 2 0
5.895 0.570336 2 0
5.9 0.570821 2 0
5.905 0.571307 2 0
5.91 0.571793 2 0
5.915 0.572279 2 0
5.92 0.572764 2 0
5.925 0.57325 2 0
5.93 0.573736 2 0
5.935 0.574222 2 0
5.94 0.574708 2 0
5.945 0.575193 2 0
5.95 0.575679 2 0
5.955 0.576165 2 0
5.96 0.576651 2 0
5.965 0.577136 2 0
5.97 0.577622 2 0
5.975 0.578108 2 0
5.98 0.578594 2 0
5.985 0.579079 2 0
5.99 0.579565 2 0
5.995 0.580051 2 0
6 0.580537 2 0
6.005 0.581023 2 0
6.01 0.581508 2 0
6.015 0.581994 2 0
6.02 0.58248 2 0
6.025 0.582966 2 0
6.03 0.583451 2 0
6.035 0.583937 2 0
6.04 0.584423 2 0
6.045 0.584909 2 0
6.05 0.585395 2 0
6.055 0.58588 2 0
6.06 0.586366 2 0
6.065 0.586852 2 0
6.07 0.587338 2 0
6.075 0.587823 2 0
6.08 0.588309 2 0
6.085 0.588795 2 0
6.09 0.589281 2 0
6.095 0.589766 2 0
6.1 0.590252 2 0
6.105 0.590738 2 0
6.11 0.591224 2 0
6.115 0.59171 2 0
6.12 0.592195 2 0
6.125 0.592681 2 0
6.13 0.593167 2 0
6.135 0.593653 2 0
6.14 0.594138 2 0
6.145 0.594624 2 0
6.15 0.59511 2 0
6.155 0.595596 2 0
6.16 0.596081 2 0
6.165 0.596567 2 0
6.17 0.597053 2 0
6.175 0.597539 2 0
6.18 0.598025 2 0
6.185 0.59851 2 0
6.19 0.598996 2 0
6.195 0.599482 2 0
6.2 0.599968 2 0
6.205 0.600453 2 0
6.21 0.600939 2 0
6.215 0.601425 2 0
6.22 0.601911 2 0
6.225 0.602397 2 0
6.23 0.602882 2 0
6.235 0.603368 2 0
6.24 0.603854 2 0
6.245 0.60434 2 0
6.25 0.604825 2 0
6.255 0.605311 2 0
6.26 0.605797 2 0
6.265 0.606283 2 0
6.27 0.606768 2 0
6.275 0.607254 2 0
6.28 0.60774 2 0
6.285 0.608226 2 0
6.29 0.608712 2 0
6.295 0.609197 2 0
6.3 0.609683 2 0
6.305 0.610169 2 0
6.31 0.610655 2 0
6.315 0.61114 2 0
6.32 0.611626 2 0
6.325 0.612112 2 0
6.33 0.612598 2 0
6.335 0.613083 2 0
6.34 0.613569 2 0
6.345 0.614055 2 0
6.35 0.614541 2 0
6.355 0.615027 2 0
6.36 0.615512 2 0
6.365 0.615998 2 0
6.37 0.616484 2 0
6.375 0.61697 2 0
6.38 0.617455 2 0
6.385 0.617941 2 0
6.39 0.618427 2 0
6.395 0.618913 2 0
6.4 0.619399 2 0
6.405 0.619884 2 0
6.41 0.62037 2 0
6.415 0.620856 2 0
6.42 0.621342 2 0
6.425 0.621827 2 0
6.43 0.622313 2 0
6.435 0.622799 2 0
6.44 0.623285 2 0
6.445 0.62377 2 0
6.45 0.624256 2 0
6.455 0.624742 2 0
6.46 0.625228 2 0
6.465 0.625714 2 0
6.47 0.626199 2 0
6.475 0.626685 2 0
6.48 0.627171 2 0
6.485 0.627657 2 0
6.49 0.628142 2 0
6.495 0.628628 2 0
6.5 0.629114 2 0
6.505 0.6296 2 0
6.51 0.630085 2 0
6.515 0.630571 2 0
6.52 0.631057 2 0
6.525 0.631543 2 0
6.53 0.632029 2 0
6.535 0.632514 2 0
6.54 0.633 2 0
6.545 0.633486 2 0
6.55 0.633972 2 0
6.555 0.634457 2 0
6.56 0.634943 2 0
6.565 0.635429 2 0
6.57 0.635915 2 0
6.575 0.6364 2 0
6.58 0.636886 2 0
6.585 0.637372 2 0
6.59 0.637858 2 0
6.595 0.638344 2 0
6.6 0.638829 2 0
6.605 0.639315 2 0
6.61 0.639801 2 0
6.615 0.640287 2 0
6.62 0.640772 2 0
6.625 0.641258 2 0
6.63 0.641744 2 0
6.635 0.64223 2 0
6.64 0.642716 2 0
6.645 0.643201 2 0
6.65 0.643687 2 0
6.655 0.644173 2 0
6.66 0.644659 2 0
6.665 0.645144 2 0
6.67 0.64563 2 0
6.675 0.646116 2 0
6.68 0.646602 2 0
6.685 0.647087 2 0
6.69 0.647573 2 0
6.695 0.648059 2 0
6.7 0.648545 2 0
6.705 0.649031 2 0
6.71 0.649516 2 0
6.715 0.650002 2 0
6.72 0.650488 2 0
6.725 0.650974 2 0
6.73 0.651459 2 0
6.735 0.651945 2 0
6.74 0.652431 2 0
6.745 0.652917 2 0
6.75 0.653402 2 0
6.755 0.653888 2 0
6.76 0.654374 2 0
6.765 0.65486 2 0
6.77 0.655346 2 0
6.775 0.655831 2 0
6.78 0.656317 2 0
6.785 0.656803 2 0
6.79 0.657289 2 0
6.795 0.657774 2 0
6.8 0.65826 2 0
6.805 0.658746 2 0
6.81 0.659232 2 0
6.815 0.659718 2 0
6.82 0.660203 2 0
6.825 0.660689 2 0
6.83 0.661175 2 0
6.835 0.661661 2 0
6.84 0.662146 2 0
6.845 0.662632 2 0
6.85 0.663118 2 0
6.855 0.663604 2 0
6.86 0.664089 2 0
6.865 0.664575 2 0
6.87 0.665061 2 0
6.875 0.665547 2 0
6.88 0.666033 2 0
6.885 0.666518 2 0
6.89 0.667004 2 0
6.895 0.66749 2 0
6.9 0.667976 2 0
6.905 0.668461 2 0
6.91 0.668947 2 0
6.915 0.669433 2 0
6.92 0.669919 2 0
6.925 0.670404 2 0
6.93 0.67089 2 0
6.935 0.671376 2 0
6.94 0.671862 2 0
6.945 0.672348 2 0
6.95 0.672833 2 0
6.955 0.673319 2 0
6.96 0.673805 2 0
6.965 0.674291 2 0
6.97 0.674776 2 0
6.975 0.675262 2 0
6.98 0.675748 2 0
6.985 0.676234 2 0
6.99 0.67672 2 0
6.995 0.677205 2 0
7 0.677691 2 0
7.005 0.678177 2 0
7.01 0.678663 2 0
7.015 0.679148 2 0
7.02 0.679634 2 0
7.025 0.68012 2 0
7.03 0.680606 2 0
7.035 0.681091 2 0
7.04 0.681577 2 0
7.045 0.682063 2 0
7.05 0.682549 2 0
7.055 0.683035 2 0
7.06 0.68352 2 0
7.065 0.684006 2 0
7.07 0.684492 2 0
7.075 0.684978 2 0
7.08 0.685463 2 0
7.085 0.685949 2 0
7.09 0.686435 2 0
7.095 0.686921 2 0
7.1 0.687406 2 0
7.105 0.687892 2 0
7.11 0.688378 2 0
7.115 0.688864 2 0
7.12 0.68935 2 0
7.125 0.689835 2 0
7.13 0.690321 2 0
7.135 0.690807 2 0
7.14 0.691293 2 0
7.145 0.691778 2 0
7.15 0.692264 2 0
7.155 0.69275 2 0
7.16 0.693236 2 0
7.165 0.693721 2 0
7.17 0.694207 2 0
7.175 0.694693 2 0
7.18 0.695179 2 0
7.185 0.695665 2 0
7.19 0.69615 2 0
7.195 0.696636 2 0
7.2 0.697122 2 0
7.205 0.697608 2 0
7.21 0.698093 2 0
7.215 0.698579 2 0
7.22 0.699065 2 0
7.225 0.699551 2 0
7.23 0.700037 2 0
7.235 0.700522 2 0
7.24 0.701008 2 0
7.245 0.701494 2 0
7.25 0.70198 2 0
7.255 0.702465 2 0
7.26 0.702951 2 0
7.265 0.703437 2 0
7.27 0.703923 2 0
7.275 0.704408 2 0
7.28 0.704894 2 0
7.285 0.70538 2 0
7.29 0.705866 2 0
7.295 0.706352 2 0
7.3 0.706837 2 0
7.305 0.707323 2 0
7.31 0.707809 2 0
7.315 0.708295 2 0
7.32 0.70878 2 0
7.325 0.709266 2 0
7.33 0.709752 2 0
7.335 0.710238 2 0
7.34 0.710723 2 0
7.345 0.711209 2 0
7.35 0.711695 2 0
7.355 0.712181 2 0
7.36 0.712667 2 0
7.365 0.713152 2 0
7.37 0.713638 2 0
7.375 0.714124 2 0
7.38 0.71461 2 0
7.385 0.715095 2 0
7.39 0.715581 2 0
7.395 0.716067 2 0
7.4 0.716553 2 0
7.405 0.717039 2 0
7.41 0.717524 2 0
7.415 0.71801 2 0
7.42 0.718496 2 0
7.425 0.718982 2 0
7.43 0.719467 2 0
7.435 0.719953 2 0
7.44 0.720439 2 0
7.445 0.720925 2 0
7.45 0.72141 2 0
7.455 0.721896 2 0
7.46 0.722382 2 0
7.465 0.722868 2 0
7.47 0.723354 2 0
7.475 0.723839 2 0
7.48 0.724325 2 0
7.485 0.724811 2 0
7.49 0.725297 2 0
7.495 0.725782 2 0
7.5 0.726268 2 0
7.505 0.726754 2 0
7.51 0.72724 2 0
7.515 0.727725 2 0
7.52 0.728211 2 0
7.525 0.728697 2 0
7.53 0.729183 2 0
7.535 0.729669 2 0
7.54 0.730154 2 0
7.545 0.73064 2 0
7.55 0.731126 2 0
7.555 0.731612 2 0
7.56 0.732097 2 0
7.565 0.732583 2 0
7.57 0.733069 2 0
7.575 0.733555 2 0
7.58 0.734041 2 0
7.585 0.734526 2 0
7.59 0.735012 2 0
7.595 0.735498 2 0
7.6 0.735984 2 0
7.605 0.736469 2 0
7.61 0.736955 2 0
7.615 0.737441 2 0
7.62 0.737927 2 0
7.625 0.738412 2 0
7.63 0.738898 2 0
7.635 0.739384 2 0
7.64 0.73987 2 0
7.645 0.740356 2 0
7.65 0.740841 2 0
7.655 0.741327 2 0
7.66 0.741813 2 0
7.665 0.742299 2 0
7.67 0.742784 2 0
7.675 0.74327 2 0
7.68 0.743756 2 0
7.685 0.744242 2 0
7.69 0.744727 2 0
7.695 0.745213 2 0
7.7 0.745699 2 0
7.705 0.746185 2 0
7.71 0.746671 2 0
7.715 0.747156 2 0
7.72 0.747642 2 0
7.725 0.748128 2 0
7.73 0.748614 2 0
7.735 0.749099 2 0
7.74 0.749585 2 0
7.745 0.750071 2 0
7.75 0.750557 2 0
7.755 0.751042 2 0
7.76 0.751528 2 0
7.765 0.752014 2 0
7.77 0.7525 2 0
7.775 0.752986 2 0
7.78 0.753471 2 0
7.785 0.753957 2 0
7.79 0.754443 2 0
7.795 0.754929 2 0
7.8 0.755414 2 0
7.805 0.7559 2 0
7.81 0.756386 2 0
7.815 0.756872 2 0
7.82 0.757358 2 0
7.825 0.757843 2 0
7.83 0.758329 2 0
7.835 0.758815 2 0
7.84 0.759301 2 0
7.845 0.759786 2 0
7.85 0.760272 2 0
7.855 0.760758 2 0
7.86 0.761244 2 0
7.865 0.761729 2 0
7.87 0.762215 2 0
7.875 0.762701 2 0
7.88 0.763187 2 0
7.885 0.763673 2 0
7.89 0.764158 2 0
7.895 0.764644 2 0
7.9 0.76513 2 0
7.905 0.765616 2 0
7.91 0.766101 2 0
7.915 0.766587 2 0
7.92 0.767073 2 0
7.925 0.767559 2 0
7.93 0.768044 2 0
7.935 0.76853 2 0
7.94 0.769016 2 0
7.945 0.769502 2 0
7.95 0.769988 2 0
7.955 0.770473 2 0
7.96 0.770959 2 0
7.965 0.771445 2 0
7.97 0.771931 2 0
7.975 0.772416 2 0
7.98 0.772902 2 0
7.985 0.773388 2 0
7.99 0.773874 2 0
7.995 0.77436 2 0
8 0.774845 2 0
8.005 0.775331 2 0
8.01 0.775817 2 0
8.015 0.776303 2 0
8.02 0.776788 2 0
8.025 0.777274 2 0
8.03 0.77776 2 0
8.035 0.778246 2 0
8.04 0.778731 2 0
8.045 0.779217 2 0
8.05 0.779703 2 0
8.055 0.780189 2 0
8.06 0.780675 2 0
8.065 0.78116 2 0
8.07 0.781646 2 0
8.075 0.782132 2 0
8.08 0.782618 2 0
8.085 0.783103 2 0
8.09 0.783589 2 0
8.095 0.784075 2 0
8.1 0.784561 2 0
8.105 0.785046 2 0
8.11 0.785532 2 0
8.115 0.786018 2 0
8.12 0.786504 2 0
8.125 0.78699 2 0
8.13 0.787475 2 0
8.135 0.787961 2 0
8.14 0.788447 2 0
8.145 0.788933 2 0
8.15 0.789418 2 0
8.155 0.789904 2 0
8.16 0.79039 2 0
8.165 0.790876 2 0
8.17 0.791362 2 0
8.175 0.791847 2 0
8.18 0.792333 2 0
8.185 0.792819 2 0
8.19 0.793305 2 0
8.195 0.79379 2 0
8.2 0.794276 2 0
8.205 0.794762 2 0
8.21 0.795248 2 0
8.215 0.795733 2 0
8.22 0.796219 2 0
8.225 0.796705 2 0
8.23 0.797191 2 0
8.235 0.797677 2 0
8.24 0.798162 2 0
8.245 0.798648 2 0
8.25 0.799134 2 0
8.255 0.79962 2 0
8.26 0.800105 2 0
8.265 0.800591 2 0
8.27 0.801077 2 0
8.275 0.801563 2 0
8.28 0.802048 2 0
8.285 0.802534 2 0
8.29 0.80302 2 0
8.295 0.803506 2 0
8.3 0.803992 2 0
8.305 0.804477 2 0
8.31 0.804963 2 0
8.315 0.805449 2 0
8.32 0.805935 2 0
8.325 0.80642 2 0
8.33 0.806906 2 0
8.335 0.807392 2 0
8.34 0.807878 2 0
8.345 0.808363 2 0
8.35 0.808849 2 0
8.355 0.809335 2 0
8.36 0.809821 2 0
8.365 0.810307 2 0
8.37 0.810792 2 0
8.375 0.811278 2 0
8.38 0.811764 2 0
8.385 0.81225 2 0
8.39 0.812735 2 0
8.395 0.813221 2 0
8.4 0.813707 2 0
8.405 0.814193 2 0
8.41 0.814679 2 0
8.415 0.815164 2 0
8.42 0.81565 2 0
8.425 0.816136 2 0
8.43 0.816622 2 0
8.435 0.817107 2 0
8.44 0.817593 2 0
8.445 0.818079 2 0
8.45 0.818565 2 0
8.455 0.81905 2 0
8.46 0.819536 2 0
8.465 0.820022 2 0
8.47 0.820508 2 0
8.475 0.820994 2 0
8.48 0.821479 2 0
8.485 0.821965 2 0
8.49 0.822451 2 0
8.495 0.822937 2 0
8.5 0.823422 2 0
8.505 0.823908 2 0
8.51 0.824394 2 0
8.515 0.82488 2 0
8.52 0.825365 2 0
8.525 0.825851 2 0
8.53 0.826337 2 0
8.535 0.826823 2 0
8.54 0.827309 2 0
8.545 0.827794 2 0
8.55 0.82828 2 0
8.555 0.828766 2 0
8.56 0.829252 2 0
8.565 0.829737 2 0
8.57 0.830223 2 0
8.575 0.830709 2 0
8.58 0.831195 2 0
8.585 0.831681 2 0
8.59 0.832166 2 0
8.595 0.832652 2 0
8.6 0.833138 2 0
8.605 0.833624 2 0
8.61 0.834109 2 0
8.615 0.834595 2 0
8.62 0.835081 2 0
8.625 0.835567 2 0
8.63 0.836052 2 0
8.635 0.836538 2 0
8.64 0.837024 2 0
8.645 0.83751 2 0
8.65 0.837996 2 0
8.655 0.838481 2 0
8.66 0.838967 2 0
8.665 0.839453 2 0
8.67 0.839939 2 0
8.675 0.840424 2 0
8.68 0.84091 2 0
8.685 0.841396 2 0
8.69 0.841882 2 0
8.695 0.842367 2 0
8.7 0.842853 2 0
8.705 0.843339 2 0
8.71 0.843825 2 0
8.715 0.844311 2 0
8.72 0.844796 2 0
8.725 0.845282 2 0
8.73 0.845768 2 0
8.735 0.846254 2 0
8.74 0.846739 2 0
8.745 0.847225 2 0
8.75 0.847711 2 0
8.755 0.848197 2 0
8.76 0.848683 2 0
8.765 0.849168 2 0
8.77 0.849654 2 0
8.775 0.85014 2 0
8.78 0.850626 2 0
8.785 0.851111 2 0
8.79 0.851597 2 0
8.795 0.852083 2 0
8.8 0.852569 2 0
8.805 0.853054 2 0
8.81 0.85354 2 0
8.815 0.854026 2 0
8.82 0.854512 2 0
8.825 0.854998 2 0
8.83 0.855483 2 0
8.835 0.855969 2 0
8.84 0.856455 2 0
8.845 0.856941 2 0
8.85 0.857426 2 0
8.855 0.857912 2 0
8.86 0.858398 2 0
8.865 0.858884 2 0
8.87 0.859369 2 0
8.875 0.859855 2 0
8.88 0.860341 2 0
8.885 0.860827 2 0
8.89 0.861313 2 0
8.895 0.861798 2 0
8.9 0.862284 2 0
8.905 0.86277 2 0
8.91 0.863256 2 0
8.915 0.863741 2 0
8.92 0.864227 2 0
8.925 0.864713 2 0
8.93 0.865199 2 0
8.935 0.865685 2 0
8.94 0.86617 2 0
8.945 0.866656 2 0
8.95 0.867142 2 0
8.955 0.867628 2 0
8.96 0.868113 2 0
8.965 0.868599 2 0
8.97 0.869085 2 0
8.975 0.869571 2 0
8.98 0.870056 2 0
8.985 0.870542 2 0
8.99 0.871028 2 0
8.995 0.871514 2 0
9 0.872 2 0
9.005 0.872485 2 0
9.01 0.872971 2 0
9.015 0.873457 2 0
9.02 0.873943 2 0
9.025 0.874428 2 0
9.03 0.874914 2 0
9.035 0.8754 2 0
9.04 0.875886 2 0
9.045 0.876371 2 0
9.05 0.876857 2 0
9.055 0.877343 2 0
9.06 0.877829 2 0
9.065 0.878315 2 0
9.07 0.8788 2 0
9.075 0.879286 2 0
9.08 0.879772 2 0
9.085 0.880258 2 0
9.09 0.880743 2 0
9.095 0.881229 2 0
9.1 0.881715 2 0
9.105 0.882201 2 0
9.11 0.882686 2 0
9.115 0.883172 2 0
9.12 0.883658 2 0
9.125 0.884144 2 0
9.13 0.88463 2 0
9.135 0.885115 2 0
9.14 0.885601 2 0
9.145 0.886087 2 0
9.15 0.886573 2 0
9.155 0.887058 2 0
9.16 0.887544 2 0
9.165 0.88803 2 0
9.17 0.888516 2 0
9.175 0.889002 2 0
9.18 0.889487 2 0
9.185 0.889973 2 0
9.19 0.890459 2 0
9.195 0.890945 2 0
9.2 0.89143 2 0
9.205 0.891916 2 0
9.21 0.892402 2 0
9.215 0.892888 2 0
9.22 0.893373 2 0
9.225 0.893859 2 0
9.23 0.894345 2 0
9.235 0.894831 2 0
9.24 0.895317 2 0
9.245 0.895802 2 0
9.25 0.896288 2 0
9.255 0.896774 2 0
9.26 0.89726 2 0
9.265 0.897745 2 0
9.27 0.898231 2 0
9.275 0.898717 2 0
9.28 0.899203 2 0
9.285 0.899688 2 0
9.29 0.900174 2 0
9.295 0.90066 2 0
9.3 0.901146 2 0
9.305 0.901632 2 0
9.31 0.902117 2 0
9.315 0.902603 2 0
9.32 0.903089 2 0
9.325 0.903575 2 0
9.33 0.90406 2 0
9.335 0.904546 2 0
9.34 0.905032 2 0
9.345 0.905518 2 0
9.35 0.906004 2 0
9.355 0.906489 2 0
9.36 0.906975 2 0
9.365 0.907461 2 0
9.37 0.907947 2 0
9.375 0.908432 2 0
9.38 0.908918 2 0
9.385 0.909404 2 0
9.39 0.90989 2 0
9.395 0.910375 2 0
9.4 0.910861 2 0
9.405 0.911347 2 0
9.41 0.911833 2 0
9.415 0.912319 2 0
9.42 0.912804 2 0
9.425 0.91329 2 0
9.43 0.913776 2 0
9.435 0.914262 2 0
9.44 0.914747 2 0
9.445 0.915233 2 0
9.45 0.915719 2 0
9.455 0.916205 2 0
9.46 0.91669 2 0
9.465 0.917176 2 0
9.47 0.917662 2 0
9.475 0.918148 2 0
9.48 0.918634 2 0
9.485 0.919119 2 0
9.49 0.919605 2 0
9.495 0.920091 2 0
9.5 0.920577 2 0
9.505 0.921062 2 0
9.51 0.921548 2 0
9.515 0.922034 2 0
9.52 0.92252 2 0
9.525 0.923006 2 0
9.53 0.923491 2 0
9.535 0.923977 2 0
9.54 0.924463 2 0
9.545 0.924949 2 0
9.55 0.925434 2 0
9.555 0.92592 2 0
9.56 0.926406 2 0
9.565 0.926892 2 0
9.57 0.927377 2 0
9.575 0.927863 2 0
9.58 0.928349 2 0
9.585 0.928835 2 0
9.59 0.929321 2 0
9.595 0.929806 2 0
9.6 0.930292 2 0
9.605 0.930778 2 0
9.61 0.931264 2 0
9.615 0.931749 2 0
9.62 0.932235 2 0
9.625 0.932721 2 0
9.63 0.933207 2 0
9.635 0.933692 2 0
9.64 0.934178 2 0
9.645 0.934664 2 0
9.65 0.93515 2 0
9.655 0.935636 2 0
9.66 0.936121 2 0
9.665 0.936607 2 0
9.67 0.937093 2 0
9.675 0.937579 2 0
9.68 0.938064 2 0
9.685 0.93855 2 0
9.69 0.939036 2 0
9.695 0.939522 2 0
9.7 0.940007 2 0
9.705 0.940493 2 0
9.71 0.940979 2 0
9.715 0.941465 2 0
9.72 0.941951 2 0
9.725 0.942436 2 0
9.73 0.942922 2 0
9.735 0.943408 2 0
9.74 0.943894 2 0
9.745 0.944379 2 0
9.75 0.944865 2 0
9.755 0.945351 2 0
9.76 0.945837 2 0
9.765 0.946323 2 0
9.77 0.946808 2 0
9.775 0.947294 2 0
9.78 0.94778 2 0
9.785 0.948266 2 0
9.79 0.948751 2 0
9.795 0.949237 2 0
9.8 0.949723 2 0
9.805 0.950209 2 0
9.81 0.950694 2 0
9.815 0.95118 2 0
9.82 0.951666 2 0
9.825 0.952152 2 0
9.83 0.952638 2 0
9.835 0.953123 2 0
9.84 0.953609 2 0
9.845 0.954095 2 0
9.85 0.954581 2 0
9.855 0.955066 2 0
9.86 0.955552 2 0
9.865 0.956038 2 0
9.87 0.956524 2 0
9.875 0.957009 2 0
9.88 0.957495 2 0
9.885 0.957981 2 0
9.89 0.958467 2 0
9.895 0.958953 2 0
9.9 0.959438 2 0
9.905 0.959924 2 0
9.91 0.96041 2 0
9.915 0.960896 2 0
9.92 0.961381 2 0
9.925 0.961867 2 0
9.93 0.962353 2 0
9.935 0.962839 2 0
9.94 0.963325 2 0
9.945 0.96381 2 0
9.95 0.964296 2 0
9.955 0.964782 2 0
9.96 0.965268 2 0
9.965 0.965753 2 0
9.97 0.966239 2 0
9.975 0.966725 2 0
9.98 0.967211 2 0
9.985 0.967696 2 0
9.99 0.968182 2 0
9.995 0.968668 2 0
10 0.969154 2 0
10.005 0.96964 2 0
10.01 0.970125 2 0
10.015 0.970611 2 0
10.02 0.971097 2 0
10.025 0.971583 2 0
10.03 0.972068 2 0
10.035 0.972554 2 0
10.04 0.97304 2 0
10.045 0.973526 2 0
10.05 0.974011 2 0
10.055 0.974497 2 0
10.06 0.974983 2 0
10.065 0.975469 2 0
10.07 0.975955 2 0
10.075 0.97644 2 0
10.08 0.976926 2 0
10.085 0.977412 2 0
10.09 0.977898 2 0
10.095 0.978383 2 0
10.1 0.978869 2 0
10.105 0.979355 2 0
10.11 0.979841 2 0
10.115 0.980327 2 0
10.12 0.980812 2 0
10.125 0.981298 2 0
10.13 0.981784 2 0
10.135 0.98227 2 0
10.14 0.982755 2 0
10.145 0.983241 2 0
10.15 0.983727 2 0
10.155 0.984213 2 0
10.16 0.984698 2 0
10.165 0.985184 2 0
10.17 0.98567 2 0
10.175 0.986156 2 0
10.18 0.986642 2 0
10.185 0.987127 2 0
10.19 0.987613 2 0
10.195 0.988099 2 0
10.2 0.988585 2 0
10.205 0.98907 2 0
10.21 0.989556 2 0
10.215 0.990042 2 0
10.22 0.990528 2 0
10.225 0.991013 2 0
10.23 0.991499 2 0
10.235 0.991985 2 0
10.24 0.992471 2 0
10.245 0.992957 2 0
10.25 0.993442 2 0
10.255 0.993928 2 0
10.26 0.994414 2 0
10.265 0.9949 2 0
10.27 0.995385 2 0
10.275 0.995871 2 0
10.28 0.996357 2 0
10.285 0.996843 2 0
10.29 0.997328 2 0
10.295 0.997814 2 0
10.3 0.9983 2 0
10.305 0.998786 2 0
10.31 0.999272 2 0
10.315 0.999757 2 0
