0.493055555556	45	7.46071529388
1.47916666667	45	7.46071529388
2.46527777778	45	7.46071529388
3.45138888889	45	7.46071529388
4.4375	45	7.46071529388
5.42361111111	45	7.46071529388
6.40972222222	45	7.46071529388
7.39583333333	45	7.46071529388
8.38194444444	45	7.46071529388
9.36805555556	45	7.46071529388
10.3541666667	45	7.46071529388
11.3402777778	45	7.46071529388
12.3263888889	45	7.46071529388
13.3125	45	7.46071529388
14.2986111111	45	7.46071529388
15.2847222222	45	7.46071529388
16.2708333333	45	7.46071529388
17.2569444444	45	7.46071529388
18.2430555556	45	7.46071529388
19.2291666667	45	7.46071529388
20.2152777778	45	7.46071529388
21.2013888889	45	7.46071529388
22.1875	45	7.46071529388
23.1736111111	45	7.46071529388
24.1597222222	45	7.46071529388
25.1458333333	45	7.46071529388
26.1319444444	45	7.46071529388
27.1180555556	45	7.46071529388
28.1041666667	45	7.46071529388
29.0902777778	45	7.46071529388
30.0763888889	45	7.46071529388
31.0625	45	7.46071529388
32.0486111111	45	7.46071529388
33.0347222222	45	7.46071529388
34.0208333333	45	7.46071529388
35.0069444444	45	7.46071529388
35.9930555556	45	7.46071529388
36.9791666667	45	7.46071529388
37.9652777778	45	7.46071529388
38.9513888889	45	7.46071529388
39.9375	45	7.46071529388
40.9236111111	45	7.46071529388
41.9097222222	45	7.46071529388
42.8958333333	45	7.46071529388
43.8819444444	45	7.46071529388
44.8680555556	45	7.46071529388
45.8541666667	45	7.46071529388
46.8402777778	45	7.46071529388
47.8263888889	45	7.46071529388
48.8125	45	7.46071529388
49.7986111111	45	7.46071529388
50.7847222222	45	7.46071529388
51.7708333333	45	7.46071529388
52.7569444444	45	7.46071529388
53.7430555556	45	7.46071529388
54.7291666667	45	7.46071529388
55.7152777778	45	7.46071529388
56.7013888889	45	7.46071529388
57.6875	45	7.46071529388
58.6736111111	45	7.46071529388
59.6597222222	45	7.46071529388
60.6458333333	45	7.46071529388
61.6319444444	45	7.46071529388
62.6180555556	45	7.46071529388
63.6041666667	45	7.46071529388
64.5902777778	45	7.46071529388
65.5763888889	45	7.46071529388
66.5625	45	7.46071529388
67.5486111111	45	7.46071529388
68.5347222222	45	7.46071529388
69.5208333333	45	7.46071529388
70.5069444444	45	7.46071529388
0.493055555556	44	19.4275150299
1.47916666667	44	23.0674247742
2.46527777778	44	19.6097564697
3.45138888889	44	22.3777313232
4.4375	44	25.5022029877
5.42361111111	44	23.9243202209
6.40972222222	44	24.7666187286
7.39583333333	44	27.5195350647
8.38194444444	44	28.7584228516
9.36805555556	44	27.5373668671
10.3541666667	44	27.1386089325
11.3402777778	44	24.9476184845
12.3263888889	44	29.857755661
13.3125	44	26.8568191528
14.2986111111	44	28.4435386658
15.2847222222	44	28.8754920959
16.2708333333	44	32.0988426208
17.2569444444	44	30.7008457184
18.2430555556	44	34.2063903809
19.2291666667	44	33.2424201965
20.2152777778	44	37.0928077698
21.2013888889	44	38.5841789246
22.1875	44	33.5429191589
23.1736111111	44	32.3961524963
24.1597222222	44	31.7916660309
25.1458333333	44	34.3328857422
26.1319444444	44	33.3435211182
27.1180555556	44	28.0411891937
28.1041666667	44	27.395904541
29.0902777778	44	23.5803279877
30.0763888889	44	22.9052734375
31.0625	44	20.3470516205
32.0486111111	44	18.6242713928
33.0347222222	44	21.342666626
34.0208333333	44	20.3154983521
35.0069444444	44	19.9467964172
35.9930555556	44	16.7560138702
36.9791666667	44	26.5242328644
37.9652777778	44	22.0593566895
38.9513888889	44	20.904504776
39.9375	44	22.9390411377
40.9236111111	44	24.6931972504
41.9097222222	44	24.400598526
42.8958333333	44	26.7879600525
43.8819444444	44	26.7364826202
44.8680555556	44	27.5979881287
45.8541666667	44	26.723690033
46.8402777778	44	26.9613437653
47.8263888889	44	26.2957134247
48.8125	44	27.2521896362
49.7986111111	44	25.5694885254
50.7847222222	44	25.0735645294
51.7708333333	44	23.9814872742
52.7569444444	44	25.786359787
53.7430555556	44	24.7652015686
54.7291666667	44	25.2651805878
55.7152777778	44	25.6966514587
56.7013888889	44	29.1897716522
57.6875	44	25.842874527
58.6736111111	44	25.2011604309
59.6597222222	44	28.0569992065
60.6458333333	44	24.2853736877
61.6319444444	44	23.7815437317
62.6180555556	44	21.5457267761
63.6041666667	44	22.8868923187
64.5902777778	44	21.3498649597
65.5763888889	44	18.2983398438
66.5625	44	18.184797287
67.5486111111	44	20.9529399872
68.5347222222	44	19.3910961151
69.5208333333	44	18.9600143433
70.5069444444	44	17.9093399048
0.493055555556	43	18.0201721191
1.47916666667	43	18.8903694153
2.46527777778	43	19.1661682129
3.45138888889	43	18.4803829193
4.4375	43	17.1274032593
5.42361111111	43	17.1692905426
6.40972222222	43	18.1108608246
7.39583333333	43	17.0855064392
8.38194444444	43	16.3038845062
9.36805555556	43	16.3634109497
10.3541666667	43	16.4170227051
11.3402777778	43	15.5407972336
12.3263888889	43	14.7356538773
13.3125	43	14.3014688492
14.2986111111	43	16.3000564575
15.2847222222	43	18.0415477753
16.2708333333	43	16.9516105652
17.2569444444	43	16.5088996887
18.2430555556	43	17.7195968628
19.2291666667	43	15.7051715851
20.2152777778	43	18.8973236084
21.2013888889	43	16.2746353149
22.1875	43	17.4789524078
23.1736111111	43	22.696062088
24.1597222222	43	19.4491024017
25.1458333333	43	17.7174682617
26.1319444444	43	12.7501373291
27.1180555556	43	13.9742555618
28.1041666667	43	16.9011287689
29.0902777778	43	18.4350223541
30.0763888889	43	19.8508701324
31.0625	43	22.1471977234
32.0486111111	43	21.2506370544
33.0347222222	43	23.1606998444
34.0208333333	43	22.1389122009
35.0069444444	43	22.8198871613
35.9930555556	43	22.1640014648
36.9791666667	43	24.8934402466
37.9652777778	43	22.0293865204
38.9513888889	43	24.0130977631
39.9375	43	21.2996501923
40.9236111111	43	22.1334857941
41.9097222222	43	22.2712478638
42.8958333333	43	19.1139087677
43.8819444444	43	19.1596469879
44.8680555556	43	16.071144104
45.8541666667	43	15.8271360397
46.8402777778	43	15.4991016388
47.8263888889	43	14.9058694839
48.8125	43	14.9327545166
49.7986111111	43	14.246088028
50.7847222222	43	15.1533594131
51.7708333333	43	15.2815990448
52.7569444444	43	14.5146980286
53.7430555556	43	14.2363491058
54.7291666667	43	14.7933359146
55.7152777778	43	15.69419384
56.7013888889	43	13.6256141663
57.6875	43	13.1265525818
58.6736111111	43	13.8416137695
59.6597222222	43	12.9315452576
60.6458333333	43	13.1219100952
61.6319444444	43	12.4293584824
62.6180555556	43	12.8617572784
63.6041666667	43	13.4884796143
64.5902777778	43	14.1040678024
65.5763888889	43	14.5202322006
66.5625	43	15.6381235123
67.5486111111	43	15.0607194901
68.5347222222	43	14.6974430084
69.5208333333	43	16.0239830017
70.5069444444	43	17.4315834045
0.493055555556	42	11.6925258636
1.47916666667	42	13.2818851471
2.46527777778	42	13.6961107254
3.45138888889	42	13.3148708344
4.4375	42	13.4635858536
5.42361111111	42	12.6907672882
6.40972222222	42	14.010972023
7.39583333333	42	12.8235054016
8.38194444444	42	12.9444446564
9.36805555556	42	10.8427963257
10.3541666667	42	10.5185346603
11.3402777778	42	11.9096641541
12.3263888889	42	12.424030304
13.3125	42	11.7446432114
14.2986111111	42	12.2107362747
15.2847222222	42	10.8487358093
16.2708333333	42	10.2150678635
17.2569444444	42	11.3562316895
18.2430555556	42	11.4837369919
19.2291666667	42	10.7026405334
20.2152777778	42	10.890124321
21.2013888889	42	11.2710561752
22.1875	42	10.8610963821
23.1736111111	42	10.1614665985
24.1597222222	42	10.5353355408
25.1458333333	42	10.7908382416
26.1319444444	42	11.0067939758
27.1180555556	42	11.9327096939
28.1041666667	42	12.3225297928
29.0902777778	42	12.1598978043
30.0763888889	42	12.7849578857
31.0625	42	12.3490972519
32.0486111111	42	11.6670446396
33.0347222222	42	12.3653450012
34.0208333333	42	12.5876369476
35.0069444444	42	12.1502075195
35.9930555556	42	12.182972908
36.9791666667	42	12.6641921997
37.9652777778	42	12.1819438934
38.9513888889	42	11.789475441
39.9375	42	12.1575059891
40.9236111111	42	10.932841301
41.9097222222	42	10.7407579422
42.8958333333	42	11.7069377899
43.8819444444	42	11.0482530594
44.8680555556	42	11.5026407242
45.8541666667	42	11.32908535
46.8402777778	42	11.2420482635
47.8263888889	42	11.995429039
48.8125	42	12.8518276215
49.7986111111	42	12.5152196884
50.7847222222	42	12.8166255951
51.7708333333	42	12.3385477066
52.7569444444	42	12.7065343857
53.7430555556	42	13.136302948
54.7291666667	42	11.460849762
55.7152777778	42	12.01085186
56.7013888889	42	11.2688779831
57.6875	42	12.6737480164
58.6736111111	42	12.6505031586
59.6597222222	42	14.2869768143
60.6458333333	42	14.0711240768
61.6319444444	42	12.8776197433
62.6180555556	42	12.8827409744
63.6041666667	42	12.3182668686
64.5902777778	42	11.0705013275
65.5763888889	42	12.0203142166
66.5625	42	12.8192195892
67.5486111111	42	12.2944173813
68.5347222222	42	11.3621368408
69.5208333333	42	11.9282093048
70.5069444444	42	12.286195755
0.493055555556	41	12.2046327591
1.47916666667	41	13.019112587
2.46527777778	41	13.4939651489
3.45138888889	41	13.441493988
4.4375	41	12.7744054794
5.42361111111	41	12.3005247116
6.40972222222	41	13.162194252
7.39583333333	41	12.3381376266
8.38194444444	41	15.1802301407
9.36805555556	41	13.9005966187
10.3541666667	41	14.1381492615
11.3402777778	41	13.9803600311
12.3263888889	41	14.4329986572
13.3125	41	12.7290067673
14.2986111111	41	12.4590454102
15.2847222222	41	13.1360006332
16.2708333333	41	12.665851593
17.2569444444	41	13.9356546402
18.2430555556	41	14.0452528
19.2291666667	41	13.0609292984
20.2152777778	41	12.8391122818
21.2013888889	41	12.369600296
22.1875	41	13.0564775467
23.1736111111	41	13.7094221115
24.1597222222	41	13.0385627747
25.1458333333	41	12.9451284409
26.1319444444	41	12.9374752045
27.1180555556	41	12.5178031921
28.1041666667	41	11.9650287628
29.0902777778	41	12.2533226013
30.0763888889	41	11.4542570114
31.0625	41	13.1461496353
32.0486111111	41	11.8160409927
33.0347222222	41	11.6513137817
34.0208333333	41	11.6190223694
35.0069444444	41	11.9429254532
35.9930555556	41	12.4934177399
36.9791666667	41	12.782740593
37.9652777778	41	13.1741371155
38.9513888889	41	12.4252109528
39.9375	41	13.8292169571
40.9236111111	41	13.4858169556
41.9097222222	41	12.8195056915
42.8958333333	41	14.6195755005
43.8819444444	41	14.7978868484
44.8680555556	41	14.6458044052
45.8541666667	41	14.2082471848
46.8402777778	41	14.2158699036
47.8263888889	41	13.7659349442
48.8125	41	13.6859731674
49.7986111111	41	14.6571073532
50.7847222222	41	14.0375242233
51.7708333333	41	13.8220024109
52.7569444444	41	13.893491745
53.7430555556	41	15.1033678055
54.7291666667	41	14.8102331161
55.7152777778	41	13.5411252975
56.7013888889	41	13.4559259415
57.6875	41	15.2328720093
58.6736111111	41	14.3397512436
59.6597222222	41	14.6229381561
60.6458333333	41	14.2259883881
61.6319444444	41	13.9992361069
62.6180555556	41	14.1674633026
63.6041666667	41	12.8265676498
64.5902777778	41	13.5643234253
65.5763888889	41	14.6866502762
66.5625	41	13.9288673401
67.5486111111	41	15.1902208328
68.5347222222	41	14.1939926147
69.5208333333	41	13.0878763199
70.5069444444	41	12.4252214432
0.493055555556	40	13.7589950562
1.47916666667	40	13.3790140152
2.46527777778	40	14.7327060699
3.45138888889	40	13.9888248444
4.4375	40	14.4139251709
5.42361111111	40	13.1271953583
6.40972222222	40	13.5048265457
7.39583333333	40	13.1602020264
8.38194444444	40	16.1652870178
9.36805555556	40	12.8733825684
10.3541666667	40	13.9295892715
11.3402777778	40	17.2968425751
12.3263888889	40	16.7312164307
13.3125	40	16.5345401764
14.2986111111	40	16.591342926
15.2847222222	40	16.5617790222
16.2708333333	40	14.7412061691
17.2569444444	40	13.9188747406
18.2430555556	40	12.8666696548
19.2291666667	40	13.001707077
20.2152777778	40	12.7460460663
21.2013888889	40	14.062417984
22.1875	40	12.0255260468
23.1736111111	40	11.4406108856
24.1597222222	40	12.3811159134
25.1458333333	40	13.4417581558
26.1319444444	40	11.8964929581
27.1180555556	40	11.9304475784
28.1041666667	40	11.9304542542
29.0902777778	40	10.9197654724
30.0763888889	40	11.9065885544
31.0625	40	11.5997114182
32.0486111111	40	12.8168935776
33.0347222222	40	12.5779590607
34.0208333333	40	12.6277780533
35.0069444444	40	13.853682518
35.9930555556	40	13.2255764008
36.9791666667	40	12.5107307434
37.9652777778	40	13.618719101
38.9513888889	40	13.1106643677
39.9375	40	13.6710090637
40.9236111111	40	13.4414873123
41.9097222222	40	13.2884092331
42.8958333333	40	13.5507087708
43.8819444444	40	13.7012863159
44.8680555556	40	13.1389360428
45.8541666667	40	13.7868652344
46.8402777778	40	13.7648191452
47.8263888889	40	12.7460823059
48.8125	40	15.2863445282
49.7986111111	40	14.0552873611
50.7847222222	40	13.6919498444
51.7708333333	40	14.2254390717
52.7569444444	40	14.8938655853
53.7430555556	40	15.2414655685
54.7291666667	40	15.5846014023
55.7152777778	40	16.7062664032
56.7013888889	40	14.4176530838
57.6875	40	15.3801727295
58.6736111111	40	15.5429096222
59.6597222222	40	14.7446060181
60.6458333333	40	14.6072282791
61.6319444444	40	15.3978824615
62.6180555556	40	14.2095394135
63.6041666667	40	14.3457660675
64.5902777778	40	13.4901409149
65.5763888889	40	14.3854207993
66.5625	40	14.6877908707
67.5486111111	40	14.7751188278
68.5347222222	40	14.5003890991
69.5208333333	40	13.9905862808
70.5069444444	40	14.3342580795
0.493055555556	39	14.1083259583
1.47916666667	39	14.6944923401
2.46527777778	39	13.3027667999
3.45138888889	39	13.9278078079
4.4375	39	14.2025279999
5.42361111111	39	14.8373508453
6.40972222222	39	15.1433753967
7.39583333333	39	15.0985469818
8.38194444444	39	13.1081533432
9.36805555556	39	13.9916877747
10.3541666667	39	14.9408388138
11.3402777778	39	14.5327358246
12.3263888889	39	15.8217964172
13.3125	39	15.0462055206
14.2986111111	39	15.4266300201
15.2847222222	39	18.0917453766
16.2708333333	39	17.0129070282
17.2569444444	39	16.0930328369
18.2430555556	39	16.0895595551
19.2291666667	39	14.6840286255
20.2152777778	39	14.5234336853
21.2013888889	39	13.6141624451
22.1875	39	12.4271450043
23.1736111111	39	12.6823730469
24.1597222222	39	12.3280534744
25.1458333333	39	11.2607975006
26.1319444444	39	11.5412530899
27.1180555556	39	11.5978631973
28.1041666667	39	11.6225576401
29.0902777778	39	11.4360275269
30.0763888889	39	11.2198629379
31.0625	39	11.8655815125
32.0486111111	39	11.9207763672
33.0347222222	39	12.3701124191
34.0208333333	39	11.2183580399
35.0069444444	39	13.0007600784
35.9930555556	39	12.6664676666
36.9791666667	39	12.6000642776
37.9652777778	39	13.2756032944
38.9513888889	39	13.4006767273
39.9375	39	14.4285850525
40.9236111111	39	12.916768074
41.9097222222	39	14.2894487381
42.8958333333	39	14.298286438
43.8819444444	39	13.2627506256
44.8680555556	39	13.1279220581
45.8541666667	39	12.9602375031
46.8402777778	39	13.5292339325
47.8263888889	39	13.9199752808
48.8125	39	14.5187196732
49.7986111111	39	13.7548408508
50.7847222222	39	14.4457063675
51.7708333333	39	16.7682132721
52.7569444444	39	14.9695281982
53.7430555556	39	13.0889730453
54.7291666667	39	15.7790746689
55.7152777778	39	15.1718006134
56.7013888889	39	14.5944843292
57.6875	39	14.0788516998
58.6736111111	39	14.2206811905
59.6597222222	39	13.5705900192
60.6458333333	39	13.7187805176
61.6319444444	39	13.924282074
62.6180555556	39	14.6577444077
63.6041666667	39	14.2698440552
64.5902777778	39	14.2622337341
65.5763888889	39	14.5801000595
66.5625	39	14.8751678467
67.5486111111	39	14.457154274
68.5347222222	39	14.6558885574
69.5208333333	39	14.4193458557
70.5069444444	39	14.3854484558
0.493055555556	38	15.0652742386
1.47916666667	38	14.465180397
2.46527777778	38	13.857665062
3.45138888889	38	14.6119737625
4.4375	38	14.3554058075
5.42361111111	38	14.1441497803
6.40972222222	38	14.1136045456
7.39583333333	38	15.5945720673
8.38194444444	38	16.8653354645
9.36805555556	38	19.8979587555
10.3541666667	38	17.7024078369
11.3402777778	38	14.8201656342
12.3263888889	38	15.4097070694
13.3125	38	13.3111085892
14.2986111111	38	14.0796394348
15.2847222222	38	13.8484573364
16.2708333333	38	16.0874614716
17.2569444444	38	16.6029453278
18.2430555556	38	17.8815612793
19.2291666667	38	17.8329238892
20.2152777778	38	17.740650177
21.2013888889	38	15.7842664719
22.1875	38	14.2553157806
23.1736111111	38	14.944519043
24.1597222222	38	13.8493967056
25.1458333333	38	13.3933382034
26.1319444444	38	11.7137317657
27.1180555556	38	11.6295118332
28.1041666667	38	11.2540845871
29.0902777778	38	11.2325315475
30.0763888889	38	11.321428299
31.0625	38	12.52085495
32.0486111111	38	11.334944725
33.0347222222	38	12.2060976028
34.0208333333	38	13.0375928879
35.0069444444	38	12.6560096741
35.9930555556	38	14.0215988159
36.9791666667	38	12.1769428253
37.9652777778	38	14.1286525726
38.9513888889	38	14.3834781647
39.9375	38	12.8900880814
40.9236111111	38	13.3499994278
41.9097222222	38	13.9579524994
42.8958333333	38	13.7527999878
43.8819444444	38	13.3742675781
44.8680555556	38	14.1033649445
45.8541666667	38	13.1193008423
46.8402777778	38	14.9591932297
47.8263888889	38	13.0458974838
48.8125	38	14.209148407
49.7986111111	38	14.4266796112
50.7847222222	38	15.5304832458
51.7708333333	38	15.2000312805
52.7569444444	38	14.5948171616
53.7430555556	38	14.7628936768
54.7291666667	38	14.73279953
55.7152777778	38	12.8885307312
56.7013888889	38	12.6815805435
57.6875	38	13.4001655579
58.6736111111	38	14.673866272
59.6597222222	38	13.1270523071
60.6458333333	38	14.2654914856
61.6319444444	38	14.134967804
62.6180555556	38	13.0435228348
63.6041666667	38	14.9611492157
64.5902777778	38	13.7976474762
65.5763888889	38	15.1803388596
66.5625	38	14.5141172409
67.5486111111	38	15.2956600189
68.5347222222	38	14.8681240082
69.5208333333	38	14.5455932617
70.5069444444	38	14.919470787
0.493055555556	37	12.8011274338
1.47916666667	37	13.4523029327
2.46527777778	37	12.9397583008
3.45138888889	37	13.7916841507
4.4375	37	15.0238027573
5.42361111111	37	15.5051240921
6.40972222222	37	14.8011760712
7.39583333333	37	15.4929857254
8.38194444444	37	16.4222507477
9.36805555556	37	17.0750980377
10.3541666667	37	15.3526287079
11.3402777778	37	17.9265060425
12.3263888889	37	22.3327655792
13.3125	37	24.3316612244
14.2986111111	37	19.8009414673
15.2847222222	37	22.1335906982
16.2708333333	37	26.446105957
17.2569444444	37	26.877248764
18.2430555556	37	18.7063407898
19.2291666667	37	15.6018218994
20.2152777778	37	14.9225635529
21.2013888889	37	14.3250951767
22.1875	37	13.1261301041
23.1736111111	37	13.2225885391
24.1597222222	37	13.1210803986
25.1458333333	37	12.7559223175
26.1319444444	37	12.1174983978
27.1180555556	37	11.6350374222
28.1041666667	37	12.05742836
29.0902777778	37	11.2467861176
30.0763888889	37	10.8537006378
31.0625	37	10.4520835876
32.0486111111	37	11.5435781479
33.0347222222	37	11.6411905289
34.0208333333	37	12.545841217
35.0069444444	37	13.6158485413
35.9930555556	37	13.1727342606
36.9791666667	37	13.3268098831
37.9652777778	37	13.348772049
38.9513888889	37	14.4672718048
39.9375	37	14.5726451874
40.9236111111	37	13.7938747406
41.9097222222	37	13.6251068115
42.8958333333	37	14.5872278214
43.8819444444	37	13.2997026443
44.8680555556	37	13.888915062
45.8541666667	37	12.4867334366
46.8402777778	37	14.3122806549
47.8263888889	37	13.8821516037
48.8125	37	15.6173686981
49.7986111111	37	16.2888240814
50.7847222222	37	14.1829442978
51.7708333333	37	15.0276136398
52.7569444444	37	13.6423416138
53.7430555556	37	15.4935693741
54.7291666667	37	15.0840101242
55.7152777778	37	14.3538427353
56.7013888889	37	13.1158370972
57.6875	37	13.8398914337
58.6736111111	37	14.3682889938
59.6597222222	37	13.6003751755
60.6458333333	37	14.6266393661
61.6319444444	37	12.8528318405
62.6180555556	37	13.9822120667
63.6041666667	37	13.1204500198
64.5902777778	37	14.228094101
65.5763888889	37	14.1940793991
66.5625	37	13.7232093811
67.5486111111	37	13.6308393478
68.5347222222	37	12.5193033218
69.5208333333	37	13.3829994202
70.5069444444	37	13.9142093658
0.493055555556	36	14.1000022888
1.47916666667	36	14.4197435379
2.46527777778	36	14.7006406784
3.45138888889	36	14.4646530151
4.4375	36	14.5180683136
5.42361111111	36	16.1144123077
6.40972222222	36	16.8282756805
7.39583333333	36	18.8582878113
8.38194444444	36	14.8138122559
9.36805555556	36	14.4924936295
10.3541666667	36	22.7837677002
11.3402777778	36	23.6676521301
12.3263888889	36	24.126619339
13.3125	36	19.9762935638
14.2986111111	36	22.7399272919
15.2847222222	36	26.8233013153
16.2708333333	36	31.2902812958
17.2569444444	36	29.1729354858
18.2430555556	36	29.0805301666
19.2291666667	36	13.6130275726
20.2152777778	36	12.0524530411
21.2013888889	36	13.7515954971
22.1875	36	13.7556295395
23.1736111111	36	15.6977949142
24.1597222222	36	13.9982786179
25.1458333333	36	12.5260257721
26.1319444444	36	12.3121070862
27.1180555556	36	10.8165340424
28.1041666667	36	11.7446308136
29.0902777778	36	11.8227481842
30.0763888889	36	11.1072502136
31.0625	36	10.3751401901
32.0486111111	36	11.5265302658
33.0347222222	36	12.7061471939
34.0208333333	36	11.6275033951
35.0069444444	36	12.7905845642
35.9930555556	36	12.4637374878
36.9791666667	36	12.7209243774
37.9652777778	36	13.1303157806
38.9513888889	36	13.4666604996
39.9375	36	14.4879140854
40.9236111111	36	17.5546569824
41.9097222222	36	16.3063106537
42.8958333333	36	17.5250148773
43.8819444444	36	15.5308856964
44.8680555556	36	15.2034168243
45.8541666667	36	13.2674722672
46.8402777778	36	13.493262291
47.8263888889	36	13.7444353104
48.8125	36	16.0260753632
49.7986111111	36	14.8785924911
50.7847222222	36	14.9501571655
51.7708333333	36	14.3105249405
52.7569444444	36	12.72955513
53.7430555556	36	14.2526655197
54.7291666667	36	13.7499485016
55.7152777778	36	14.1432590485
56.7013888889	36	12.9696159363
57.6875	36	12.4743032455
58.6736111111	36	12.0856666565
59.6597222222	36	12.8469524384
60.6458333333	36	13.6548137665
61.6319444444	36	12.741610527
62.6180555556	36	12.6168498993
63.6041666667	36	12.5320959091
64.5902777778	36	13.4833621979
65.5763888889	36	13.8318862915
66.5625	36	15.1896409988
67.5486111111	36	15.0030651093
68.5347222222	36	14.0390043259
69.5208333333	36	13.0981674194
70.5069444444	36	14.6290311813
0.493055555556	35	14.6986045837
1.47916666667	35	14.2077140808
2.46527777778	35	15.1660413742
3.45138888889	35	14.5124540329
4.4375	35	13.6414175034
5.42361111111	35	15.0816287994
6.40972222222	35	16.3577957153
7.39583333333	35	19.3225593567
8.38194444444	35	24.2767391205
9.36805555556	35	28.9942646027
10.3541666667	35	27.5035152435
11.3402777778	35	19.0108890533
12.3263888889	35	14.182311058
13.3125	35	13.6202087402
14.2986111111	35	17.5274734497
15.2847222222	35	31.3799724579
16.2708333333	35	33.9300537109
17.2569444444	35	44.0860328674
18.2430555556	35	28.3101825714
19.2291666667	35	16.7430286407
20.2152777778	35	7.80643987656
21.2013888889	35	11.133348465
22.1875	35	33.7137985229
23.1736111111	35	27.7762737274
24.1597222222	35	15.9736661911
25.1458333333	35	11.7368955612
26.1319444444	35	11.7452917099
27.1180555556	35	11.3134241104
28.1041666667	35	11.8441038132
29.0902777778	35	11.5407266617
30.0763888889	35	12.4820632935
31.0625	35	10.5000963211
32.0486111111	35	11.4782457352
33.0347222222	35	11.4543962479
34.0208333333	35	11.8384466171
35.0069444444	35	12.3444986343
35.9930555556	35	13.0422182083
36.9791666667	35	13.5498046875
37.9652777778	35	14.7835302353
38.9513888889	35	14.6591129303
39.9375	35	14.7477073669
40.9236111111	35	10.8791046143
41.9097222222	35	18.8165988922
42.8958333333	35	16.7959880829
43.8819444444	35	16.7992630005
44.8680555556	35	15.7822494507
45.8541666667	35	16.6132984161
46.8402777778	35	14.3142824173
47.8263888889	35	15.2249898911
48.8125	35	15.1002416611
49.7986111111	35	13.938369751
50.7847222222	35	15.2971754074
51.7708333333	35	14.2520294189
52.7569444444	35	11.3505897522
53.7430555556	35	12.6661405563
54.7291666667	35	11.9858808517
55.7152777778	35	10.5471105576
56.7013888889	35	11.1756763458
57.6875	35	10.9814195633
58.6736111111	35	10.8874835968
59.6597222222	35	10.8123779297
60.6458333333	35	10.6723155975
61.6319444444	35	12.4169578552
62.6180555556	35	11.3241224289
63.6041666667	35	13.1241760254
64.5902777778	35	13.3443365097
65.5763888889	35	13.9309148788
66.5625	35	13.7422981262
67.5486111111	35	12.6143751144
68.5347222222	35	13.827419281
69.5208333333	35	12.7237606049
70.5069444444	35	14.004152298
0.493055555556	34	12.2829170227
1.47916666667	34	12.4621286392
2.46527777778	34	12.7518491745
3.45138888889	34	14.1545705795
4.4375	34	14.1901979446
5.42361111111	34	14.3234615326
6.40972222222	34	12.6087627411
7.39583333333	34	16.8432579041
8.38194444444	34	19.2131652832
9.36805555556	34	19.369890213
10.3541666667	34	17.0582370758
11.3402777778	34	24.7380619049
12.3263888889	34	27.1015930176
13.3125	34	63.3119277954
14.2986111111	34	103.954856873
15.2847222222	34	42.4927406311
16.2708333333	34	38.163646698
17.2569444444	34	29.6385974884
18.2430555556	34	16.5998191833
19.2291666667	34	47.1474990845
20.2152777778	34	48.5626602173
21.2013888889	34	48.6082420349
22.1875	34	31.0608062744
23.1736111111	34	31.0981636047
24.1597222222	34	25.1564407349
25.1458333333	34	14.5854063034
26.1319444444	34	10.8532400131
27.1180555556	34	10.4398117065
28.1041666667	34	11.2738637924
29.0902777778	34	11.2219543457
30.0763888889	34	9.48222923279
31.0625	34	10.3331413269
32.0486111111	34	9.7049703598
33.0347222222	34	10.2204046249
34.0208333333	34	10.842467308
35.0069444444	34	11.4302415848
35.9930555556	34	11.9700517654
36.9791666667	34	11.6927471161
37.9652777778	34	13.0493869781
38.9513888889	34	14.205124855
39.9375	34	16.8787250519
40.9236111111	34	16.3844299316
41.9097222222	34	14.3787641525
42.8958333333	34	16.2859153748
43.8819444444	34	17.1663169861
44.8680555556	34	16.4799633026
45.8541666667	34	20.7180843353
46.8402777778	34	15.3818702698
47.8263888889	34	17.0498809814
48.8125	34	14.7572116852
49.7986111111	34	14.3579139709
50.7847222222	34	13.9761648178
51.7708333333	34	13.0588827133
52.7569444444	34	10.5922832489
53.7430555556	34	9.96392440796
54.7291666667	34	10.1668119431
55.7152777778	34	8.11236000061
56.7013888889	34	9.083568573
57.6875	34	8.77170372009
58.6736111111	34	9.52447032928
59.6597222222	34	9.40161705017
60.6458333333	34	9.29835796356
61.6319444444	34	9.49081325531
62.6180555556	34	10.5424537659
63.6041666667	34	12.2627830505
64.5902777778	34	11.2504673004
65.5763888889	34	12.315829277
66.5625	34	13.090801239
67.5486111111	34	14.2017192841
68.5347222222	34	14.460688591
69.5208333333	34	12.5071086884
70.5069444444	34	12.1251821518
0.493055555556	33	10.6685476303
1.47916666667	33	11.3840894699
2.46527777778	33	11.4916353226
3.45138888889	33	12.7341632843
4.4375	33	10.9153223038
5.42361111111	33	15.0868453979
6.40972222222	33	15.1189489365
7.39583333333	33	11.8511676788
8.38194444444	33	10.16335392
9.36805555556	33	14.6051235199
10.3541666667	33	18.7068862915
11.3402777778	33	46.2383804321
12.3263888889	33	167.193099976
13.3125	33	271.890716553
14.2986111111	33	305.792755127
15.2847222222	33	126.699012756
16.2708333333	33	40.5634269714
17.2569444444	33	44.5192108154
18.2430555556	33	53.4836006165
19.2291666667	33	48.5148353577
20.2152777778	33	56.2591133118
21.2013888889	33	47.9612236023
22.1875	33	52.0062103271
23.1736111111	33	25.617389679
24.1597222222	33	28.3979110718
25.1458333333	33	15.5055446625
26.1319444444	33	9.2913684845
27.1180555556	33	10.6718444824
28.1041666667	33	10.2586126328
29.0902777778	33	9.01405906677
30.0763888889	33	10.1847887039
31.0625	33	9.00982666016
32.0486111111	33	8.46965026855
33.0347222222	33	10.0696725845
34.0208333333	33	9.49915122986
35.0069444444	33	11.9044027328
35.9930555556	33	10.9763002396
36.9791666667	33	13.7177524567
37.9652777778	33	16.227640152
38.9513888889	33	14.6874723434
39.9375	33	10.876698494
40.9236111111	33	13.5756502151
41.9097222222	33	18.5460262299
42.8958333333	33	23.7486553192
43.8819444444	33	20.0149059296
44.8680555556	33	23.1934986115
45.8541666667	33	21.3853111267
46.8402777778	33	18.8102416992
47.8263888889	33	16.1911449432
48.8125	33	14.4790458679
49.7986111111	33	13.9691362381
50.7847222222	33	11.1016626358
51.7708333333	33	11.0119504929
52.7569444444	33	9.82450771332
53.7430555556	33	9.50846195221
54.7291666667	33	9.31178760529
55.7152777778	33	7.56422901154
56.7013888889	33	7.86371850967
57.6875	33	8.19715023041
58.6736111111	33	8.71253871918
59.6597222222	33	7.32022237778
60.6458333333	33	9.07383823395
61.6319444444	33	10.3118991852
62.6180555556	33	9.929063797
63.6041666667	33	10.9225330353
64.5902777778	33	11.1382837296
65.5763888889	33	10.9548931122
66.5625	33	13.264714241
67.5486111111	33	19.3121395111
68.5347222222	33	13.9799575806
69.5208333333	33	11.2395277023
70.5069444444	33	10.4511671066
0.493055555556	32	10.1261606216
1.47916666667	32	10.4958353043
2.46527777778	32	9.7618598938
3.45138888889	32	9.82494258881
4.4375	32	10.7544307709
5.42361111111	32	11.2652168274
6.40972222222	32	10.5187129974
7.39583333333	32	14.3340969086
8.38194444444	32	49.9133872986
9.36805555556	32	46.0241203308
10.3541666667	32	34.5514640808
11.3402777778	32	43.8361816406
12.3263888889	32	142.662750244
13.3125	32	320.150482178
14.2986111111	32	235.297286987
15.2847222222	32	177.317245483
16.2708333333	32	45.8679924011
17.2569444444	32	42.3266830444
18.2430555556	32	61.7355651855
19.2291666667	32	32.955291748
20.2152777778	32	48.4998435974
21.2013888889	32	71.448600769
22.1875	32	27.6071586609
23.1736111111	32	24.6350479126
24.1597222222	32	21.5673999786
25.1458333333	32	11.6806440353
26.1319444444	32	10.9119997025
27.1180555556	32	11.2858066559
28.1041666667	32	10.2471179962
29.0902777778	32	8.9821434021
30.0763888889	32	8.90918540955
31.0625	32	9.09517288208
32.0486111111	32	8.36284637451
33.0347222222	32	8.79976654053
34.0208333333	32	10.0662374496
35.0069444444	32	11.7764053345
35.9930555556	32	15.9962787628
36.9791666667	32	19.1066036224
37.9652777778	32	20.4085559845
38.9513888889	32	21.4098377228
39.9375	32	14.6204280853
40.9236111111	32	21.6032447815
41.9097222222	32	24.0496692657
42.8958333333	32	26.0735034943
43.8819444444	32	41.2769012451
44.8680555556	32	57.101234436
45.8541666667	32	52.6412506104
46.8402777778	32	20.0332679749
47.8263888889	32	22.928188324
48.8125	32	17.1333560944
49.7986111111	32	13.2500543594
50.7847222222	32	11.5507478714
51.7708333333	32	10.2334823608
52.7569444444	32	9.09597682953
53.7430555556	32	8.77468776703
54.7291666667	32	8.52567863464
55.7152777778	32	7.38573980331
56.7013888889	32	7.09250688553
57.6875	32	7.66936159134
58.6736111111	32	7.5404958725
59.6597222222	32	8.08178138733
60.6458333333	32	7.62042140961
61.6319444444	32	9.19617462158
62.6180555556	32	8.0057554245
63.6041666667	32	10.0157594681
64.5902777778	32	9.28489017487
65.5763888889	32	10.8228530884
66.5625	32	13.1854486465
67.5486111111	32	16.148639679
68.5347222222	32	10.5075559616
69.5208333333	32	9.43164157867
70.5069444444	32	9.08495235443
0.493055555556	31	8.06566238403
1.47916666667	31	7.55507421494
2.46527777778	31	7.63840246201
3.45138888889	31	7.03441476822
4.4375	31	7.16847038269
5.42361111111	31	7.24070262909
6.40972222222	31	7.27269458771
7.39583333333	31	18.7105789185
8.38194444444	31	16.2606582642
9.36805555556	31	11.3731660843
10.3541666667	31	18.5139255524
11.3402777778	31	38.9413375854
12.3263888889	31	59.0321388245
13.3125	31	110.04107666
14.2986111111	31	92.9094161987
15.2847222222	31	51.7029724121
16.2708333333	31	45.9870758057
17.2569444444	31	43.8962249756
18.2430555556	31	36.5721549988
19.2291666667	31	41.0373802185
20.2152777778	31	35.8027839661
21.2013888889	31	38.6766815186
22.1875	31	18.9120693207
23.1736111111	31	23.2330341339
24.1597222222	31	24.9298248291
25.1458333333	31	9.69369125366
26.1319444444	31	8.50957679749
27.1180555556	31	9.19976234436
28.1041666667	31	8.30313682556
29.0902777778	31	8.11524677277
30.0763888889	31	8.15038013458
31.0625	31	7.76585483551
32.0486111111	31	7.32268476486
33.0347222222	31	9.91650676727
34.0208333333	31	12.8960046768
35.0069444444	31	13.6536636353
35.9930555556	31	17.9314079285
36.9791666667	31	18.2393493652
37.9652777778	31	19.3466796875
38.9513888889	31	21.1521987915
39.9375	31	26.367521286
40.9236111111	31	26.0460529327
41.9097222222	31	29.1072940826
42.8958333333	31	27.9401664734
43.8819444444	31	37.6625823975
44.8680555556	31	30.2387371063
45.8541666667	31	40.1588401794
46.8402777778	31	22.2650623322
47.8263888889	31	17.846862793
48.8125	31	20.8999290466
49.7986111111	31	15.0155239105
50.7847222222	31	10.2845478058
51.7708333333	31	8.32700634003
52.7569444444	31	7.48100137711
53.7430555556	31	6.60012531281
54.7291666667	31	7.19669437408
55.7152777778	31	7.87735271454
56.7013888889	31	6.78215837479
57.6875	31	6.47377681732
58.6736111111	31	6.92731189728
59.6597222222	31	7.27241945267
60.6458333333	31	7.56514692307
61.6319444444	31	8.52046775818
62.6180555556	31	8.00147628784
63.6041666667	31	7.12898540497
64.5902777778	31	8.53022956848
65.5763888889	31	12.7315216064
66.5625	31	16.4722003937
67.5486111111	31	12.0643482208
68.5347222222	31	8.08685684204
69.5208333333	31	8.59704208374
70.5069444444	31	7.8854637146
0.493055555556	30	6.67950391769
1.47916666667	30	6.01416730881
2.46527777778	30	5.76462697983
3.45138888889	30	5.74531126022
4.4375	30	4.75967407227
5.42361111111	30	7.66519165039
6.40972222222	30	16.5814304352
7.39583333333	30	22.8249206543
8.38194444444	30	11.8338880539
9.36805555556	30	12.6012086868
10.3541666667	30	41.475643158
11.3402777778	30	57.9934158325
12.3263888889	30	54.8831787109
13.3125	30	109.820907593
14.2986111111	30	95.2407684326
15.2847222222	30	64.6700897217
16.2708333333	30	51.2260742188
17.2569444444	30	44.5669822693
18.2430555556	30	31.3482398987
19.2291666667	30	37.2470970154
20.2152777778	30	33.8824920654
21.2013888889	30	24.601026535
22.1875	30	15.8972549438
23.1736111111	30	13.7261505127
24.1597222222	30	11.4372901917
25.1458333333	30	8.31777572632
26.1319444444	30	6.58042001724
27.1180555556	30	7.12275934219
28.1041666667	30	7.9595990181
29.0902777778	30	6.91191196442
30.0763888889	30	7.43877696991
31.0625	30	7.50335502625
32.0486111111	30	7.04547214508
33.0347222222	30	9.73078727722
34.0208333333	30	16.7529754639
35.0069444444	30	14.8699245453
35.9930555556	30	14.588848114
36.9791666667	30	15.8083181381
37.9652777778	30	15.6469621658
38.9513888889	30	21.7146816254
39.9375	30	22.2415065765
40.9236111111	30	22.2989940643
41.9097222222	30	28.9935092926
42.8958333333	30	26.8368587494
43.8819444444	30	24.1374092102
44.8680555556	30	15.2856292725
45.8541666667	30	17.5319633484
46.8402777778	30	38.9107437134
47.8263888889	30	36.2284965515
48.8125	30	38.6872940063
49.7986111111	30	15.6208105087
50.7847222222	30	10.2787189484
51.7708333333	30	9.82927036285
52.7569444444	30	8.3346414566
53.7430555556	30	7.88447523117
54.7291666667	30	7.85414791107
55.7152777778	30	6.74131202698
56.7013888889	30	7.59180688858
57.6875	30	6.00024223328
58.6736111111	30	6.93890523911
59.6597222222	30	7.4221329689
60.6458333333	30	8.12492847443
61.6319444444	30	7.86879348755
62.6180555556	30	9.99005699158
63.6041666667	30	13.8933916092
64.5902777778	30	20.9988555908
65.5763888889	30	30.4221725464
66.5625	30	19.7638339996
67.5486111111	30	12.1748981476
68.5347222222	30	8.99073410034
69.5208333333	30	7.25969457626
70.5069444444	30	7.2612786293
0.493055555556	29	7.58614349365
1.47916666667	29	6.33231735229
2.46527777778	29	5.48469924927
3.45138888889	29	5.56207609177
4.4375	29	5.70969963074
5.42361111111	29	6.40101528168
6.40972222222	29	54.7633209229
7.39583333333	29	167.923919678
8.38194444444	29	63.2913475037
9.36805555556	29	22.1188964844
10.3541666667	29	134.949523926
11.3402777778	29	105.912719727
12.3263888889	29	104.644706726
13.3125	29	183.089294434
14.2986111111	29	183.540023804
15.2847222222	29	67.6541290283
16.2708333333	29	122.175804138
17.2569444444	29	101.321800232
18.2430555556	29	26.5788879395
19.2291666667	29	24.9255237579
20.2152777778	29	30.5632858276
21.2013888889	29	19.5879955292
22.1875	29	18.9132328033
23.1736111111	29	10.7870149612
24.1597222222	29	11.5676307678
25.1458333333	29	5.48047304153
26.1319444444	29	6.28703975677
27.1180555556	29	5.7385725975
28.1041666667	29	6.21667194366
29.0902777778	29	7.01531410217
30.0763888889	29	7.27566099167
31.0625	29	7.70432758331
32.0486111111	29	10.0667352676
33.0347222222	29	12.8861999512
34.0208333333	29	14.4650783539
35.0069444444	29	14.4536380768
35.9930555556	29	15.9051427841
36.9791666667	29	15.1800451279
37.9652777778	29	15.1282491684
38.9513888889	29	19.2273311615
39.9375	29	23.5620651245
40.9236111111	29	23.7617073059
41.9097222222	29	23.8277587891
42.8958333333	29	21.8864440918
43.8819444444	29	23.451084137
44.8680555556	29	23.2676906586
45.8541666667	29	36.1036453247
46.8402777778	29	38.506439209
47.8263888889	29	33.0947608948
48.8125	29	29.8768482208
49.7986111111	29	30.780462265
50.7847222222	29	22.1178627014
51.7708333333	29	14.2954416275
52.7569444444	29	10.1527242661
53.7430555556	29	8.39523506165
54.7291666667	29	8.39623355865
55.7152777778	29	7.03125572205
56.7013888889	29	7.14771413803
57.6875	29	6.72541856766
58.6736111111	29	6.64326429367
59.6597222222	29	7.25473690033
60.6458333333	29	6.899330616
61.6319444444	29	6.55520868301
62.6180555556	29	14.3140535355
63.6041666667	29	28.0023727417
64.5902777778	29	140.397842407
65.5763888889	29	52.1492767334
66.5625	29	21.2678279877
67.5486111111	29	12.3664340973
68.5347222222	29	12.0943346024
69.5208333333	29	8.68486022949
70.5069444444	29	7.70654630661
0.493055555556	28	7.42623186111
1.47916666667	28	7.18514728546
2.46527777778	28	4.05017566681
3.45138888889	28	4.5246462822
4.4375	28	5.21721410751
5.42361111111	28	2.41538929939
6.40972222222	28	45.5232162476
7.39583333333	28	371.124053955
8.38194444444	28	159.760726929
9.36805555556	28	158.693771362
10.3541666667	28	109.736289978
11.3402777778	28	163.677658081
12.3263888889	28	169.692016602
13.3125	28	244.584365845
14.2986111111	28	89.7520523071
15.2847222222	28	91.3381118774
16.2708333333	28	113.366226196
17.2569444444	28	45.6720809937
18.2430555556	28	17.8877334595
19.2291666667	28	14.8304347992
20.2152777778	28	13.5938024521
21.2013888889	28	12.9306974411
22.1875	28	17.101140976
23.1736111111	28	14.3781375885
24.1597222222	28	15.5158529282
25.1458333333	28	7.44630002975
26.1319444444	28	4.37067317963
27.1180555556	28	4.20832252502
28.1041666667	28	5.55786418915
29.0902777778	28	5.93807506561
30.0763888889	28	7.57081604004
31.0625	28	8.59771060944
32.0486111111	28	14.2052316666
33.0347222222	28	17.3703308105
34.0208333333	28	14.9437999725
35.0069444444	28	16.6114559174
35.9930555556	28	17.2934513092
36.9791666667	28	18.2831192017
37.9652777778	28	15.1574888229
38.9513888889	28	15.9613780975
39.9375	28	23.2344589233
40.9236111111	28	22.8618793488
41.9097222222	28	23.8341941833
42.8958333333	28	33.5547180176
43.8819444444	28	46.1788864136
44.8680555556	28	39.4441146851
45.8541666667	28	36.4631576538
46.8402777778	28	35.8460540771
47.8263888889	28	21.9057598114
48.8125	28	18.6703414917
49.7986111111	28	19.0643558502
50.7847222222	28	10.7125530243
51.7708333333	28	8.42946529388
52.7569444444	28	7.44610309601
53.7430555556	28	7.08380413055
54.7291666667	28	7.54818201065
55.7152777778	28	6.65025758743
56.7013888889	28	7.1993727684
57.6875	28	7.17127895355
58.6736111111	28	6.79025268555
59.6597222222	28	8.35704708099
60.6458333333	28	8.06744194031
61.6319444444	28	8.09897518158
62.6180555556	28	16.7609272003
63.6041666667	28	29.6877784729
64.5902777778	28	79.7653808594
65.5763888889	28	60.582359314
66.5625	28	16.8386650085
67.5486111111	28	9.28256702423
68.5347222222	28	9.57792568207
69.5208333333	28	8.98637676239
70.5069444444	28	7.69127559662
0.493055555556	27	7.29604387283
1.47916666667	27	8.76780128479
2.46527777778	27	5.02435064316
3.45138888889	27	5.12561988831
4.4375	27	6.31046676636
5.42361111111	27	2.68179774284
6.40972222222	27	24.1273365021
7.39583333333	27	35.9583854675
8.38194444444	27	267.164001465
9.36805555556	27	216.555465698
10.3541666667	27	229.936126709
11.3402777778	27	275.172973633
12.3263888889	27	153.572219849
13.3125	27	111.297668457
14.2986111111	27	60.6667747498
15.2847222222	27	91.3389968872
16.2708333333	27	67.9078674316
17.2569444444	27	28.3483161926
18.2430555556	27	11.5654811859
19.2291666667	27	12.1027011871
20.2152777778	27	8.46283435822
21.2013888889	27	13.8346033096
22.1875	27	12.9887685776
23.1736111111	27	13.572716713
24.1597222222	27	11.7392549515
25.1458333333	27	5.93824863434
26.1319444444	27	3.21875739098
27.1180555556	27	3.3830909729
28.1041666667	27	5.19987678528
29.0902777778	27	6.14120674133
30.0763888889	27	9.8737783432
31.0625	27	13.5437469482
32.0486111111	27	17.1560935974
33.0347222222	27	14.3104696274
34.0208333333	27	16.7963066101
35.0069444444	27	11.8113498688
35.9930555556	27	14.108915329
36.9791666667	27	16.4619655609
37.9652777778	27	13.1033143997
38.9513888889	27	13.9934854507
39.9375	27	15.3843154907
40.9236111111	27	20.3584194183
41.9097222222	27	23.2935791016
42.8958333333	27	34.6328544617
43.8819444444	27	39.0852012634
44.8680555556	27	37.6835594177
45.8541666667	27	40.9999237061
46.8402777778	27	44.5288696289
47.8263888889	27	37.0952835083
48.8125	27	29.2194786072
49.7986111111	27	11.4347133636
50.7847222222	27	3.46378350258
51.7708333333	27	2.67856407166
52.7569444444	27	5.44611930847
53.7430555556	27	7.67388105392
54.7291666667	27	9.17605781555
55.7152777778	27	9.17147254944
56.7013888889	27	8.89417743683
57.6875	27	9.38559055328
58.6736111111	27	9.46757602692
59.6597222222	27	10.8635559082
60.6458333333	27	13.485748291
61.6319444444	27	13.4960365295
62.6180555556	27	15.4427232742
63.6041666667	27	35.2122192383
64.5902777778	27	58.2889289856
65.5763888889	27	28.7570571899
66.5625	27	12.9542913437
67.5486111111	27	9.47563076019
68.5347222222	27	9.62121582031
69.5208333333	27	8.60289478302
70.5069444444	27	6.4097776413
0.493055555556	26	10.5987319946
1.47916666667	26	11.9649009705
2.46527777778	26	10.4134473801
3.45138888889	26	8.40626144409
4.4375	26	7.53413772583
5.42361111111	26	8.47595596313
6.40972222222	26	12.2338657379
7.39583333333	26	8.89228057861
8.38194444444	26	10.198800087
9.36805555556	26	201.333633423
10.3541666667	26	252.791549683
11.3402777778	26	240.185073853
12.3263888889	26	70.7392883301
13.3125	26	78.8751525879
14.2986111111	26	76.9320755005
15.2847222222	26	339.726776123
16.2708333333	26	52.5367279053
17.2569444444	26	35.692276001
18.2430555556	26	8.14148902893
19.2291666667	26	10.8762178421
20.2152777778	26	7.79537773132
21.2013888889	26	13.4360151291
22.1875	26	15.4641094208
23.1736111111	26	11.2215805054
24.1597222222	26	9.5219669342
25.1458333333	26	7.15625095367
26.1319444444	26	3.90020751953
27.1180555556	26	3.42252850533
28.1041666667	26	4.64249515533
29.0902777778	26	7.96660995483
30.0763888889	26	11.3215990067
31.0625	26	16.4092903137
32.0486111111	26	15.2400798798
33.0347222222	26	11.6451911926
34.0208333333	26	9.30471038818
35.0069444444	26	10.0550899506
35.9930555556	26	11.7390785217
36.9791666667	26	13.8758563995
37.9652777778	26	15.5739068985
38.9513888889	26	14.4855670929
39.9375	26	19.2279930115
40.9236111111	26	27.3318748474
41.9097222222	26	26.3389587402
42.8958333333	26	26.8949737549
43.8819444444	26	39.569152832
44.8680555556	26	48.689956665
45.8541666667	26	65.3842544556
46.8402777778	26	57.1157264709
47.8263888889	26	58.8752403259
48.8125	26	45.474937439
49.7986111111	26	20.7363834381
50.7847222222	26	3.7399866581
51.7708333333	26	2.28516483307
52.7569444444	26	4.4381980896
53.7430555556	26	10.3209295273
54.7291666667	26	14.6445856094
55.7152777778	26	18.6087398529
56.7013888889	26	14.6684932709
57.6875	26	11.8934555054
58.6736111111	26	10.0493850708
59.6597222222	26	11.4294471741
60.6458333333	26	12.9389467239
61.6319444444	26	14.0359048843
62.6180555556	26	18.2015838623
63.6041666667	26	30.149597168
64.5902777778	26	25.4478816986
65.5763888889	26	12.1043682098
66.5625	26	11.5171394348
67.5486111111	26	12.9623308182
68.5347222222	26	13.1498680115
69.5208333333	26	12.6594753265
70.5069444444	26	11.7138204575
0.493055555556	25	12.4529762268
1.47916666667	25	13.8150367737
2.46527777778	25	14.1104030609
3.45138888889	25	12.2327575684
4.4375	25	9.35456752777
5.42361111111	25	10.1368970871
6.40972222222	25	10.4755849838
7.39583333333	25	16.2284507751
8.38194444444	25	57.5602531433
9.36805555556	25	172.089279175
10.3541666667	25	159.876953125
11.3402777778	25	147.689575195
12.3263888889	25	85.8643875122
13.3125	25	77.6362991333
14.2986111111	25	151.206558228
15.2847222222	25	176.434631348
16.2708333333	25	64.3379364014
17.2569444444	25	26.1722335815
18.2430555556	25	7.90561342239
19.2291666667	25	11.8098754883
20.2152777778	25	7.92548036575
21.2013888889	25	15.267118454
22.1875	25	16.6905860901
23.1736111111	25	10.6515731812
24.1597222222	25	8.9434337616
25.1458333333	25	9.67473125458
26.1319444444	25	5.38693237305
27.1180555556	25	4.13621807098
28.1041666667	25	3.7546479702
29.0902777778	25	6.22778749466
30.0763888889	25	8.7718296051
31.0625	25	11.3465328217
32.0486111111	25	11.449388504
33.0347222222	25	10.6802358627
34.0208333333	25	10.6624403
35.0069444444	25	13.4758005142
35.9930555556	25	17.9050807953
36.9791666667	25	20.102602005
37.9652777778	25	22.46352005
38.9513888889	25	28.0529384613
39.9375	25	33.9185371399
40.9236111111	25	48.3862571716
41.9097222222	25	38.6651420593
42.8958333333	25	47.5169563293
43.8819444444	25	44.6960716248
44.8680555556	25	50.6497650146
45.8541666667	25	81.5111160278
46.8402777778	25	70.0221099854
47.8263888889	25	64.792350769
48.8125	25	57.2187614441
49.7986111111	25	33.0453872681
50.7847222222	25	10.1412820816
51.7708333333	25	4.04596662521
52.7569444444	25	4.15496921539
53.7430555556	25	9.22406005859
54.7291666667	25	14.049369812
55.7152777778	25	25.4864311218
56.7013888889	25	23.3883056641
57.6875	25	14.1419086456
58.6736111111	25	12.2528533936
59.6597222222	25	10.1314153671
60.6458333333	25	9.15439796448
61.6319444444	25	10.6355638504
62.6180555556	25	13.793431282
63.6041666667	25	16.0096664429
64.5902777778	25	11.8245983124
65.5763888889	25	8.56956577301
66.5625	25	11.0777769089
67.5486111111	25	12.9754428864
68.5347222222	25	11.9114522934
69.5208333333	25	12.6640329361
70.5069444444	25	14.484749794
0.493055555556	24	10.1220026016
1.47916666667	24	10.3520431519
2.46527777778	24	10.9506416321
3.45138888889	24	11.1645393372
4.4375	24	11.1664180756
5.42361111111	24	11.3331041336
6.40972222222	24	26.6335906982
7.39583333333	24	32.1666717529
8.38194444444	24	99.012550354
9.36805555556	24	157.990951538
10.3541666667	24	111.316757202
11.3402777778	24	246.550308228
12.3263888889	24	96.0790100098
13.3125	24	17.0734920502
14.2986111111	24	35.8174285889
15.2847222222	24	30.5029830933
16.2708333333	24	74.3996505737
17.2569444444	24	15.3152780533
18.2430555556	24	8.42927742004
19.2291666667	24	11.248260498
20.2152777778	24	10.171710968
21.2013888889	24	10.4268550873
22.1875	24	9.65060329437
23.1736111111	24	7.54800987244
24.1597222222	24	7.8229227066
25.1458333333	24	7.7464299202
26.1319444444	24	5.94420194626
27.1180555556	24	5.40023326874
28.1041666667	24	6.73092603683
29.0902777778	24	6.71480798721
30.0763888889	24	10.0806779861
31.0625	24	13.4389381409
32.0486111111	24	12.9994058609
33.0347222222	24	15.5192213058
34.0208333333	24	19.5891551971
35.0069444444	24	26.6553478241
35.9930555556	24	33.4803962708
36.9791666667	24	41.0588417053
37.9652777778	24	43.7667655945
38.9513888889	24	47.0986022949
39.9375	24	56.9754714966
40.9236111111	24	53.3426208496
41.9097222222	24	47.0649375916
42.8958333333	24	37.4219360352
43.8819444444	24	49.3305130005
44.8680555556	24	46.9297637939
45.8541666667	24	35.2580184937
46.8402777778	24	26.0618591309
47.8263888889	24	27.6107063293
48.8125	24	22.8980331421
49.7986111111	24	23.5872478485
50.7847222222	24	16.3989620209
51.7708333333	24	5.90241479874
52.7569444444	24	6.18069076538
53.7430555556	24	7.38765001297
54.7291666667	24	20.6404781342
55.7152777778	24	21.7392120361
56.7013888889	24	28.3698368073
57.6875	24	26.7518196106
58.6736111111	24	27.7959671021
59.6597222222	24	12.4953317642
60.6458333333	24	9.65085220337
61.6319444444	24	8.1586894989
62.6180555556	24	6.69580793381
63.6041666667	24	7.57253694534
64.5902777778	24	7.5553894043
65.5763888889	24	6.24560308456
66.5625	24	6.68909502029
67.5486111111	24	7.97351026535
68.5347222222	24	8.39670181274
69.5208333333	24	8.17683792114
70.5069444444	24	10.9803142548
0.493055555556	23	7.32458877563
1.47916666667	23	9.13021373749
2.46527777778	23	11.4506072998
3.45138888889	23	15.8814191818
4.4375	23	21.3945713043
5.42361111111	23	18.7197093964
6.40972222222	23	30.7779426575
7.39583333333	23	57.7904167175
8.38194444444	23	41.0186195374
9.36805555556	23	137.777038574
10.3541666667	23	196.006057739
11.3402777778	23	347.100891113
12.3263888889	23	81.8764953613
13.3125	23	67.5127258301
14.2986111111	23	17.5411987305
15.2847222222	23	39.5338935852
16.2708333333	23	23.148973465
17.2569444444	23	9.41734886169
18.2430555556	23	10.2712526321
19.2291666667	23	7.31953048706
20.2152777778	23	11.49497509
21.2013888889	23	12.0812921524
22.1875	23	6.07042551041
23.1736111111	23	4.92602777481
24.1597222222	23	4.29872560501
25.1458333333	23	4.46967887878
26.1319444444	23	7.03324890137
27.1180555556	23	7.30042219162
28.1041666667	23	5.32626628876
29.0902777778	23	6.58954429626
30.0763888889	23	11.3066940308
31.0625	23	14.1056976318
32.0486111111	23	15.7719097137
33.0347222222	23	16.9529876709
34.0208333333	23	23.0884876251
35.0069444444	23	33.9528770447
35.9930555556	23	34.7341270447
36.9791666667	23	42.4168815613
37.9652777778	23	56.6069908142
38.9513888889	23	67.1799545288
39.9375	23	63.3162879944
40.9236111111	23	56.2673034668
41.9097222222	23	53.8409118652
42.8958333333	23	37.6439437866
43.8819444444	23	32.1339759827
44.8680555556	23	24.6632881165
45.8541666667	23	14.2522878647
46.8402777778	23	11.0622205734
47.8263888889	23	8.90283489227
48.8125	23	9.79294395447
49.7986111111	23	13.3777427673
50.7847222222	23	13.3114500046
51.7708333333	23	9.46874141693
52.7569444444	23	7.89742565155
53.7430555556	23	16.5416202545
54.7291666667	23	30.4509792328
55.7152777778	23	28.1764297485
56.7013888889	23	26.0491542816
57.6875	23	31.5474529266
58.6736111111	23	30.3673744202
59.6597222222	23	14.498588562
60.6458333333	23	9.33932495117
61.6319444444	23	5.81948947906
62.6180555556	23	5.53201246262
63.6041666667	23	4.51866769791
64.5902777778	23	5.57093000412
65.5763888889	23	6.59512281418
66.5625	23	6.34348058701
67.5486111111	23	6.38447332382
68.5347222222	23	7.40530967712
69.5208333333	23	7.89246988297
70.5069444444	23	7.35941123962
0.493055555556	22	11.0309801102
1.47916666667	22	11.6001901627
2.46527777778	22	11.5939092636
3.45138888889	22	17.7423648834
4.4375	22	36.5199127197
5.42361111111	22	24.8037548065
6.40972222222	22	39.3314933777
7.39583333333	22	42.5316734314
8.38194444444	22	97.027130127
9.36805555556	22	158.319595337
10.3541666667	22	244.105789185
11.3402777778	22	208.981109619
12.3263888889	22	150.553192139
13.3125	22	36.6573257446
14.2986111111	22	14.5422935486
15.2847222222	22	15.8671064377
16.2708333333	22	13.1744585037
17.2569444444	22	14.3971252441
18.2430555556	22	16.4948272705
19.2291666667	22	13.6731767654
20.2152777778	22	12.3722324371
21.2013888889	22	12.7003087997
22.1875	22	8.52346611023
23.1736111111	22	2.10174679756
24.1597222222	22	4.6535487175
25.1458333333	22	5.4655547142
26.1319444444	22	7.27440595627
27.1180555556	22	8.90584850311
28.1041666667	22	10.2662343979
29.0902777778	22	6.24595165253
30.0763888889	22	9.88677597046
31.0625	22	13.9959611893
32.0486111111	22	12.6105194092
33.0347222222	22	20.515914917
34.0208333333	22	25.5274047852
35.0069444444	22	36.5032920837
35.9930555556	22	37.2709846497
36.9791666667	22	46.262386322
37.9652777778	22	61.3524856567
38.9513888889	22	47.0364074707
39.9375	22	76.928062439
40.9236111111	22	76.0663070679
41.9097222222	22	56.8175086975
42.8958333333	22	38.0578041077
43.8819444444	22	22.8927364349
44.8680555556	22	19.0660896301
45.8541666667	22	15.5367650986
46.8402777778	22	8.19917201996
47.8263888889	22	8.57016849518
48.8125	22	7.80552387238
49.7986111111	22	10.8730039597
50.7847222222	22	11.406206131
51.7708333333	22	15.3791446686
52.7569444444	22	13.3066635132
53.7430555556	22	14.8000965118
54.7291666667	22	29.1345825195
55.7152777778	22	35.6765899658
56.7013888889	22	26.529920578
57.6875	22	23.3086547852
58.6736111111	22	28.4859905243
59.6597222222	22	25.2395744324
60.6458333333	22	13.0988769531
61.6319444444	22	5.04981374741
62.6180555556	22	4.68478345871
63.6041666667	22	4.68548107147
64.5902777778	22	5.41155815125
65.5763888889	22	6.21383953094
66.5625	22	6.37292432785
67.5486111111	22	6.70434522629
68.5347222222	22	7.7579240799
69.5208333333	22	7.07956600189
70.5069444444	22	8.79072093964
0.493055555556	21	17.1676807404
1.47916666667	21	14.5039291382
2.46527777778	21	12.9449605942
3.45138888889	21	16.9505596161
4.4375	21	33.6391830444
5.42361111111	21	37.7200660706
6.40972222222	21	36.7205734253
7.39583333333	21	78.7796630859
8.38194444444	21	148.747680664
9.36805555556	21	305.82925415
10.3541666667	21	172.484481812
11.3402777778	21	360.849060059
12.3263888889	21	122.036506653
13.3125	21	56.8129234314
14.2986111111	21	43.3438835144
15.2847222222	21	31.654006958
16.2708333333	21	20.9756698608
17.2569444444	21	10.349647522
18.2430555556	21	11.1289596558
19.2291666667	21	8.93519687653
20.2152777778	21	23.9667224884
21.2013888889	21	15.0330715179
22.1875	21	7.79672336578
23.1736111111	21	2.5717728138
24.1597222222	21	6.0643825531
25.1458333333	21	4.96915006638
26.1319444444	21	4.80188655853
27.1180555556	21	18.0137214661
28.1041666667	21	10.4560947418
29.0902777778	21	10.2806406021
30.0763888889	21	6.96974134445
31.0625	21	14.5174589157
32.0486111111	21	14.3304023743
33.0347222222	21	19.6895008087
34.0208333333	21	27.0783748627
35.0069444444	21	26.4200878143
35.9930555556	21	30.8232116699
36.9791666667	21	45.5985908508
37.9652777778	21	40.8436355591
38.9513888889	21	60.2661476135
39.9375	21	94.6657714844
40.9236111111	21	70.2799072266
41.9097222222	21	62.4862327576
42.8958333333	21	44.7639045715
43.8819444444	21	24.3213996887
44.8680555556	21	28.2920436859
45.8541666667	21	22.1533050537
46.8402777778	21	14.163277626
47.8263888889	21	13.7764902115
48.8125	21	14.4508342743
49.7986111111	21	14.3814516068
50.7847222222	21	12.6712322235
51.7708333333	21	14.1479911804
52.7569444444	21	20.4964084625
53.7430555556	21	19.5976600647
54.7291666667	21	22.9151325226
55.7152777778	21	26.6785354614
56.7013888889	21	25.3195323944
57.6875	21	27.510351181
58.6736111111	21	30.4062690735
59.6597222222	21	43.1812667847
60.6458333333	21	20.1293582916
61.6319444444	21	9.3316783905
62.6180555556	21	6.39382696152
63.6041666667	21	5.32172298431
64.5902777778	21	5.28197336197
65.5763888889	21	4.45865058899
66.5625	21	4.99266004562
67.5486111111	21	6.12307310104
68.5347222222	21	6.31453752518
69.5208333333	21	7.3898024559
70.5069444444	21	9.99197769165
0.493055555556	20	17.4838504791
1.47916666667	20	11.5071277618
2.46527777778	20	16.9784011841
3.45138888889	20	19.6052913666
4.4375	20	30.9557247162
5.42361111111	20	39.2653923035
6.40972222222	20	66.2221298218
7.39583333333	20	71.8722991943
8.38194444444	20	89.2225570679
9.36805555556	20	207.607727051
10.3541666667	20	194.082489014
11.3402777778	20	124.762237549
12.3263888889	20	197.218521118
13.3125	20	170.259277344
14.2986111111	20	120.69140625
15.2847222222	20	113.399291992
16.2708333333	20	75.815864563
17.2569444444	20	42.7504730225
18.2430555556	20	41.1699752808
19.2291666667	20	21.9677219391
20.2152777778	20	12.8210849762
21.2013888889	20	6.51571655273
22.1875	20	3.87491869926
23.1736111111	20	13.8905410767
24.1597222222	20	12.8676156998
25.1458333333	20	7.8121175766
26.1319444444	20	7.55510091782
27.1180555556	20	11.7417497635
28.1041666667	20	6.13586091995
29.0902777778	20	4.96240520477
30.0763888889	20	5.48402309418
31.0625	20	8.4369764328
32.0486111111	20	13.3571138382
33.0347222222	20	14.3886442184
34.0208333333	20	14.665055275
35.0069444444	20	18.2228908539
35.9930555556	20	21.1547813416
36.9791666667	20	29.3939876556
37.9652777778	20	32.8024215698
38.9513888889	20	63.9026489258
39.9375	20	48.1865997314
40.9236111111	20	59.0395698547
41.9097222222	20	76.3804244995
42.8958333333	20	46.2988471985
43.8819444444	20	62.0382995605
44.8680555556	20	49.389125824
45.8541666667	20	47.619430542
46.8402777778	20	28.4432849884
47.8263888889	20	21.9438247681
48.8125	20	19.3379745483
49.7986111111	20	19.4307422638
50.7847222222	20	15.6004009247
51.7708333333	20	21.0853462219
52.7569444444	20	22.1834220886
53.7430555556	20	17.6563243866
54.7291666667	20	17.2601203918
55.7152777778	20	16.124961853
56.7013888889	20	20.5880870819
57.6875	20	28.3695068359
58.6736111111	20	32.6676635742
59.6597222222	20	38.6486663818
60.6458333333	20	30.9093723297
61.6319444444	20	21.4166507721
62.6180555556	20	21.1720676422
63.6041666667	20	12.526427269
64.5902777778	20	11.8773088455
65.5763888889	20	9.42561435699
66.5625	20	6.18621826172
67.5486111111	20	4.94396686554
68.5347222222	20	5.50215959549
69.5208333333	20	10.2163124084
70.5069444444	20	14.4538068771
0.493055555556	19	21.482465744
1.47916666667	19	18.6702289581
2.46527777778	19	9.28553104401
3.45138888889	19	12.3203544617
4.4375	19	20.8534393311
5.42361111111	19	23.2278137207
6.40972222222	19	30.3359603882
7.39583333333	19	36.0194206238
8.38194444444	19	54.0523071289
9.36805555556	19	113.383560181
10.3541666667	19	243.940292358
11.3402777778	19	706.572143555
12.3263888889	19	412.775726318
13.3125	19	264.625335693
14.2986111111	19	113.621810913
15.2847222222	19	176.23449707
16.2708333333	19	148.816940308
17.2569444444	19	72.6175231934
18.2430555556	19	37.2316513062
19.2291666667	19	29.7359104156
20.2152777778	19	24.6954517365
21.2013888889	19	8.87772750854
22.1875	19	4.13604259491
23.1736111111	19	5.68013620377
24.1597222222	19	6.5939655304
25.1458333333	19	2.83997631073
26.1319444444	19	2.18959164619
27.1180555556	19	3.94168949127
28.1041666667	19	7.13369655609
29.0902777778	19	3.40064525604
30.0763888889	19	3.84650611877
31.0625	19	5.32511234283
32.0486111111	19	7.64235162735
33.0347222222	19	7.0329003334
34.0208333333	19	9.03541660309
35.0069444444	19	13.0539827347
35.9930555556	19	13.930973053
36.9791666667	19	17.1451053619
37.9652777778	19	20.6759395599
38.9513888889	19	26.3060798645
39.9375	19	29.9071559906
40.9236111111	19	36.8545455933
41.9097222222	19	39.2700424194
42.8958333333	19	43.6863288879
43.8819444444	19	52.3661613464
44.8680555556	19	51.6611213684
45.8541666667	19	38.4541435242
46.8402777778	19	23.4572849274
47.8263888889	19	26.5323982239
48.8125	19	36.8327865601
49.7986111111	19	33.0546951294
50.7847222222	19	40.6791725159
51.7708333333	19	62.6780509949
52.7569444444	19	57.3846969604
53.7430555556	19	37.9124603271
54.7291666667	19	18.1310348511
55.7152777778	19	13.3612270355
56.7013888889	19	13.8896923065
57.6875	19	18.568529129
58.6736111111	19	25.7868175507
59.6597222222	19	25.5133495331
60.6458333333	19	24.7974357605
61.6319444444	19	21.5418777466
62.6180555556	19	19.1878890991
63.6041666667	19	20.4490852356
64.5902777778	19	28.4170284271
65.5763888889	19	13.2899541855
66.5625	19	9.35090827942
67.5486111111	19	5.37121582031
68.5347222222	19	7.12143993378
69.5208333333	19	8.39517593384
70.5069444444	19	12.6876010895
0.493055555556	18	26.0010757446
1.47916666667	18	20.5413532257
2.46527777778	18	10.6685085297
3.45138888889	18	8.56160640717
4.4375	18	12.5961055756
5.42361111111	18	15.4536361694
6.40972222222	18	18.651966095
7.39583333333	18	31.0858955383
8.38194444444	18	49.1018486023
9.36805555556	18	99.6759490967
10.3541666667	18	177.168930054
11.3402777778	18	456.658569336
12.3263888889	18	541.096984863
13.3125	18	415.782623291
14.2986111111	18	477.11819458
15.2847222222	18	209.122375488
16.2708333333	18	113.543563843
17.2569444444	18	53.6411705017
18.2430555556	18	28.5984268188
19.2291666667	18	21.07903862
20.2152777778	18	15.4989690781
21.2013888889	18	17.8667964935
22.1875	18	42.6992912292
23.1736111111	18	53.3405456543
24.1597222222	18	33.9299621582
25.1458333333	18	9.66193675995
26.1319444444	18	3.41886615753
27.1180555556	18	6.28675699234
28.1041666667	18	4.90669155121
29.0902777778	18	2.16901779175
30.0763888889	18	1.80933701992
31.0625	18	4.56793832779
32.0486111111	18	6.18589782715
33.0347222222	18	5.5877790451
34.0208333333	18	7.47541856766
35.0069444444	18	9.54207611084
35.9930555556	18	11.446480751
36.9791666667	18	13.0774440765
37.9652777778	18	16.2897014618
38.9513888889	18	17.8692646027
39.9375	18	19.7543029785
40.9236111111	18	23.4663772583
41.9097222222	18	24.7748889923
42.8958333333	18	21.8806476593
43.8819444444	18	22.6781005859
44.8680555556	18	20.7328548431
45.8541666667	18	13.1463918686
46.8402777778	18	21.4973735809
47.8263888889	18	22.8501987457
48.8125	18	29.5141162872
49.7986111111	18	40.7718200684
50.7847222222	18	39.13073349
51.7708333333	18	53.5859413147
52.7569444444	18	51.279384613
53.7430555556	18	38.8903694153
54.7291666667	18	28.7134056091
55.7152777778	18	19.3103427887
56.7013888889	18	18.9308834076
57.6875	18	21.7812423706
58.6736111111	18	22.5353755951
59.6597222222	18	27.4497337341
60.6458333333	18	28.0044460297
61.6319444444	18	20.22315979
62.6180555556	18	19.6276283264
63.6041666667	18	17.9667816162
64.5902777778	18	16.0395526886
65.5763888889	18	15.2240600586
66.5625	18	10.132183075
67.5486111111	18	7.69382333755
68.5347222222	18	6.84473609924
69.5208333333	18	11.050945282
70.5069444444	18	18.0643787384
0.493055555556	17	19.7202339172
1.47916666667	17	27.2569732666
2.46527777778	17	25.4682273865
3.45138888889	17	15.7600975037
4.4375	17	15.5033016205
5.42361111111	17	12.802936554
6.40972222222	17	18.5548534393
7.39583333333	17	34.1843261719
8.38194444444	17	54.5100440979
9.36805555556	17	89.2052459717
10.3541666667	17	138.280197144
11.3402777778	17	249.51953125
12.3263888889	17	350.715484619
13.3125	17	311.865600586
14.2986111111	17	267.558837891
15.2847222222	17	258.965759277
16.2708333333	17	70.0234222412
17.2569444444	17	53.5173683167
18.2430555556	17	30.4316539764
19.2291666667	17	21.2498779297
20.2152777778	17	22.8678455353
21.2013888889	17	32.7633705139
22.1875	17	41.2060966492
23.1736111111	17	41.4126586914
24.1597222222	17	25.9073257446
25.1458333333	17	8.00019454956
26.1319444444	17	8.31014251709
27.1180555556	17	10.6270332336
28.1041666667	17	10.0610313416
29.0902777778	17	5.97813463211
30.0763888889	17	4.57268381119
31.0625	17	5.63336753845
32.0486111111	17	7.89862775803
33.0347222222	17	6.77311229706
34.0208333333	17	12.2236251831
35.0069444444	17	15.4923000336
35.9930555556	17	16.760187149
36.9791666667	17	15.5430278778
37.9652777778	17	21.2991161346
38.9513888889	17	23.4297657013
39.9375	17	24.3286952972
40.9236111111	17	22.2540798187
41.9097222222	17	30.5120506287
42.8958333333	17	32.4558105469
43.8819444444	17	18.5240592957
44.8680555556	17	17.3997993469
45.8541666667	17	14.1917543411
46.8402777778	17	13.2285289764
47.8263888889	17	12.0845527649
48.8125	17	17.1447868347
49.7986111111	17	20.8568439484
50.7847222222	17	29.7663116455
51.7708333333	17	34.4617080688
52.7569444444	17	35.6292991638
53.7430555556	17	55.3226966858
54.7291666667	17	27.4513244629
55.7152777778	17	26.2257289886
56.7013888889	17	36.3718643188
57.6875	17	27.3928394318
58.6736111111	17	27.7885017395
59.6597222222	17	31.3991031647
60.6458333333	17	27.8248119354
61.6319444444	17	38.5032920837
62.6180555556	17	36.0156936646
63.6041666667	17	24.8268871307
64.5902777778	17	15.9437532425
65.5763888889	17	12.8124418259
66.5625	17	12.662361145
67.5486111111	17	13.4644632339
68.5347222222	17	16.0166988373
69.5208333333	17	18.8456172943
70.5069444444	17	15.6002607346
0.493055555556	16	19.6007003784
1.47916666667	16	32.3629150391
2.46527777778	16	39.7416152954
3.45138888889	16	42.5689888
4.4375	16	35.8427963257
5.42361111111	16	28.4840240479
6.40972222222	16	28.4495544434
7.39583333333	16	40.0812263489
8.38194444444	16	52.2828712463
9.36805555556	16	71.7120819092
10.3541666667	16	85.5583343506
11.3402777778	16	114.136291504
12.3263888889	16	138.245330811
13.3125	16	146.994293213
14.2986111111	16	113.54108429
15.2847222222	16	321.722381592
16.2708333333	16	53.6660270691
17.2569444444	16	44.679901123
18.2430555556	16	28.3016338348
19.2291666667	16	27.9511356354
20.2152777778	16	24.7168807983
21.2013888889	16	40.2812767029
22.1875	16	32.4218292236
23.1736111111	16	32.8412666321
24.1597222222	16	23.2248363495
25.1458333333	16	7.77826023102
26.1319444444	16	9.42519664764
27.1180555556	16	11.5765514374
28.1041666667	16	10.42374897
29.0902777778	16	4.55176115036
30.0763888889	16	7.56910085678
31.0625	16	7.14845895767
32.0486111111	16	7.85307168961
33.0347222222	16	12.0629825592
34.0208333333	16	18.2880325317
35.0069444444	16	23.7719955444
35.9930555556	16	24.138463974
36.9791666667	16	26.0514240265
37.9652777778	16	26.6432819366
38.9513888889	16	27.9927539825
39.9375	16	23.0543193817
40.9236111111	16	19.4555034637
41.9097222222	16	22.5649662018
42.8958333333	16	30.3754062653
43.8819444444	16	19.078546524
44.8680555556	16	17.8539543152
45.8541666667	16	18.5262985229
46.8402777778	16	10.0492486954
47.8263888889	16	11.8145370483
48.8125	16	25.5822257996
49.7986111111	16	19.215177536
50.7847222222	16	22.4640464783
51.7708333333	16	26.5124397278
52.7569444444	16	20.3252372742
53.7430555556	16	26.5039844513
54.7291666667	16	24.4845962524
55.7152777778	16	27.129732132
56.7013888889	16	31.3624477386
57.6875	16	30.0231666565
58.6736111111	16	27.6298904419
59.6597222222	16	31.3901023865
60.6458333333	16	49.8953018188
61.6319444444	16	42.5841445923
62.6180555556	16	46.4310874939
63.6041666667	16	25.0932922363
64.5902777778	16	14.7296562195
65.5763888889	16	15.8309841156
66.5625	16	15.7847547531
67.5486111111	16	21.1673183441
68.5347222222	16	28.8873901367
69.5208333333	16	21.7448272705
70.5069444444	16	12.3593635559
0.493055555556	15	19.4941005707
1.47916666667	15	28.2072906494
2.46527777778	15	46.6852340698
3.45138888889	15	46.5230102539
4.4375	15	37.3253326416
5.42361111111	15	26.8440303802
6.40972222222	15	29.4076652527
7.39583333333	15	34.230430603
8.38194444444	15	42.4168624878
9.36805555556	15	49.8969841003
10.3541666667	15	53.0133552551
11.3402777778	15	65.7391052246
12.3263888889	15	77.1258773804
13.3125	15	78.217300415
14.2986111111	15	94.5703659058
15.2847222222	15	488.772125244
16.2708333333	15	61.8186607361
17.2569444444	15	42.7839317322
18.2430555556	15	32.3328895569
19.2291666667	15	34.7006568909
20.2152777778	15	73.3651504517
21.2013888889	15	78.1386566162
22.1875	15	66.1060333252
23.1736111111	15	26.3333244324
24.1597222222	15	12.063375473
25.1458333333	15	9.34799480438
26.1319444444	15	10.9391803741
27.1180555556	15	11.6446962357
28.1041666667	15	9.09290122986
29.0902777778	15	12.793299675
30.0763888889	15	12.4570541382
31.0625	15	12.7816810608
32.0486111111	15	13.2003917694
33.0347222222	15	16.230846405
34.0208333333	15	27.9101791382
35.0069444444	15	28.4762477875
35.9930555556	15	25.8573093414
36.9791666667	15	21.4598941803
37.9652777778	15	23.4723911285
38.9513888889	15	28.7704257965
39.9375	15	23.3533706665
40.9236111111	15	24.2458229065
41.9097222222	15	21.4287109375
42.8958333333	15	24.1828155518
43.8819444444	15	22.1294689178
44.8680555556	15	24.2494831085
45.8541666667	15	19.9107208252
46.8402777778	15	6.50477457047
47.8263888889	15	5.22885036469
48.8125	15	9.42456245422
49.7986111111	15	8.3856420517
50.7847222222	15	14.4177894592
51.7708333333	15	14.7530584335
52.7569444444	15	13.1704015732
53.7430555556	15	15.3725728989
54.7291666667	15	11.7139291763
55.7152777778	15	16.2221183777
56.7013888889	15	28.8758029938
57.6875	15	32.3236465454
58.6736111111	15	24.715133667
59.6597222222	15	25.0299053192
60.6458333333	15	27.3850402832
61.6319444444	15	42.8086853027
62.6180555556	15	40.7653999329
63.6041666667	15	16.2503013611
64.5902777778	15	16.5820827484
65.5763888889	15	14.5584974289
66.5625	15	14.9873466492
67.5486111111	15	21.2763748169
68.5347222222	15	22.7682685852
69.5208333333	15	25.0718231201
70.5069444444	15	16.0838279724
0.493055555556	14	14.1179075241
1.47916666667	14	31.6286411285
2.46527777778	14	42.8216896057
3.45138888889	14	68.6133804321
4.4375	14	52.6914405823
5.42361111111	14	20.9977836609
6.40972222222	14	27.5192470551
7.39583333333	14	31.4876327515
8.38194444444	14	39.8993415833
9.36805555556	14	42.1170806885
10.3541666667	14	47.7081985474
11.3402777778	14	60.908203125
12.3263888889	14	68.046295166
13.3125	14	61.6376419067
14.2986111111	14	71.4578094482
15.2847222222	14	238.549560547
16.2708333333	14	95.9992980957
17.2569444444	14	47.9976654053
18.2430555556	14	69.1382904053
19.2291666667	14	56.0480194092
20.2152777778	14	155.308105469
21.2013888889	14	55.9340057373
22.1875	14	30.2640571594
23.1736111111	14	37.6923866272
24.1597222222	14	25.5193195343
25.1458333333	14	17.0539722443
26.1319444444	14	17.9661483765
27.1180555556	14	19.4222698212
28.1041666667	14	14.835603714
29.0902777778	14	18.6451339722
30.0763888889	14	15.6455192566
31.0625	14	15.4867296219
32.0486111111	14	22.7364253998
33.0347222222	14	24.1497993469
34.0208333333	14	33.6318054199
35.0069444444	14	25.9445991516
35.9930555556	14	24.9370727539
36.9791666667	14	21.9779434204
37.9652777778	14	22.6149330139
38.9513888889	14	24.5114574432
39.9375	14	39.9846343994
40.9236111111	14	36.99842453
41.9097222222	14	24.40350914
42.8958333333	14	21.0176029205
43.8819444444	14	29.283411026
44.8680555556	14	13.0784215927
45.8541666667	14	2.48569130898
46.8402777778	14	2.70611071587
47.8263888889	14	5.13010501862
48.8125	14	7.14814329147
49.7986111111	14	5.82596540451
50.7847222222	14	5.77170324326
51.7708333333	14	9.03193855286
52.7569444444	14	12.2891874313
53.7430555556	14	7.89931869507
54.7291666667	14	5.10869121552
55.7152777778	14	15.275809288
56.7013888889	14	33.3931312561
57.6875	14	29.4086074829
58.6736111111	14	18.0814914703
59.6597222222	14	23.0279407501
60.6458333333	14	31.9199619293
61.6319444444	14	28.3291606903
62.6180555556	14	25.6321773529
63.6041666667	14	21.3900413513
64.5902777778	14	22.4115829468
65.5763888889	14	24.1062412262
66.5625	14	22.9736003876
67.5486111111	14	21.7230854034
68.5347222222	14	26.478635788
69.5208333333	14	16.2487239838
70.5069444444	14	20.3172988892
0.493055555556	13	20.872303009
1.47916666667	13	20.7281913757
2.46527777778	13	21.361038208
3.45138888889	13	49.849773407
4.4375	13	35.8667144775
5.42361111111	13	30.9673290253
6.40972222222	13	25.6126461029
7.39583333333	13	28.0168685913
8.38194444444	13	30.6204338074
9.36805555556	13	25.4261894226
10.3541666667	13	38.2289466858
11.3402777778	13	36.1047668457
12.3263888889	13	52.3002967834
13.3125	13	42.2784538269
14.2986111111	13	28.6902923584
15.2847222222	13	72.9583358765
16.2708333333	13	129.001800537
17.2569444444	13	128.994186401
18.2430555556	13	121.90171814
19.2291666667	13	141.808242798
20.2152777778	13	70.1376953125
21.2013888889	13	45.5764579773
22.1875	13	38.0498657227
23.1736111111	13	34.0284004211
24.1597222222	13	31.709821701
25.1458333333	13	30.9674167633
26.1319444444	13	21.194694519
27.1180555556	13	12.1069803238
28.1041666667	13	10.7492351532
29.0902777778	13	12.8324508667
30.0763888889	13	16.043138504
31.0625	13	18.2466125488
32.0486111111	13	19.4551200867
33.0347222222	13	20.9327774048
34.0208333333	13	24.1192207336
35.0069444444	13	20.2097148895
35.9930555556	13	17.1427307129
36.9791666667	13	24.3425922394
37.9652777778	13	25.5415153503
38.9513888889	13	19.8227005005
39.9375	13	30.898109436
40.9236111111	13	30.1834392548
41.9097222222	13	20.2412605286
42.8958333333	13	23.6848621368
43.8819444444	13	11.1644306183
44.8680555556	13	1.33814024925
45.8541666667	13	0.692985296249
46.8402777778	13	4.25870418549
47.8263888889	13	6.2259759903
48.8125	13	6.17855548859
49.7986111111	13	6.51703548431
50.7847222222	13	5.65403985977
51.7708333333	13	5.04146623611
52.7569444444	13	5.05940771103
53.7430555556	13	4.71131896973
54.7291666667	13	7.99930238724
55.7152777778	13	23.3816413879
56.7013888889	13	31.4887313843
57.6875	13	19.9760684967
58.6736111111	13	16.8501300812
59.6597222222	13	15.6829013824
60.6458333333	13	18.9726276398
61.6319444444	13	19.8957443237
62.6180555556	13	23.0065555573
63.6041666667	13	31.2736434937
64.5902777778	13	27.9053611755
65.5763888889	13	21.9820213318
66.5625	13	23.2578411102
67.5486111111	13	23.5182723999
68.5347222222	13	25.9003429413
69.5208333333	13	25.3824825287
70.5069444444	13	14.9698524475
0.493055555556	12	27.3447933197
1.47916666667	12	19.4126663208
2.46527777778	12	30.4127826691
3.45138888889	12	21.8268642426
4.4375	12	12.3540754318
5.42361111111	12	45.7483978271
6.40972222222	12	40.8429069519
7.39583333333	12	41.6641845703
8.38194444444	12	41.9641571045
9.36805555556	12	36.566696167
10.3541666667	12	38.3129997253
11.3402777778	12	34.5060691833
12.3263888889	12	35.5271911621
13.3125	12	34.8253135681
14.2986111111	12	25.3522834778
15.2847222222	12	24.6327953339
16.2708333333	12	76.228012085
17.2569444444	12	184.083389282
18.2430555556	12	55.3433609009
19.2291666667	12	59.3254508972
20.2152777778	12	56.4761047363
21.2013888889	12	69.7811126709
22.1875	12	51.6489295959
23.1736111111	12	27.0347633362
24.1597222222	12	38.4998130798
25.1458333333	12	21.2028522491
26.1319444444	12	11.9325017929
27.1180555556	12	7.55420732498
28.1041666667	12	9.6344203949
29.0902777778	12	11.214138031
30.0763888889	12	17.0637493134
31.0625	12	14.1593093872
32.0486111111	12	13.3869342804
33.0347222222	12	26.304271698
34.0208333333	12	25.7591209412
35.0069444444	12	21.7559680939
35.9930555556	12	26.5771007538
36.9791666667	12	26.8164024353
37.9652777778	12	26.2495098114
38.9513888889	12	21.3733520508
39.9375	12	34.5359916687
40.9236111111	12	34.9673690796
41.9097222222	12	22.2033138275
42.8958333333	12	21.3383083344
43.8819444444	12	7.7259144783
44.8680555556	12	1.48998618126
45.8541666667	12	0.864443659782
46.8402777778	12	1.1858600378
47.8263888889	12	4.21898889542
48.8125	12	6.06009626389
49.7986111111	12	7.7664732933
50.7847222222	12	5.28220319748
51.7708333333	12	3.89603734016
52.7569444444	12	3.67918753624
53.7430555556	12	2.3820245266
54.7291666667	12	5.76284074783
55.7152777778	12	13.2122659683
56.7013888889	12	20.9421653748
57.6875	12	22.5799999237
58.6736111111	12	20.6816234589
59.6597222222	12	16.1674690247
60.6458333333	12	26.0125179291
61.6319444444	12	28.658575058
62.6180555556	12	32.1396903992
63.6041666667	12	38.8960342407
64.5902777778	12	14.5310506821
65.5763888889	12	16.9279098511
66.5625	12	27.2454814911
67.5486111111	12	40.2821655273
68.5347222222	12	39.6424407959
69.5208333333	12	35.1468658447
70.5069444444	12	26.7573280334
0.493055555556	11	41.5696525574
1.47916666667	11	42.0931777954
2.46527777778	11	28.8852710724
3.45138888889	11	33.9354858398
4.4375	11	46.403465271
5.42361111111	11	45.3698730469
6.40972222222	11	52.358127594
7.39583333333	11	45.7429656982
8.38194444444	11	38.8836402893
9.36805555556	11	31.8900279999
10.3541666667	11	31.9517688751
11.3402777778	11	28.945892334
12.3263888889	11	29.8092823029
13.3125	11	38.7715072632
14.2986111111	11	41.6397399902
15.2847222222	11	29.2910747528
16.2708333333	11	37.1037979126
17.2569444444	11	35.414390564
18.2430555556	11	33.3811721802
19.2291666667	11	43.9920005798
20.2152777778	11	47.5381393433
21.2013888889	11	75.2297592163
22.1875	11	39.2225341797
23.1736111111	11	35.3130607605
24.1597222222	11	22.9604091644
25.1458333333	11	17.5191459656
26.1319444444	11	6.25438976288
27.1180555556	11	5.27087116241
28.1041666667	11	6.13699865341
29.0902777778	11	11.7408132553
30.0763888889	11	21.5006923676
31.0625	11	24.3573303223
32.0486111111	11	24.1491584778
33.0347222222	11	31.2844562531
34.0208333333	11	34.70054245
35.0069444444	11	22.7560825348
35.9930555556	11	25.2767353058
36.9791666667	11	24.1185932159
37.9652777778	11	35.1689834595
38.9513888889	11	25.5195026398
39.9375	11	40.6847000122
40.9236111111	11	20.5061798096
41.9097222222	11	23.7233390808
42.8958333333	11	15.3120002747
43.8819444444	11	10.8802442551
44.8680555556	11	6.4702501297
45.8541666667	11	1.59886014462
46.8402777778	11	1.50696659088
47.8263888889	11	2.52921175957
48.8125	11	4.03429460526
49.7986111111	11	5.57542848587
50.7847222222	11	5.90089416504
51.7708333333	11	3.95999383926
52.7569444444	11	2.30371713638
53.7430555556	11	1.82718467712
54.7291666667	11	10.9927825928
55.7152777778	11	17.979883194
56.7013888889	11	25.6934700012
57.6875	11	23.3787536621
58.6736111111	11	25.1406459808
59.6597222222	11	29.8275966644
60.6458333333	11	32.3400611877
61.6319444444	11	27.8432655334
62.6180555556	11	52.4420280457
63.6041666667	11	25.9729881287
64.5902777778	11	26.1859970093
65.5763888889	11	25.2247333527
66.5625	11	22.2531929016
67.5486111111	11	23.4142818451
68.5347222222	11	40.3642272949
69.5208333333	11	50.2469558716
70.5069444444	11	42.4487991333
0.493055555556	10	34.9810256958
1.47916666667	10	30.92045784
2.46527777778	10	16.4151058197
3.45138888889	10	31.0224342346
4.4375	10	38.6081809998
5.42361111111	10	31.6514606476
6.40972222222	10	33.334602356
7.39583333333	10	37.4850540161
8.38194444444	10	35.96534729
9.36805555556	10	72.8598709106
10.3541666667	10	39.9676742554
11.3402777778	10	29.0113105774
12.3263888889	10	27.8958282471
13.3125	10	44.5012359619
14.2986111111	10	40.7354202271
15.2847222222	10	48.8453941345
16.2708333333	10	83.6860122681
17.2569444444	10	31.1555156708
18.2430555556	10	28.4440040588
19.2291666667	10	23.7996520996
20.2152777778	10	40.508266449
21.2013888889	10	56.8228034973
22.1875	10	12.1226224899
23.1736111111	10	37.3733978271
24.1597222222	10	18.1698932648
25.1458333333	10	7.66539478302
26.1319444444	10	8.06856155396
27.1180555556	10	8.31316757202
28.1041666667	10	6.80651807785
29.0902777778	10	9.54574966431
30.0763888889	10	18.4979362488
31.0625	10	21.1551322937
32.0486111111	10	14.8225288391
33.0347222222	10	26.3757972717
34.0208333333	10	27.8511810303
35.0069444444	10	21.4601821899
35.9930555556	10	24.6169776917
36.9791666667	10	22.5821895599
37.9652777778	10	37.2589263916
38.9513888889	10	29.9802722931
39.9375	10	31.861995697
40.9236111111	10	23.1329650879
41.9097222222	10	29.9721431732
42.8958333333	10	19.9335975647
43.8819444444	10	14.193063736
44.8680555556	10	9.40219593048
45.8541666667	10	6.72633934021
46.8402777778	10	5.45286417007
47.8263888889	10	3.17678904533
48.8125	10	1.89925658703
49.7986111111	10	2.17782378197
50.7847222222	10	2.95001840591
51.7708333333	10	2.38791632652
52.7569444444	10	2.92217850685
53.7430555556	10	10.8985996246
54.7291666667	10	19.7756690979
55.7152777778	10	28.9007034302
56.7013888889	10	33.4448509216
57.6875	10	40.6633071899
58.6736111111	10	25.8481788635
59.6597222222	10	20.4693088531
60.6458333333	10	29.8269367218
61.6319444444	10	20.1135787964
62.6180555556	10	27.0581283569
63.6041666667	10	36.2048110962
64.5902777778	10	28.4956874847
65.5763888889	10	29.472530365
66.5625	10	25.9497241974
67.5486111111	10	24.3171768188
68.5347222222	10	44.3687553406
69.5208333333	10	41.8120727539
70.5069444444	10	26.9175281525
0.493055555556	9	24.6106452942
1.47916666667	9	21.5127086639
2.46527777778	9	34.6232070923
3.45138888889	9	28.6398048401
4.4375	9	29.2368164062
5.42361111111	9	37.0985870361
6.40972222222	9	28.8724708557
7.39583333333	9	23.4898681641
8.38194444444	9	41.2227478027
9.36805555556	9	43.2604484558
10.3541666667	9	27.2507896423
11.3402777778	9	32.8952941895
12.3263888889	9	30.8054924011
13.3125	9	24.333190918
14.2986111111	9	24.0959968567
15.2847222222	9	46.1374473572
16.2708333333	9	54.9079170227
17.2569444444	9	38.9407424927
18.2430555556	9	37.1497993469
19.2291666667	9	20.9154644012
20.2152777778	9	27.1693687439
21.2013888889	9	29.8046646118
22.1875	9	39.1581192017
23.1736111111	9	43.2421951294
24.1597222222	9	18.5374088287
25.1458333333	9	18.3066806793
26.1319444444	9	8.20799064636
27.1180555556	9	6.84274196625
28.1041666667	9	6.12176895142
29.0902777778	9	21.5564556122
30.0763888889	9	28.4521465302
31.0625	9	17.8858280182
32.0486111111	9	20.7367572784
33.0347222222	9	20.7444286346
34.0208333333	9	22.0913581848
35.0069444444	9	30.5818881989
35.9930555556	9	33.5272331238
36.9791666667	9	29.3945713043
37.9652777778	9	22.5601291656
38.9513888889	9	27.4851799011
39.9375	9	23.4596881866
40.9236111111	9	44.7334938049
41.9097222222	9	34.1433296204
42.8958333333	9	24.9658374786
43.8819444444	9	20.903793335
44.8680555556	9	23.545173645
45.8541666667	9	20.9852275848
46.8402777778	9	23.9500751495
47.8263888889	9	11.9000988007
48.8125	9	6.89395666122
49.7986111111	9	5.31125164032
50.7847222222	9	5.97095298767
51.7708333333	9	6.48591279984
52.7569444444	9	10.4640817642
53.7430555556	9	10.3082551956
54.7291666667	9	18.4256439209
55.7152777778	9	26.8548736572
56.7013888889	9	30.9337692261
57.6875	9	30.0292797089
58.6736111111	9	30.5362281799
59.6597222222	9	24.4403018951
60.6458333333	9	14.7040987015
61.6319444444	9	28.1011638641
62.6180555556	9	30.7023983002
63.6041666667	9	22.1502494812
64.5902777778	9	31.3771438599
65.5763888889	9	40.2172813416
66.5625	9	31.3188972473
67.5486111111	9	36.6901550293
68.5347222222	9	42.6015472412
69.5208333333	9	35.9484939575
70.5069444444	9	21.3187103271
0.493055555556	8	24.8247814178
1.47916666667	8	23.4653968811
2.46527777778	8	39.2125358582
3.45138888889	8	54.1172447205
4.4375	8	40.2772903442
5.42361111111	8	59.644985199
6.40972222222	8	33.0056686401
7.39583333333	8	37.3150405884
8.38194444444	8	24.3901805878
9.36805555556	8	42.6093025208
10.3541666667	8	38.8548851013
11.3402777778	8	39.7252655029
12.3263888889	8	34.1319847107
13.3125	8	21.8016490936
14.2986111111	8	23.5070571899
15.2847222222	8	50.6728363037
16.2708333333	8	34.3098373413
17.2569444444	8	21.7295455933
18.2430555556	8	39.7740516663
19.2291666667	8	23.1514759064
20.2152777778	8	16.715839386
21.2013888889	8	18.8685131073
22.1875	8	30.4488105774
23.1736111111	8	34.5058097839
24.1597222222	8	34.7982597351
25.1458333333	8	40.907875061
26.1319444444	8	23.2551574707
27.1180555556	8	27.8411865234
28.1041666667	8	20.0891189575
29.0902777778	8	29.5495643616
30.0763888889	8	24.1937065125
31.0625	8	27.5745563507
32.0486111111	8	26.9673538208
33.0347222222	8	37.4808502197
34.0208333333	8	24.2288398743
35.0069444444	8	37.8784484863
35.9930555556	8	24.8293018341
36.9791666667	8	28.9024448395
37.9652777778	8	35.2956008911
38.9513888889	8	28.3447036743
39.9375	8	33.0021018982
40.9236111111	8	33.777130127
41.9097222222	8	26.4906406403
42.8958333333	8	27.4235343933
43.8819444444	8	24.2228851318
44.8680555556	8	28.9598884583
45.8541666667	8	50.1692886353
46.8402777778	8	55.2992591858
47.8263888889	8	73.6720809937
48.8125	8	25.637796402
49.7986111111	8	21.7550048828
50.7847222222	8	15.3348731995
51.7708333333	8	17.0209941864
52.7569444444	8	15.1694965363
53.7430555556	8	19.6523990631
54.7291666667	8	44.2366485596
55.7152777778	8	10.6708230972
56.7013888889	8	32.2151679993
57.6875	8	32.9010009766
58.6736111111	8	43.5637130737
59.6597222222	8	38.6687011719
60.6458333333	8	32.3690414429
61.6319444444	8	20.4984149933
62.6180555556	8	30.1219558716
63.6041666667	8	16.7886619568
64.5902777778	8	22.2184429169
65.5763888889	8	41.1156234741
66.5625	8	35.1733093262
67.5486111111	8	51.0490722656
68.5347222222	8	32.1166915894
69.5208333333	8	41.0193099976
70.5069444444	8	28.3682136536
0.493055555556	7	31.7065601349
1.47916666667	7	43.6525115967
2.46527777778	7	30.0295810699
3.45138888889	7	33.1362342834
4.4375	7	26.5407619476
5.42361111111	7	20.0986042023
6.40972222222	7	24.0090351105
7.39583333333	7	20.0615177155
8.38194444444	7	30.1875839233
9.36805555556	7	40.4955444336
10.3541666667	7	28.755689621
11.3402777778	7	48.991897583
12.3263888889	7	31.256526947
13.3125	7	29.4603729248
14.2986111111	7	38.2430686951
15.2847222222	7	34.9857139587
16.2708333333	7	39.9648704529
17.2569444444	7	32.5284614563
18.2430555556	7	44.0863227844
19.2291666667	7	28.6976623535
20.2152777778	7	29.4918136597
21.2013888889	7	35.6761245728
22.1875	7	28.479763031
23.1736111111	7	22.2484645844
24.1597222222	7	29.3285160065
25.1458333333	7	22.9781494141
26.1319444444	7	25.0622005463
27.1180555556	7	22.3615245819
28.1041666667	7	32.6246490479
29.0902777778	7	15.992934227
30.0763888889	7	23.0570716858
31.0625	7	22.6246776581
32.0486111111	7	40.6785507202
33.0347222222	7	26.4166584015
34.0208333333	7	31.3993034363
35.0069444444	7	26.3956489563
35.9930555556	7	26.1775360107
36.9791666667	7	24.0077934265
37.9652777778	7	25.6131458282
38.9513888889	7	22.893283844
39.9375	7	20.9451904297
40.9236111111	7	21.4513759613
41.9097222222	7	32.3261985779
42.8958333333	7	37.7421264648
43.8819444444	7	36.1698722839
44.8680555556	7	20.190038681
45.8541666667	7	18.6936225891
46.8402777778	7	39.3305168152
47.8263888889	7	32.4303627014
48.8125	7	33.3558273315
49.7986111111	7	23.5378742218
50.7847222222	7	23.5988464355
51.7708333333	7	25.1261024475
52.7569444444	7	23.7057094574
53.7430555556	7	28.0072059631
54.7291666667	7	28.3832759857
55.7152777778	7	32.5835113525
56.7013888889	7	24.3227214813
57.6875	7	36.417224884
58.6736111111	7	48.3519287109
59.6597222222	7	34.7923126221
60.6458333333	7	49.4549102783
61.6319444444	7	18.905374527
62.6180555556	7	15.6404361725
63.6041666667	7	27.0037212372
64.5902777778	7	31.1290664673
65.5763888889	7	50.2420768738
66.5625	7	36.132434845
67.5486111111	7	21.8441619873
68.5347222222	7	23.3753795624
69.5208333333	7	38.0078353882
70.5069444444	7	26.0949363708
0.493055555556	6	35.7671203613
1.47916666667	6	44.4826583862
2.46527777778	6	29.4132823944
3.45138888889	6	17.5742263794
4.4375	6	17.1861476898
5.42361111111	6	17.6345005035
6.40972222222	6	25.4582576752
7.39583333333	6	31.947221756
8.38194444444	6	48.0095939636
9.36805555556	6	45.9988594055
10.3541666667	6	37.2059059143
11.3402777778	6	29.3241119385
12.3263888889	6	49.2848968506
13.3125	6	37.7754859924
14.2986111111	6	36.9787597656
15.2847222222	6	29.2846469879
16.2708333333	6	27.4110813141
17.2569444444	6	25.8923473358
18.2430555556	6	29.2645969391
19.2291666667	6	26.6728992462
20.2152777778	6	31.4456157684
21.2013888889	6	31.0066928864
22.1875	6	26.4832286835
23.1736111111	6	31.362197876
24.1597222222	6	27.5376930237
25.1458333333	6	27.8625240326
26.1319444444	6	15.625992775
27.1180555556	6	22.4174442291
28.1041666667	6	38.9267234802
29.0902777778	6	23.0940189362
30.0763888889	6	23.8505897522
31.0625	6	33.7975502014
32.0486111111	6	38.447177887
33.0347222222	6	25.3646278381
34.0208333333	6	24.8670043945
35.0069444444	6	24.1525707245
35.9930555556	6	24.3097419739
36.9791666667	6	22.8285999298
37.9652777778	6	20.8643550873
38.9513888889	6	21.7777957916
39.9375	6	29.3288326263
40.9236111111	6	40.082447052
41.9097222222	6	26.4474258423
42.8958333333	6	14.6637229919
43.8819444444	6	28.0748176575
44.8680555556	6	35.7334594727
45.8541666667	6	21.800743103
46.8402777778	6	25.8868350983
47.8263888889	6	31.9549808502
48.8125	6	25.9823627472
49.7986111111	6	18.761472702
50.7847222222	6	13.5399580002
51.7708333333	6	34.4791641235
52.7569444444	6	20.8275127411
53.7430555556	6	25.7943897247
54.7291666667	6	37.5074768066
55.7152777778	6	39.720287323
56.7013888889	6	23.4186553955
57.6875	6	36.7191505432
58.6736111111	6	32.8092498779
59.6597222222	6	26.1010894775
60.6458333333	6	23.0491638184
61.6319444444	6	32.7234191895
62.6180555556	6	30.7055931091
63.6041666667	6	24.8698310852
64.5902777778	6	24.8936233521
65.5763888889	6	20.5571060181
66.5625	6	19.7546730042
67.5486111111	6	28.1708869934
68.5347222222	6	32.7752113342
69.5208333333	6	31.9511127472
70.5069444444	6	38.822467804
0.493055555556	5	31.8415298462
1.47916666667	5	28.2048854828
2.46527777778	5	14.9182214737
3.45138888889	5	16.6253261566
4.4375	5	21.8303203583
5.42361111111	5	35.4288368225
6.40972222222	5	60.3989067078
7.39583333333	5	32.3664169312
8.38194444444	5	30.8653793335
9.36805555556	5	33.0923652649
10.3541666667	5	24.6643390656
11.3402777778	5	26.2694416046
12.3263888889	5	35.1439857483
13.3125	5	38.7540130615
14.2986111111	5	37.658405304
15.2847222222	5	31.4940261841
16.2708333333	5	29.4718379974
17.2569444444	5	31.7347373962
18.2430555556	5	22.0481929779
19.2291666667	5	32.4758033752
20.2152777778	5	16.1522121429
21.2013888889	5	25.5583057404
22.1875	5	21.5411128998
23.1736111111	5	21.639333725
24.1597222222	5	26.3678035736
25.1458333333	5	24.3967990875
26.1319444444	5	28.4618320465
27.1180555556	5	31.126335144
28.1041666667	5	38.139087677
29.0902777778	5	26.2755737305
30.0763888889	5	22.1205539703
31.0625	5	41.1000137329
32.0486111111	5	30.2199764252
33.0347222222	5	23.0173816681
34.0208333333	5	32.0411682129
35.0069444444	5	31.3928928375
35.9930555556	5	23.4318084717
36.9791666667	5	25.0174217224
37.9652777778	5	21.9510879517
38.9513888889	5	20.3448791504
39.9375	5	18.7222862244
40.9236111111	5	17.0333747864
41.9097222222	5	38.4502220154
42.8958333333	5	23.5900630951
43.8819444444	5	26.1784534454
44.8680555556	5	25.5103931427
45.8541666667	5	29.8699531555
46.8402777778	5	21.2205810547
47.8263888889	5	17.7165622711
48.8125	5	15.9235067368
49.7986111111	5	23.0644950867
50.7847222222	5	22.5730037689
51.7708333333	5	20.3930664062
52.7569444444	5	19.4563159943
53.7430555556	5	26.8223400116
54.7291666667	5	29.3510799408
55.7152777778	5	28.2116394043
56.7013888889	5	31.722858429
57.6875	5	21.7570419312
58.6736111111	5	21.1106300354
59.6597222222	5	19.9078865051
60.6458333333	5	29.6571140289
61.6319444444	5	13.7741365433
62.6180555556	5	15.4611463547
63.6041666667	5	13.6547365189
64.5902777778	5	18.3497867584
65.5763888889	5	18.7042255402
66.5625	5	33.1883964539
67.5486111111	5	17.7484588623
68.5347222222	5	18.274810791
69.5208333333	5	29.8366298676
70.5069444444	5	31.7836856842
0.493055555556	4	31.5462741852
1.47916666667	4	40.4748344421
2.46527777778	4	39.2109909058
3.45138888889	4	30.9408912659
4.4375	4	17.3105068207
5.42361111111	4	32.0436897278
6.40972222222	4	23.291229248
7.39583333333	4	25.2306041718
8.38194444444	4	35.8731155396
9.36805555556	4	37.7224578857
10.3541666667	4	25.5484218597
11.3402777778	4	25.1497840881
12.3263888889	4	22.6736164093
13.3125	4	36.207069397
14.2986111111	4	34.5626220703
15.2847222222	4	30.185377121
16.2708333333	4	32.9632377625
17.2569444444	4	33.0902404785
18.2430555556	4	35.9189834595
19.2291666667	4	31.743270874
20.2152777778	4	20.719909668
21.2013888889	4	38.4885025024
22.1875	4	28.9977588654
23.1736111111	4	22.9650115967
24.1597222222	4	20.593952179
25.1458333333	4	20.4637374878
26.1319444444	4	21.7762641907
27.1180555556	4	18.3704051971
28.1041666667	4	22.718006134
29.0902777778	4	25.7567062378
30.0763888889	4	32.2657966614
31.0625	4	25.8310718536
32.0486111111	4	27.5586166382
33.0347222222	4	25.5507926941
34.0208333333	4	20.4241905212
35.0069444444	4	22.1406211853
35.9930555556	4	31.7317905426
36.9791666667	4	33.5404586792
37.9652777778	4	24.9842834473
38.9513888889	4	23.7030353546
39.9375	4	24.0799770355
40.9236111111	4	21.6914730072
41.9097222222	4	20.4399261475
42.8958333333	4	21.5992183685
43.8819444444	4	45.3176422119
44.8680555556	4	27.7998561859
45.8541666667	4	30.9876289368
46.8402777778	4	34.6472549438
47.8263888889	4	41.1808853149
48.8125	4	46.9332275391
49.7986111111	4	33.7128143311
50.7847222222	4	38.6588668823
51.7708333333	4	29.0510635376
52.7569444444	4	21.8441371918
53.7430555556	4	22.7849216461
54.7291666667	4	25.4053668976
55.7152777778	4	55.8099441528
56.7013888889	4	28.180267334
57.6875	4	41.6964912415
58.6736111111	4	17.4602088928
59.6597222222	4	34.1168251038
60.6458333333	4	16.129327774
61.6319444444	4	26.9066390991
62.6180555556	4	54.5286865234
63.6041666667	4	74.5018463135
64.5902777778	4	42.0918388367
65.5763888889	4	52.5714797974
66.5625	4	48.2391624451
67.5486111111	4	29.8819694519
68.5347222222	4	33.9044570923
69.5208333333	4	33.7456741333
70.5069444444	4	38.3739204407
0.493055555556	3	37.327922821
1.47916666667	3	52.0966758728
2.46527777778	3	44.8790512085
3.45138888889	3	41.3532752991
4.4375	3	38.154914856
5.42361111111	3	36.1548995972
6.40972222222	3	29.7081508636
7.39583333333	3	28.4000911713
8.38194444444	3	39.1854133606
9.36805555556	3	39.0400047302
10.3541666667	3	25.7233810425
11.3402777778	3	19.8482551575
12.3263888889	3	22.8307266235
13.3125	3	25.1108379364
14.2986111111	3	21.6239871979
15.2847222222	3	24.2383003235
16.2708333333	3	21.7989177704
17.2569444444	3	27.4372158051
18.2430555556	3	34.0002937317
19.2291666667	3	57.6801757812
20.2152777778	3	34.3021430969
21.2013888889	3	32.0507202148
22.1875	3	29.1591644287
23.1736111111	3	26.4904956818
24.1597222222	3	25.9406890869
25.1458333333	3	28.7575912476
26.1319444444	3	21.2265644073
27.1180555556	3	20.9029331207
28.1041666667	3	22.1339797974
29.0902777778	3	22.9942111969
30.0763888889	3	22.1019916534
31.0625	3	23.3044700623
32.0486111111	3	24.3263397217
33.0347222222	3	28.1766090393
34.0208333333	3	23.716129303
35.0069444444	3	25.3041000366
35.9930555556	3	23.9578857422
36.9791666667	3	29.8540325165
37.9652777778	3	70.4060211182
38.9513888889	3	51.6856689453
39.9375	3	17.1611461639
40.9236111111	3	27.8533363342
41.9097222222	3	21.6335868835
42.8958333333	3	19.9848022461
43.8819444444	3	23.8436336517
44.8680555556	3	19.3969020844
45.8541666667	3	23.3109817505
46.8402777778	3	25.4619426727
47.8263888889	3	30.9976844788
48.8125	3	23.9714546204
49.7986111111	3	18.512348175
50.7847222222	3	20.8218364716
51.7708333333	3	16.56291008
52.7569444444	3	17.1085300446
53.7430555556	3	15.4014091492
54.7291666667	3	15.4658041
55.7152777778	3	18.7242069244
56.7013888889	3	18.1909141541
57.6875	3	20.5296134949
58.6736111111	3	26.6892681122
59.6597222222	3	30.3115539551
60.6458333333	3	18.3291702271
61.6319444444	3	27.0161876678
62.6180555556	3	40.0344314575
63.6041666667	3	36.8750953674
64.5902777778	3	38.0137367249
65.5763888889	3	47.4613800049
66.5625	3	47.1185646057
67.5486111111	3	41.5418891907
68.5347222222	3	49.4888191223
69.5208333333	3	54.2089195251
70.5069444444	3	45.4298019409
0.493055555556	2	57.9718360901
1.47916666667	2	60.7223777771
2.46527777778	2	65.150680542
3.45138888889	2	63.5451507568
4.4375	2	62.198097229
5.42361111111	2	47.8170852661
6.40972222222	2	60.1039085388
7.39583333333	2	54.8545265198
8.38194444444	2	52.0673027039
9.36805555556	2	51.1060295105
10.3541666667	2	45.9321136475
11.3402777778	2	47.1892051697
12.3263888889	2	45.1583480835
13.3125	2	40.421169281
14.2986111111	2	38.0234985352
15.2847222222	2	38.6061172485
16.2708333333	2	36.518989563
17.2569444444	2	46.3107376099
18.2430555556	2	57.6384811401
19.2291666667	2	43.8722724915
20.2152777778	2	52.9833106995
21.2013888889	2	33.1726722717
22.1875	2	39.001121521
23.1736111111	2	23.6328849792
24.1597222222	2	31.294052124
25.1458333333	2	32.2978668213
26.1319444444	2	30.3319549561
27.1180555556	2	35.2261695862
28.1041666667	2	29.3285503387
29.0902777778	2	26.6579933167
30.0763888889	2	27.6440372467
31.0625	2	26.2859153748
32.0486111111	2	24.9326763153
33.0347222222	2	27.9023208618
34.0208333333	2	27.4816703796
35.0069444444	2	26.5233039856
35.9930555556	2	28.748342514
36.9791666667	2	26.0202274323
37.9652777778	2	45.6625366211
38.9513888889	2	66.8790740967
39.9375	2	48.777130127
40.9236111111	2	57.0120162964
41.9097222222	2	37.3504524231
42.8958333333	2	30.772228241
43.8819444444	2	40.3424415588
44.8680555556	2	30.5374069214
45.8541666667	2	22.9985847473
46.8402777778	2	25.0146160126
47.8263888889	2	28.5595111847
48.8125	2	33.0126724243
49.7986111111	2	37.1453170776
50.7847222222	2	46.5583229065
51.7708333333	2	38.5978965759
52.7569444444	2	30.0756950378
53.7430555556	2	18.6099395752
54.7291666667	2	19.7053775787
55.7152777778	2	41.1296310425
56.7013888889	2	48.6713027954
57.6875	2	45.9521408081
58.6736111111	2	40.5218276978
59.6597222222	2	36.5360717773
60.6458333333	2	39.4624938965
61.6319444444	2	28.2882537842
62.6180555556	2	21.9194412231
63.6041666667	2	21.5267009735
64.5902777778	2	32.3108177185
65.5763888889	2	37.4053573608
66.5625	2	49.9919929504
67.5486111111	2	44.5376472473
68.5347222222	2	43.8273391724
69.5208333333	2	57.1779785156
70.5069444444	2	63.7045669556
0.493055555556	1	61.6278305054
1.47916666667	1	62.0964660645
2.46527777778	1	62.7177124023
3.45138888889	1	65.0443649292
4.4375	1	65.6319274902
5.42361111111	1	68.2038040161
6.40972222222	1	67.8667678833
7.39583333333	1	68.5936050415
8.38194444444	1	70.3371124268
9.36805555556	1	64.9284896851
10.3541666667	1	69.4217300415
11.3402777778	1	73.3362045288
12.3263888889	1	45.1394882202
13.3125	1	45.2070274353
14.2986111111	1	55.2250785828
15.2847222222	1	60.0471496582
16.2708333333	1	52.1507720947
17.2569444444	1	52.4790153503
18.2430555556	1	53.4822273254
19.2291666667	1	51.2149238586
20.2152777778	1	60.7088813782
21.2013888889	1	64.3942565918
22.1875	1	67.1057891846
23.1736111111	1	63.0726165771
24.1597222222	1	55.8828353882
25.1458333333	1	102.090782166
26.1319444444	1	94.1387863159
27.1180555556	1	66.1231765747
28.1041666667	1	101.631629944
29.0902777778	1	97.4532470703
30.0763888889	1	118.646263123
31.0625	1	94.4362792969
32.0486111111	1	96.7923049927
33.0347222222	1	100.69317627
34.0208333333	1	94.7213897705
35.0069444444	1	109.832626343
35.9930555556	1	107.18497467
36.9791666667	1	120.33808136
37.9652777778	1	138.191970825
38.9513888889	1	112.620574951
39.9375	1	119.120132446
40.9236111111	1	111.510528564
41.9097222222	1	98.5809555054
42.8958333333	1	91.3044967651
43.8819444444	1	95.3016052246
44.8680555556	1	82.0833358765
45.8541666667	1	92.1972045898
46.8402777778	1	98.4784240723
47.8263888889	1	104.538520813
48.8125	1	88.9460983276
49.7986111111	1	88.1471786499
50.7847222222	1	84.5407028198
51.7708333333	1	90.0662612915
52.7569444444	1	133.255813599
53.7430555556	1	98.6607208252
54.7291666667	1	27.1095161438
55.7152777778	1	60.8483848572
56.7013888889	1	59.7171859741
57.6875	1	81.8039474487
58.6736111111	1	88.2034072876
59.6597222222	1	101.567077637
60.6458333333	1	82.6722564697
61.6319444444	1	85.3945617676
62.6180555556	1	71.6363601685
63.6041666667	1	76.1812667847
64.5902777778	1	71.4791641235
65.5763888889	1	52.0042114258
66.5625	1	58.8865127563
67.5486111111	1	59.4128074646
68.5347222222	1	68.4996032715
69.5208333333	1	67.6473999023
70.5069444444	1	54.292804718
0.493055555556	0	24.5300121307
1.47916666667	0	24.5300121307
2.46527777778	0	24.5300121307
3.45138888889	0	24.5300121307
4.4375	0	24.5300121307
5.42361111111	0	24.5300121307
6.40972222222	0	24.5300121307
7.39583333333	0	24.5300121307
8.38194444444	0	24.5300121307
9.36805555556	0	24.5300121307
10.3541666667	0	24.5300121307
11.3402777778	0	24.5300121307
12.3263888889	0	24.5300121307
13.3125	0	24.5300121307
14.2986111111	0	24.5300121307
15.2847222222	0	24.5300121307
16.2708333333	0	24.5300121307
17.2569444444	0	24.5300121307
18.2430555556	0	24.5300121307
19.2291666667	0	24.5300121307
20.2152777778	0	24.5300121307
21.2013888889	0	24.5300121307
22.1875	0	24.5300121307
23.1736111111	0	24.5300121307
24.1597222222	0	24.5300121307
25.1458333333	0	24.5300121307
26.1319444444	0	24.5300121307
27.1180555556	0	24.5300121307
28.1041666667	0	24.5300121307
29.0902777778	0	24.5300121307
30.0763888889	0	24.5300121307
31.0625	0	24.5300121307
32.0486111111	0	24.5300121307
33.0347222222	0	24.5300121307
34.0208333333	0	24.5300121307
35.0069444444	0	24.5300121307
35.9930555556	0	24.5300121307
36.9791666667	0	24.5300121307
37.9652777778	0	24.5300121307
38.9513888889	0	24.5300121307
39.9375	0	24.5300121307
40.9236111111	0	24.5300121307
41.9097222222	0	24.5300121307
42.8958333333	0	24.5300121307
43.8819444444	0	24.5300121307
44.8680555556	0	24.5300121307
45.8541666667	0	24.5300121307
46.8402777778	0	24.5300121307
47.8263888889	0	24.5300121307
48.8125	0	24.5300121307
49.7986111111	0	24.5300121307
50.7847222222	0	24.5300121307
51.7708333333	0	24.5300121307
52.7569444444	0	24.5300121307
53.7430555556	0	24.5300121307
54.7291666667	0	24.5300121307
55.7152777778	0	24.5300121307
56.7013888889	0	24.5300121307
57.6875	0	24.5300121307
58.6736111111	0	24.5300121307
59.6597222222	0	24.5300121307
60.6458333333	0	24.5300121307
61.6319444444	0	24.5300121307
62.6180555556	0	24.5300121307
63.6041666667	0	24.5300121307
64.5902777778	0	24.5300121307
65.5763888889	0	24.5300121307
66.5625	0	24.5300121307
67.5486111111	0	24.5300121307
68.5347222222	0	24.5300121307
69.5208333333	0	24.5300121307
70.5069444444	0	24.5300121307
