0.493055555556	45	4.75193834305
1.47916666667	45	4.75193834305
2.46527777778	45	4.75193834305
3.45138888889	45	4.75193834305
4.4375	45	4.75193834305
5.42361111111	45	4.75193834305
6.40972222222	45	4.75193834305
7.39583333333	45	4.75193834305
8.38194444444	45	4.75193834305
9.36805555556	45	4.75193834305
10.3541666667	45	4.75193834305
11.3402777778	45	4.75193834305
12.3263888889	45	4.75193834305
13.3125	45	4.75193834305
14.2986111111	45	4.75193834305
15.2847222222	45	4.75193834305
16.2708333333	45	4.75193834305
17.2569444444	45	4.75193834305
18.2430555556	45	4.75193834305
19.2291666667	45	4.75193834305
20.2152777778	45	4.75193834305
21.2013888889	45	4.75193834305
22.1875	45	4.75193834305
23.1736111111	45	4.75193834305
24.1597222222	45	4.75193834305
25.1458333333	45	4.75193834305
26.1319444444	45	4.75193834305
27.1180555556	45	4.75193834305
28.1041666667	45	4.75193834305
29.0902777778	45	4.75193834305
30.0763888889	45	4.75193834305
31.0625	45	4.75193834305
32.0486111111	45	4.75193834305
33.0347222222	45	4.75193834305
34.0208333333	45	4.75193834305
35.0069444444	45	4.75193834305
35.9930555556	45	4.75193834305
36.9791666667	45	4.75193834305
37.9652777778	45	4.75193834305
38.9513888889	45	4.75193834305
39.9375	45	4.75193834305
40.9236111111	45	4.75193834305
41.9097222222	45	4.75193834305
42.8958333333	45	4.75193834305
43.8819444444	45	4.75193834305
44.8680555556	45	4.75193834305
45.8541666667	45	4.75193834305
46.8402777778	45	4.75193834305
47.8263888889	45	4.75193834305
48.8125	45	4.75193834305
49.7986111111	45	4.75193834305
50.7847222222	45	4.75193834305
51.7708333333	45	4.75193834305
52.7569444444	45	4.75193834305
53.7430555556	45	4.75193834305
54.7291666667	45	4.75193834305
55.7152777778	45	4.75193834305
56.7013888889	45	4.75193834305
57.6875	45	4.75193834305
58.6736111111	45	4.75193834305
59.6597222222	45	4.75193834305
60.6458333333	45	4.75193834305
61.6319444444	45	4.75193834305
62.6180555556	45	4.75193834305
63.6041666667	45	4.75193834305
64.5902777778	45	4.75193834305
65.5763888889	45	4.75193834305
66.5625	45	4.75193834305
67.5486111111	45	4.75193834305
68.5347222222	45	4.75193834305
69.5208333333	45	4.75193834305
70.5069444444	45	4.75193834305
0.493055555556	44	28.6782531738
1.47916666667	44	31.457151413
2.46527777778	44	27.461894989
3.45138888889	44	30.3981456757
4.4375	44	32.7200660706
5.42361111111	44	29.5893192291
6.40972222222	44	34.3461990356
7.39583333333	44	37.3346138
8.38194444444	44	40.2866287231
9.36805555556	44	38.4480628967
10.3541666667	44	36.9301567078
11.3402777778	44	34.2866821289
12.3263888889	44	44.941028595
13.3125	44	40.6545066833
14.2986111111	44	43.2215919495
15.2847222222	44	40.926322937
16.2708333333	44	44.4535636902
17.2569444444	44	41.0540962219
18.2430555556	44	44.0647583008
19.2291666667	44	38.5789833069
20.2152777778	44	37.0028572083
21.2013888889	44	37.51404953
22.1875	44	35.2918739319
23.1736111111	44	34.8743515015
24.1597222222	44	34.1892814636
25.1458333333	44	34.5200157166
26.1319444444	44	33.7611732483
27.1180555556	44	27.1273498535
28.1041666667	44	24.5928459167
29.0902777778	44	21.8459529877
30.0763888889	44	19.3197040558
31.0625	44	18.2185077667
32.0486111111	44	18.3513698578
33.0347222222	44	23.4452533722
34.0208333333	44	18.6524906158
35.0069444444	44	17.9140872955
35.9930555556	44	14.6642589569
36.9791666667	44	29.488401413
37.9652777778	44	21.7170085907
38.9513888889	44	22.087184906
39.9375	44	23.3395938873
40.9236111111	44	21.9043159485
41.9097222222	44	22.2387332916
42.8958333333	44	23.2424468994
43.8819444444	44	23.5050640106
44.8680555556	44	23.1315193176
45.8541666667	44	22.8157310486
46.8402777778	44	22.4436969757
47.8263888889	44	22.0341072083
48.8125	44	22.7264175415
49.7986111111	44	23.6431827545
50.7847222222	44	24.3757190704
51.7708333333	44	23.4985809326
52.7569444444	44	24.7482852936
53.7430555556	44	25.3477115631
54.7291666667	44	26.337562561
55.7152777778	44	27.1970996857
56.7013888889	44	32.6967773438
57.6875	44	29.2751865387
58.6736111111	44	27.7601242065
59.6597222222	44	31.9418125153
60.6458333333	44	30.3331069946
61.6319444444	44	29.9456634521
62.6180555556	44	26.3963928223
63.6041666667	44	29.8488731384
64.5902777778	44	28.3594608307
65.5763888889	44	24.9315910339
66.5625	44	26.3804569244
67.5486111111	44	30.0335788727
68.5347222222	44	28.5534076691
69.5208333333	44	28.7731266022
70.5069444444	44	26.0589771271
0.493055555556	43	23.7028694153
1.47916666667	43	24.0944480896
2.46527777778	43	24.2972354889
3.45138888889	43	22.1407737732
4.4375	43	21.7274665833
5.42361111111	43	21.2173919678
6.40972222222	43	20.1465606689
7.39583333333	43	19.674993515
8.38194444444	43	18.5886459351
9.36805555556	43	18.2559661865
10.3541666667	43	18.6506767273
11.3402777778	43	19.3580780029
12.3263888889	43	19.0903320312
13.3125	43	18.8088493347
14.2986111111	43	21.1609268188
15.2847222222	43	22.4586009979
16.2708333333	43	20.3305435181
17.2569444444	43	18.2965297699
18.2430555556	43	19.5428123474
19.2291666667	43	15.5770816803
20.2152777778	43	17.4405517578
21.2013888889	43	15.738360405
22.1875	43	19.2814235687
23.1736111111	43	20.9684562683
24.1597222222	43	16.1624660492
25.1458333333	43	14.8903236389
26.1319444444	43	11.9665813446
27.1180555556	43	14.9632072449
28.1041666667	43	16.731842041
29.0902777778	43	17.2587356567
30.0763888889	43	20.9747638702
31.0625	43	23.8462905884
32.0486111111	43	23.8940372467
33.0347222222	43	26.6054649353
34.0208333333	43	26.0122909546
35.0069444444	43	28.3211650848
35.9930555556	43	27.106502533
36.9791666667	43	28.9764785767
37.9652777778	43	26.1349449158
38.9513888889	43	28.612329483
39.9375	43	24.7332553864
40.9236111111	43	24.0230388641
41.9097222222	43	24.8429641724
42.8958333333	43	21.4022121429
43.8819444444	43	20.0251522064
44.8680555556	43	16.489944458
45.8541666667	43	16.5196781158
46.8402777778	43	17.2457122803
47.8263888889	43	17.7072906494
48.8125	43	17.4622917175
49.7986111111	43	16.8835906982
50.7847222222	43	18.7556686401
51.7708333333	43	18.8753414154
52.7569444444	43	18.3713970184
53.7430555556	43	18.1674880981
54.7291666667	43	17.9956951141
55.7152777778	43	16.6024837494
56.7013888889	43	15.5389842987
57.6875	43	14.8350133896
58.6736111111	43	15.3065700531
59.6597222222	43	14.3268585205
60.6458333333	43	15.0603227615
61.6319444444	43	14.3918952942
62.6180555556	43	15.1493186951
63.6041666667	43	16.2926578522
64.5902777778	43	15.2735652924
65.5763888889	43	16.4098320007
66.5625	43	16.8009624481
67.5486111111	43	17.5809497833
68.5347222222	43	19.4539527893
69.5208333333	43	21.9220561981
70.5069444444	43	23.2350196838
0.493055555556	42	16.7758903503
1.47916666667	42	17.5076370239
2.46527777778	42	17.0201034546
3.45138888889	42	17.7598400116
4.4375	42	15.5540523529
5.42361111111	42	16.1695842743
6.40972222222	42	15.7327890396
7.39583333333	42	15.1524934769
8.38194444444	42	15.528670311
9.36805555556	42	13.7741966248
10.3541666667	42	14.7678117752
11.3402777778	42	15.9407758713
12.3263888889	42	13.8946828842
13.3125	42	13.4228096008
14.2986111111	42	12.6573400497
15.2847222222	42	12.6713399887
16.2708333333	42	12.1282024384
17.2569444444	42	12.3934850693
18.2430555556	42	12.4281902313
19.2291666667	42	12.9051380157
20.2152777778	42	12.2434082031
21.2013888889	42	12.8263978958
22.1875	42	12.5709676743
23.1736111111	42	12.7787904739
24.1597222222	42	14.3650255203
25.1458333333	42	14.5051279068
26.1319444444	42	12.8634309769
27.1180555556	42	13.1608972549
28.1041666667	42	14.2088918686
29.0902777778	42	14.2308244705
30.0763888889	42	15.2598266602
31.0625	42	14.4188203812
32.0486111111	42	14.6090097427
33.0347222222	42	14.2431659698
34.0208333333	42	14.3514614105
35.0069444444	42	13.0597686768
35.9930555556	42	13.1703176498
36.9791666667	42	12.8991355896
37.9652777778	42	12.8772096634
38.9513888889	42	13.1939296722
39.9375	42	13.5729169846
40.9236111111	42	12.0763320923
41.9097222222	42	11.2576885223
42.8958333333	42	11.7352085114
43.8819444444	42	11.4457464218
44.8680555556	42	11.8428277969
45.8541666667	42	11.4610443115
46.8402777778	42	12.5899429321
47.8263888889	42	12.281211853
48.8125	42	11.8883619308
49.7986111111	42	12.4985551834
50.7847222222	42	12.1325006485
51.7708333333	42	12.1256637573
52.7569444444	42	13.0885572433
53.7430555556	42	12.6680412292
54.7291666667	42	12.4752216339
55.7152777778	42	13.9855184555
56.7013888889	42	13.8694105148
57.6875	42	14.936665535
58.6736111111	42	14.3936576843
59.6597222222	42	14.858294487
60.6458333333	42	15.1011610031
61.6319444444	42	14.8808326721
62.6180555556	42	14.8851881027
63.6041666667	42	14.8382225037
64.5902777778	42	14.3155612946
65.5763888889	42	14.5396232605
66.5625	42	15.453335762
67.5486111111	42	15.8796329498
68.5347222222	42	16.1151027679
69.5208333333	42	15.5136194229
70.5069444444	42	15.5863952637
0.493055555556	41	15.4973402023
1.47916666667	41	15.3795804977
2.46527777778	41	15.1474466324
3.45138888889	41	14.9471187592
4.4375	41	15.3190507889
5.42361111111	41	14.7197828293
6.40972222222	41	14.7589769363
7.39583333333	41	14.8204231262
8.38194444444	41	15.4846954346
9.36805555556	41	14.383272171
10.3541666667	41	15.590174675
11.3402777778	41	14.156252861
12.3263888889	41	14.0927677155
13.3125	41	14.181851387
14.2986111111	41	14.5073633194
15.2847222222	41	14.5301103592
16.2708333333	41	13.7378616333
17.2569444444	41	13.5410118103
18.2430555556	41	14.0296697617
19.2291666667	41	13.8726158142
20.2152777778	41	12.5396881104
21.2013888889	41	13.3591423035
22.1875	41	14.2476196289
23.1736111111	41	14.0096559525
24.1597222222	41	14.5638122559
25.1458333333	41	14.3278017044
26.1319444444	41	15.1327447891
27.1180555556	41	15.0377864838
28.1041666667	41	15.2567777634
29.0902777778	41	15.7343235016
30.0763888889	41	14.865023613
31.0625	41	14.9636955261
32.0486111111	41	15.4689426422
33.0347222222	41	14.2602357864
34.0208333333	41	13.7819375992
35.0069444444	41	12.4310207367
35.9930555556	41	13.2520694733
36.9791666667	41	13.0703554153
37.9652777778	41	12.878156662
38.9513888889	41	13.3254585266
39.9375	41	12.7512130737
40.9236111111	41	14.3779239655
41.9097222222	41	13.6710281372
42.8958333333	41	12.955532074
43.8819444444	41	13.5589609146
44.8680555556	41	12.8133172989
45.8541666667	41	13.8933973312
46.8402777778	41	15.3610887527
47.8263888889	41	14.4623851776
48.8125	41	15.2955532074
49.7986111111	41	16.1600646973
50.7847222222	41	15.6583366394
51.7708333333	41	15.9183254242
52.7569444444	41	15.8563270569
53.7430555556	41	16.4417610168
54.7291666667	41	16.2042350769
55.7152777778	41	15.2608098984
56.7013888889	41	15.3950395584
57.6875	41	15.4783611298
58.6736111111	41	15.1730031967
59.6597222222	41	15.8271980286
60.6458333333	41	15.6763467789
61.6319444444	41	15.2017879486
62.6180555556	41	15.179898262
63.6041666667	41	15.1026201248
64.5902777778	41	15.677983284
65.5763888889	41	17.0792427063
66.5625	41	16.967250824
67.5486111111	41	16.8559646606
68.5347222222	41	16.7381629944
69.5208333333	41	14.8729438782
70.5069444444	41	16.3377342224
0.493055555556	40	15.5633010864
1.47916666667	40	15.2200746536
2.46527777778	40	15.5182590485
3.45138888889	40	14.54550457
4.4375	40	14.7039451599
5.42361111111	40	13.6536083221
6.40972222222	40	13.707192421
7.39583333333	40	13.2743854523
8.38194444444	40	14.3694028854
9.36805555556	40	14.2647228241
10.3541666667	40	13.7104740143
11.3402777778	40	15.0611352921
12.3263888889	40	13.0897932053
13.3125	40	15.2941350937
14.2986111111	40	15.027469635
15.2847222222	40	14.2241258621
16.2708333333	40	14.3781147003
17.2569444444	40	13.6084442139
18.2430555556	40	13.647228241
19.2291666667	40	13.8281555176
20.2152777778	40	13.7584428787
21.2013888889	40	13.4651489258
22.1875	40	13.6176710129
23.1736111111	40	13.6422538757
24.1597222222	40	14.3432245255
25.1458333333	40	16.2941131592
26.1319444444	40	15.6681375504
27.1180555556	40	15.5720758438
28.1041666667	40	15.0355443954
29.0902777778	40	14.244515419
30.0763888889	40	14.2889232635
31.0625	40	14.4329357147
32.0486111111	40	13.1458892822
33.0347222222	40	13.8588457108
34.0208333333	40	13.9609394073
35.0069444444	40	13.4893732071
35.9930555556	40	12.8709115982
36.9791666667	40	13.4665355682
37.9652777778	40	13.2847557068
38.9513888889	40	13.4030561447
39.9375	40	14.2493753433
40.9236111111	40	13.7619438171
41.9097222222	40	13.6949129105
42.8958333333	40	13.7084856033
43.8819444444	40	14.2766656876
44.8680555556	40	14.4213724136
45.8541666667	40	15.3503484726
46.8402777778	40	15.5927028656
47.8263888889	40	15.5544910431
48.8125	40	16.3849468231
49.7986111111	40	15.7195014954
50.7847222222	40	16.6172294617
51.7708333333	40	15.7382898331
52.7569444444	40	17.114107132
53.7430555556	40	16.4631061554
54.7291666667	40	15.1030464172
55.7152777778	40	16.010969162
56.7013888889	40	15.8015260696
57.6875	40	15.1764211655
58.6736111111	40	15.2551441193
59.6597222222	40	14.658539772
60.6458333333	40	14.1719484329
61.6319444444	40	13.9713497162
62.6180555556	40	13.2112407684
63.6041666667	40	14.9142122269
64.5902777778	40	15.4673986435
65.5763888889	40	14.0271167755
66.5625	40	14.4913635254
67.5486111111	40	15.5624485016
68.5347222222	40	14.8522644043
69.5208333333	40	15.2232265472
70.5069444444	40	15.6030626297
0.493055555556	39	14.6825256348
1.47916666667	39	13.9649934769
2.46527777778	39	13.4494066238
3.45138888889	39	13.1006994247
4.4375	39	13.2265920639
5.42361111111	39	14.2051315308
6.40972222222	39	15.2517719269
7.39583333333	39	14.0621948242
8.38194444444	39	13.7834405899
9.36805555556	39	13.4651317596
10.3541666667	39	14.9137229919
11.3402777778	39	15.0039968491
12.3263888889	39	15.8932085037
13.3125	39	16.3120975494
14.2986111111	39	17.3972244263
15.2847222222	39	19.1880817413
16.2708333333	39	17.8018932343
17.2569444444	39	16.7344474792
18.2430555556	39	16.7200222015
19.2291666667	39	13.5318546295
20.2152777778	39	13.290772438
21.2013888889	39	13.5599775314
22.1875	39	13.910531044
23.1736111111	39	13.9047050476
24.1597222222	39	14.5222911835
25.1458333333	39	13.5847940445
26.1319444444	39	15.2849874496
27.1180555556	39	15.701915741
28.1041666667	39	14.3758716583
29.0902777778	39	13.6005077362
30.0763888889	39	13.0073223114
31.0625	39	13.6615571976
32.0486111111	39	14.2211875916
33.0347222222	39	14.0714969635
34.0208333333	39	12.3353033066
35.0069444444	39	13.5535058975
35.9930555556	39	12.8456678391
36.9791666667	39	13.900305748
37.9652777778	39	14.159362793
38.9513888889	39	15.2901697159
39.9375	39	15.5520734787
40.9236111111	39	14.5907297134
41.9097222222	39	15.2603645325
42.8958333333	39	15.5726537704
43.8819444444	39	15.1598157883
44.8680555556	39	14.4517421722
45.8541666667	39	15.0122489929
46.8402777778	39	15.2877969742
47.8263888889	39	14.3242788315
48.8125	39	16.7470531464
49.7986111111	39	17.5950145721
50.7847222222	39	19.2593193054
51.7708333333	39	17.4737701416
52.7569444444	39	16.7087364197
53.7430555556	39	16.0870761871
54.7291666667	39	15.0960636139
55.7152777778	39	14.298825264
56.7013888889	39	15.2628936768
57.6875	39	14.2691812515
58.6736111111	39	14.1787118912
59.6597222222	39	13.3550186157
60.6458333333	39	12.9813451767
61.6319444444	39	13.5958080292
62.6180555556	39	13.0520992279
63.6041666667	39	13.8441133499
64.5902777778	39	14.2171373367
65.5763888889	39	13.587562561
66.5625	39	13.8302593231
67.5486111111	39	12.6637907028
68.5347222222	39	13.4026107788
69.5208333333	39	14.3489637375
70.5069444444	39	12.8585996628
0.493055555556	38	13.1385498047
1.47916666667	38	14.5378046036
2.46527777778	38	13.4592065811
3.45138888889	38	14.1590299606
4.4375	38	13.9707889557
5.42361111111	38	15.2165699005
6.40972222222	38	16.0176696777
7.39583333333	38	15.9855527878
8.38194444444	38	17.0177402496
9.36805555556	38	18.9503917694
10.3541666667	38	18.0179653168
11.3402777778	38	18.3151397705
12.3263888889	38	17.6341571808
13.3125	38	17.8516159058
14.2986111111	38	18.9887619019
15.2847222222	38	19.3064136505
16.2708333333	38	20.1484241486
17.2569444444	38	19.6326217651
18.2430555556	38	19.5620059967
19.2291666667	38	17.0730781555
20.2152777778	38	17.0116958618
21.2013888889	38	15.866355896
22.1875	38	15.4104833603
23.1736111111	38	16.1737556458
24.1597222222	38	13.3120069504
25.1458333333	38	13.336766243
26.1319444444	38	13.8381509781
27.1180555556	38	15.3036031723
28.1041666667	38	14.591468811
29.0902777778	38	12.9675264359
30.0763888889	38	13.1121273041
31.0625	38	11.9973688126
32.0486111111	38	12.1590242386
33.0347222222	38	12.8203086853
34.0208333333	38	13.3882102966
35.0069444444	38	11.9490194321
35.9930555556	38	13.0564250946
36.9791666667	38	13.7168855667
37.9652777778	38	14.1766414642
38.9513888889	38	13.7669181824
39.9375	38	12.0308790207
40.9236111111	38	12.9326267242
41.9097222222	38	14.0774173737
42.8958333333	38	13.0834779739
43.8819444444	38	13.8043489456
44.8680555556	38	15.1250839233
45.8541666667	38	15.1727275848
46.8402777778	38	15.1788520813
47.8263888889	38	16.4264640808
48.8125	38	18.7077960968
49.7986111111	38	18.4700279236
50.7847222222	38	17.9193782806
51.7708333333	38	16.8195533752
52.7569444444	38	15.7549715042
53.7430555556	38	14.8393249512
54.7291666667	38	15.0696716309
55.7152777778	38	14.2619962692
56.7013888889	38	12.6807756424
57.6875	38	13.2389802933
58.6736111111	38	11.5542497635
59.6597222222	38	12.2106428146
60.6458333333	38	12.6100282669
61.6319444444	38	12.4234075546
62.6180555556	38	13.6545934677
63.6041666667	38	12.9508199692
64.5902777778	38	13.6383838654
65.5763888889	38	14.8323106766
66.5625	38	15.4277238846
67.5486111111	38	14.3829832077
68.5347222222	38	13.2312145233
69.5208333333	38	13.0233516693
70.5069444444	38	12.5903215408
0.493055555556	37	12.8196144104
1.47916666667	37	12.8812446594
2.46527777778	37	13.9167051315
3.45138888889	37	12.9742851257
4.4375	37	13.570145607
5.42361111111	37	14.6756267548
6.40972222222	37	14.8477201462
7.39583333333	37	18.4433250427
8.38194444444	37	18.8820953369
9.36805555556	37	19.4097213745
10.3541666667	37	16.9856681824
11.3402777778	37	17.6432476044
12.3263888889	37	20.1105537415
13.3125	37	18.7207241058
14.2986111111	37	17.3907299042
15.2847222222	37	18.3470516205
16.2708333333	37	21.2675514221
17.2569444444	37	22.3250751495
18.2430555556	37	20.0687961578
19.2291666667	37	21.0584201813
20.2152777778	37	19.7335777283
21.2013888889	37	17.3763275146
22.1875	37	14.1306295395
23.1736111111	37	12.2285499573
24.1597222222	37	13.2765922546
25.1458333333	37	14.3240947723
26.1319444444	37	15.8733453751
27.1180555556	37	14.5244989395
28.1041666667	37	12.7009887695
29.0902777778	37	12.4379873276
30.0763888889	37	13.0603523254
31.0625	37	13.0197658539
32.0486111111	37	12.6128559113
33.0347222222	37	12.7822332382
34.0208333333	37	12.8993024826
35.0069444444	37	14.3687229156
35.9930555556	37	13.5243053436
36.9791666667	37	12.9295911789
37.9652777778	37	14.7852859497
38.9513888889	37	12.5790529251
39.9375	37	13.3704957962
40.9236111111	37	16.0786914825
41.9097222222	37	16.5005016327
42.8958333333	37	15.2047014236
43.8819444444	37	14.6695957184
44.8680555556	37	14.6563110352
45.8541666667	37	13.4759836197
46.8402777778	37	14.6678676605
47.8263888889	37	17.9046268463
48.8125	37	20.2441482544
49.7986111111	37	19.4486198425
50.7847222222	37	16.3579101562
51.7708333333	37	14.6069307327
52.7569444444	37	14.3034172058
53.7430555556	37	13.7059144974
54.7291666667	37	13.5584783554
55.7152777778	37	13.5803470612
56.7013888889	37	13.1210012436
57.6875	37	12.7772006989
58.6736111111	37	12.8316726685
59.6597222222	37	12.7190217972
60.6458333333	37	12.1997623444
61.6319444444	37	11.6039247513
62.6180555556	37	11.0907306671
63.6041666667	37	13.1856212616
64.5902777778	37	14.4321365356
65.5763888889	37	13.9014606476
66.5625	37	13.3767290115
67.5486111111	37	12.2548074722
68.5347222222	37	12.3110322952
69.5208333333	37	11.852142334
70.5069444444	37	11.5548324585
0.493055555556	36	11.0021076202
1.47916666667	36	11.4372520447
2.46527777778	36	12.8150310516
3.45138888889	36	12.0378570557
4.4375	36	13.1294603348
5.42361111111	36	14.850402832
6.40972222222	36	14.3714132309
7.39583333333	36	18.004322052
8.38194444444	36	14.4744405746
9.36805555556	36	11.8790187836
10.3541666667	36	14.5730390549
11.3402777778	36	18.2856998444
12.3263888889	36	17.8508453369
13.3125	36	18.2943401337
14.2986111111	36	18.8001117706
15.2847222222	36	30.6910762787
16.2708333333	36	34.4207763672
17.2569444444	36	27.7096500397
18.2430555556	36	21.1212215424
19.2291666667	36	17.9956054688
20.2152777778	36	17.6980075836
21.2013888889	36	16.5910663605
22.1875	36	15.9851112366
23.1736111111	36	14.9480762482
24.1597222222	36	10.9148759842
25.1458333333	36	12.8152103424
26.1319444444	36	14.1605911255
27.1180555556	36	15.0551795959
28.1041666667	36	11.7275085449
29.0902777778	36	11.6443252563
30.0763888889	36	12.855931282
31.0625	36	12.0951805115
32.0486111111	36	12.0820560455
33.0347222222	36	12.3783845901
34.0208333333	36	12.7894659042
35.0069444444	36	14.2707490921
35.9930555556	36	13.6979923248
36.9791666667	36	13.7941322327
37.9652777778	36	13.5754508972
38.9513888889	36	14.2494955063
39.9375	36	14.076877594
40.9236111111	36	18.1630401611
41.9097222222	36	19.1535358429
42.8958333333	36	16.6409091949
43.8819444444	36	18.1691303253
44.8680555556	36	18.5275745392
45.8541666667	36	15.6218061447
46.8402777778	36	15.3053121567
47.8263888889	36	19.4110507965
48.8125	36	18.9902935028
49.7986111111	36	19.1813087463
50.7847222222	36	19.4693851471
51.7708333333	36	15.3965797424
52.7569444444	36	14.9920520782
53.7430555556	36	15.1889820099
54.7291666667	36	16.3219966888
55.7152777778	36	15.7765789032
56.7013888889	36	11.9880561829
57.6875	36	12.1339273453
58.6736111111	36	12.5721340179
59.6597222222	36	12.3997879028
60.6458333333	36	12.9004554749
61.6319444444	36	12.5618829727
62.6180555556	36	11.2330589294
63.6041666667	36	12.9837007523
64.5902777778	36	12.6931838989
65.5763888889	36	11.6945343018
66.5625	36	11.5099868774
67.5486111111	36	12.7562036514
68.5347222222	36	12.1362724304
69.5208333333	36	11.0844020844
70.5069444444	36	10.3739948273
0.493055555556	35	10.9977893829
1.47916666667	35	11.1694831848
2.46527777778	35	10.9298686981
3.45138888889	35	9.81514263153
4.4375	35	11.2181539536
5.42361111111	35	12.7391080856
6.40972222222	35	14.1459293365
7.39583333333	35	19.3277378082
8.38194444444	35	17.0587463379
9.36805555556	35	18.8406906128
10.3541666667	35	17.0780754089
11.3402777778	35	17.1408958435
12.3263888889	35	16.4378948212
13.3125	35	16.3360519409
14.2986111111	35	18.2689533234
15.2847222222	35	31.9657478333
16.2708333333	35	28.6258449554
17.2569444444	35	33.2229385376
18.2430555556	35	35.030292511
19.2291666667	35	20.9376163483
20.2152777778	35	13.5497846603
21.2013888889	35	17.8444671631
22.1875	35	34.6919326782
23.1736111111	35	28.5410041809
24.1597222222	35	20.8592605591
25.1458333333	35	13.2841749191
26.1319444444	35	13.9247636795
27.1180555556	35	13.1986474991
28.1041666667	35	13.3323230743
29.0902777778	35	12.3601121902
30.0763888889	35	13.4231424332
31.0625	35	12.9069690704
32.0486111111	35	12.2275180817
33.0347222222	35	12.1780052185
34.0208333333	35	12.9097604752
35.0069444444	35	13.6574134827
35.9930555556	35	12.5199832916
36.9791666667	35	11.3706455231
37.9652777778	35	11.5934839249
38.9513888889	35	13.2123184204
39.9375	35	13.7988491058
40.9236111111	35	8.99943065643
41.9097222222	35	19.151222229
42.8958333333	35	17.8126354218
43.8819444444	35	19.9582443237
44.8680555556	35	18.0026817322
45.8541666667	35	18.4403514862
46.8402777778	35	17.998922348
47.8263888889	35	19.5678806305
48.8125	35	19.0080032349
49.7986111111	35	19.5243625641
50.7847222222	35	18.8454971313
51.7708333333	35	17.5734119415
52.7569444444	35	13.8623476028
53.7430555556	35	15.4962663651
54.7291666667	35	14.9535493851
55.7152777778	35	13.3072652817
56.7013888889	35	13.0661878586
57.6875	35	11.4129505157
58.6736111111	35	10.8447685242
59.6597222222	35	11.4327869415
60.6458333333	35	12.0215768814
61.6319444444	35	12.9938488007
62.6180555556	35	11.0704565048
63.6041666667	35	12.4936742783
64.5902777778	35	12.008898735
65.5763888889	35	12.1524295807
66.5625	35	11.8115406036
67.5486111111	35	13.3727588654
68.5347222222	35	12.5976867676
69.5208333333	35	12.0283784866
70.5069444444	35	10.5558652878
0.493055555556	34	10.8741340637
1.47916666667	34	10.8464298248
2.46527777778	34	10.406411171
3.45138888889	34	9.12601280212
4.4375	34	9.58269119263
5.42361111111	34	8.8860206604
6.40972222222	34	9.1809015274
7.39583333333	34	13.1406879425
8.38194444444	34	16.0813179016
9.36805555556	34	14.9101924896
10.3541666667	34	15.1246948242
11.3402777778	34	19.0300388336
12.3263888889	34	24.2293834686
13.3125	34	38.6663322449
14.2986111111	34	64.7173919678
15.2847222222	34	24.9429721832
16.2708333333	34	23.2258796692
17.2569444444	34	23.8168735504
18.2430555556	34	16.5879669189
19.2291666667	34	56.7612342834
20.2152777778	34	62.4797706604
21.2013888889	34	69.8792800903
22.1875	34	43.1284065247
23.1736111111	34	43.8625259399
24.1597222222	34	27.8933162689
25.1458333333	34	19.373292923
26.1319444444	34	12.0033597946
27.1180555556	34	11.8032121658
28.1041666667	34	12.2407131195
29.0902777778	34	12.0195817947
30.0763888889	34	11.7950153351
31.0625	34	11.318821907
32.0486111111	34	11.9577064514
33.0347222222	34	12.1488170624
34.0208333333	34	12.4364414215
35.0069444444	34	11.034825325
35.9930555556	34	10.7082624435
36.9791666667	34	11.9864492416
37.9652777778	34	13.9907493591
38.9513888889	34	13.2074346542
39.9375	34	15.7448568344
40.9236111111	34	16.7829208374
41.9097222222	34	12.5029993057
42.8958333333	34	21.161819458
43.8819444444	34	17.6734619141
44.8680555556	34	19.486000061
45.8541666667	34	25.1183280945
46.8402777778	34	21.3016777039
47.8263888889	34	21.9710636139
48.8125	34	19.169216156
49.7986111111	34	17.2743530273
50.7847222222	34	18.6482753754
51.7708333333	34	16.4219017029
52.7569444444	34	14.4032640457
53.7430555556	34	16.3084259033
54.7291666667	34	13.6285390854
55.7152777778	34	12.1794013977
56.7013888889	34	11.3131895065
57.6875	34	10.759560585
58.6736111111	34	10.0771083832
59.6597222222	34	11.1484394073
60.6458333333	34	10.9820671082
61.6319444444	34	11.4022407532
62.6180555556	34	12.1630353928
63.6041666667	34	13.6681098938
64.5902777778	34	13.3232460022
65.5763888889	34	12.6879253387
66.5625	34	13.2912845612
67.5486111111	34	14.8607530594
68.5347222222	34	13.0099105835
69.5208333333	34	12.2214431763
70.5069444444	34	10.514248848
0.493055555556	33	10.8480596542
1.47916666667	33	8.41312122345
2.46527777778	33	8.38241386414
3.45138888889	33	8.29339694977
4.4375	33	6.82725858688
5.42361111111	33	6.71004343033
6.40972222222	33	8.14683628082
7.39583333333	33	8.70021820068
8.38194444444	33	7.22195482254
9.36805555556	33	8.90384864807
10.3541666667	33	13.6950883865
11.3402777778	33	32.8684997559
12.3263888889	33	169.584350586
13.3125	33	270.490905762
14.2986111111	33	210.824478149
15.2847222222	33	77.813293457
16.2708333333	33	22.7543258667
17.2569444444	33	29.029668808
18.2430555556	33	63.0256958008
19.2291666667	33	67.7196807861
20.2152777778	33	79.7916107178
21.2013888889	33	77.2490921021
22.1875	33	65.0529708862
23.1736111111	33	45.3635482788
24.1597222222	33	37.0782661438
25.1458333333	33	22.8200035095
26.1319444444	33	12.1333618164
27.1180555556	33	12.0370721817
28.1041666667	33	10.9492149353
29.0902777778	33	10.529296875
30.0763888889	33	10.5935268402
31.0625	33	11.0741024017
32.0486111111	33	10.4559497833
33.0347222222	33	10.3282413483
34.0208333333	33	10.6744680405
35.0069444444	33	11.2853956223
35.9930555556	33	10.3166427612
36.9791666667	33	11.4914922714
37.9652777778	33	18.2994117737
38.9513888889	33	16.2434616089
39.9375	33	11.5957517624
40.9236111111	33	16.5078964233
41.9097222222	33	18.1958236694
42.8958333333	33	23.5565109253
43.8819444444	33	17.8516941071
44.8680555556	33	24.0898151398
45.8541666667	33	18.3141460419
46.8402777778	33	18.9036998749
47.8263888889	33	20.3382396698
48.8125	33	20.9036178589
49.7986111111	33	21.5817070007
50.7847222222	33	20.4041576385
51.7708333333	33	20.1041107178
52.7569444444	33	16.4492588043
53.7430555556	33	15.1321897507
54.7291666667	33	15.5155801773
55.7152777778	33	13.1607952118
56.7013888889	33	11.702545166
57.6875	33	11.6574239731
58.6736111111	33	9.97041225433
59.6597222222	33	11.6069698334
60.6458333333	33	10.9975290298
61.6319444444	33	10.7862663269
62.6180555556	33	11.7507066727
63.6041666667	33	12.8612356186
64.5902777778	33	14.1272916794
65.5763888889	33	14.4230012894
66.5625	33	14.3484201431
67.5486111111	33	23.4147491455
68.5347222222	33	13.8310842514
69.5208333333	33	11.3489141464
70.5069444444	33	10.012471199
0.493055555556	32	9.70052623749
1.47916666667	32	9.56193447113
2.46527777778	32	6.92024803162
3.45138888889	32	6.70725345612
4.4375	32	5.30575942993
5.42361111111	32	4.97253513336
6.40972222222	32	5.38412666321
7.39583333333	32	8.31529808044
8.38194444444	32	24.154542923
9.36805555556	32	25.8746604919
10.3541666667	32	20.6620941162
11.3402777778	32	31.0167369843
12.3263888889	32	166.447692871
13.3125	32	374.592834473
14.2986111111	32	219.019439697
15.2847222222	32	129.9921875
16.2708333333	32	34.8567428589
17.2569444444	32	34.8313903809
18.2430555556	32	67.0738372803
19.2291666667	32	43.0614700317
20.2152777778	32	71.267868042
21.2013888889	32	101.225875854
22.1875	32	40.8516616821
23.1736111111	32	38.9616775513
24.1597222222	32	28.3191242218
25.1458333333	32	16.3315200806
26.1319444444	32	12.6031122208
27.1180555556	32	13.5817127228
28.1041666667	32	12.1541290283
29.0902777778	32	11.3708944321
30.0763888889	32	10.5306949615
31.0625	32	9.37853050232
32.0486111111	32	10.1379623413
33.0347222222	32	10.6976232529
34.0208333333	32	10.814201355
35.0069444444	32	11.7166900635
35.9930555556	32	18.4209251404
36.9791666667	32	17.7378082275
37.9652777778	32	19.7686386108
38.9513888889	32	19.6119499207
39.9375	32	16.1838512421
40.9236111111	32	23.337928772
41.9097222222	32	22.0334129333
42.8958333333	32	33.59815979
43.8819444444	32	48.7242774963
44.8680555556	32	64.6711425781
45.8541666667	32	61.8769874573
46.8402777778	32	18.4424476624
47.8263888889	32	25.2326107025
48.8125	32	25.0861949921
49.7986111111	32	22.565946579
50.7847222222	32	24.6092224121
51.7708333333	32	17.3400783539
52.7569444444	32	17.0604228973
53.7430555556	32	14.8932275772
54.7291666667	32	13.5943098068
55.7152777778	32	12.6748476028
56.7013888889	32	11.6737318039
57.6875	32	11.1684703827
58.6736111111	32	10.4537563324
59.6597222222	32	10.4496803284
60.6458333333	32	10.6291913986
61.6319444444	32	10.8892126083
62.6180555556	32	10.4727697372
63.6041666667	32	10.4694299698
64.5902777778	32	12.4446783066
65.5763888889	32	15.2660474777
66.5625	32	15.9661130905
67.5486111111	32	21.2373714447
68.5347222222	32	12.2825908661
69.5208333333	32	11.8226041794
70.5069444444	32	9.85932540894
0.493055555556	31	10.3632249832
1.47916666667	31	8.78569602966
2.46527777778	31	6.82731723785
3.45138888889	31	5.72921323776
4.4375	31	4.6246137619
5.42361111111	31	3.81673526764
6.40972222222	31	2.52181172371
7.39583333333	31	4.33995628357
8.38194444444	31	4.46864700317
9.36805555556	31	5.01482963562
10.3541666667	31	9.26727771759
11.3402777778	31	22.4973773956
12.3263888889	31	52.6080818176
13.3125	31	90.0423736572
14.2986111111	31	80.9214401245
15.2847222222	31	40.0804481506
16.2708333333	31	40.0136642456
17.2569444444	31	43.3424682617
18.2430555556	31	38.9266471863
19.2291666667	31	46.1598930359
20.2152777778	31	33.7083206177
21.2013888889	31	37.9519424438
22.1875	31	26.3881607056
23.1736111111	31	32.9482879639
24.1597222222	31	42.9622535706
25.1458333333	31	16.6531333923
26.1319444444	31	14.9578895569
27.1180555556	31	14.4528751373
28.1041666667	31	12.8355178833
29.0902777778	31	11.1983985901
30.0763888889	31	10.1152553558
31.0625	31	10.6547422409
32.0486111111	31	9.76827430725
33.0347222222	31	11.3823690414
34.0208333333	31	15.2703266144
35.0069444444	31	16.0391426086
35.9930555556	31	21.0206871033
36.9791666667	31	19.5169525146
37.9652777778	31	23.6717529297
38.9513888889	31	22.7473163605
39.9375	31	27.5335464478
40.9236111111	31	25.0375919342
41.9097222222	31	36.5411338806
42.8958333333	31	34.7492980957
43.8819444444	31	48.1112136841
44.8680555556	31	45.1211051941
45.8541666667	31	59.383682251
46.8402777778	31	37.8355407715
47.8263888889	31	22.5450954437
48.8125	31	32.1501235962
49.7986111111	31	30.7229976654
50.7847222222	31	21.9945392609
51.7708333333	31	17.8405513763
52.7569444444	31	17.7575550079
53.7430555556	31	15.2455263138
54.7291666667	31	14.6905231476
55.7152777778	31	13.5386962891
56.7013888889	31	11.6812143326
57.6875	31	11.7019338608
58.6736111111	31	10.4418287277
59.6597222222	31	10.9375143051
60.6458333333	31	12.2946186066
61.6319444444	31	9.64496421814
62.6180555556	31	6.76893091202
63.6041666667	31	7.67834663391
64.5902777778	31	12.4531459808
65.5763888889	31	18.851354599
66.5625	31	22.8403339386
67.5486111111	31	18.629529953
68.5347222222	31	13.9893321991
69.5208333333	31	13.9137630463
70.5069444444	31	10.0248985291
0.493055555556	30	10.9725093842
1.47916666667	30	8.23576450348
2.46527777778	30	6.24924468994
3.45138888889	30	4.85580682755
4.4375	30	2.86658263206
5.42361111111	30	5.10031366348
6.40972222222	30	9.79667186737
7.39583333333	30	8.44262218475
8.38194444444	30	3.21219706535
9.36805555556	30	2.80616760254
10.3541666667	30	16.1562595367
11.3402777778	30	42.978302002
12.3263888889	30	33.9864578247
13.3125	30	54.3222923279
14.2986111111	30	60.6652412415
15.2847222222	30	44.4848403931
16.2708333333	30	41.3405227661
17.2569444444	30	43.7382392883
18.2430555556	30	32.9591140747
19.2291666667	30	50.8731307983
20.2152777778	30	44.1144142151
21.2013888889	30	26.2381381989
22.1875	30	24.594417572
23.1736111111	30	14.7215185165
24.1597222222	30	20.8491706848
25.1458333333	30	17.9711799622
26.1319444444	30	16.3008995056
27.1180555556	30	14.5702495575
28.1041666667	30	15.4151620865
29.0902777778	30	12.9176158905
30.0763888889	30	10.9892063141
31.0625	30	9.83939838409
32.0486111111	30	11.0694904327
33.0347222222	30	13.3156347275
34.0208333333	30	19.2842197418
35.0069444444	30	19.9748210907
35.9930555556	30	18.1802062988
36.9791666667	30	20.8313961029
37.9652777778	30	23.1000938416
38.9513888889	30	28.3659877777
39.9375	30	25.8505840302
40.9236111111	30	24.3423557281
41.9097222222	30	42.0985603333
42.8958333333	30	39.0501976013
43.8819444444	30	43.6300621033
44.8680555556	30	22.3990516663
45.8541666667	30	32.9746131897
46.8402777778	30	52.677520752
47.8263888889	30	50.8292350769
48.8125	30	67.4689865112
49.7986111111	30	40.2590675354
50.7847222222	30	24.4277629852
51.7708333333	30	23.0990867615
52.7569444444	30	18.8773403168
53.7430555556	30	17.4054965973
54.7291666667	30	13.4815378189
55.7152777778	30	12.942029953
56.7013888889	30	12.366194725
57.6875	30	12.1922855377
58.6736111111	30	10.8453416824
59.6597222222	30	11.5848245621
60.6458333333	30	12.1824493408
61.6319444444	30	9.93645572662
62.6180555556	30	7.26512908936
63.6041666667	30	10.9441108704
64.5902777778	30	14.6169137955
65.5763888889	30	23.8507862091
66.5625	30	23.8535575867
67.5486111111	30	15.821557045
68.5347222222	30	16.7243919373
69.5208333333	30	13.9532823563
70.5069444444	30	12.1038579941
0.493055555556	29	9.86803531647
1.47916666667	29	7.91848993301
2.46527777778	29	5.75050258636
3.45138888889	29	3.21276903152
4.4375	29	2.15328764915
5.42361111111	29	5.26039266586
6.40972222222	29	69.2234344482
7.39583333333	29	215.120269775
8.38194444444	29	48.4976730347
9.36805555556	29	21.3441352844
10.3541666667	29	66.493309021
11.3402777778	29	93.3958358765
12.3263888889	29	32.5736923218
13.3125	29	53.6692810059
14.2986111111	29	78.1790542603
15.2847222222	29	39.5381126404
16.2708333333	29	69.796257019
17.2569444444	29	115.183151245
18.2430555556	29	57.2798461914
19.2291666667	29	74.4370574951
20.2152777778	29	73.2740097046
21.2013888889	29	33.281085968
22.1875	29	42.6090621948
23.1736111111	29	16.561624527
24.1597222222	29	26.1036281586
25.1458333333	29	14.2672586441
26.1319444444	29	18.5273075104
27.1180555556	29	14.9170694351
28.1041666667	29	15.3483858109
29.0902777778	29	14.1813764572
30.0763888889	29	12.3426294327
31.0625	29	12.5881509781
32.0486111111	29	17.2593383789
33.0347222222	29	21.1143760681
34.0208333333	29	23.9277076721
35.0069444444	29	24.8388576508
35.9930555556	29	23.1673564911
36.9791666667	29	22.1504974365
37.9652777778	29	21.0040454865
38.9513888889	29	29.912071228
39.9375	29	31.6272106171
40.9236111111	29	32.8431587219
41.9097222222	29	31.6137981415
42.8958333333	29	31.2544345856
43.8819444444	29	33.2052497864
44.8680555556	29	32.5709152222
45.8541666667	29	49.5202293396
46.8402777778	29	65.3604812622
47.8263888889	29	64.5197982788
48.8125	29	70.7172851562
49.7986111111	29	87.3932418823
50.7847222222	29	76.9217300415
51.7708333333	29	46.5955276489
52.7569444444	29	29.3134555817
53.7430555556	29	17.3710460663
54.7291666667	29	17.3337688446
55.7152777778	29	15.6945562363
56.7013888889	29	13.559589386
57.6875	29	13.905664444
58.6736111111	29	12.2762260437
59.6597222222	29	10.5496644974
60.6458333333	29	10.176782608
61.6319444444	29	9.77617549896
62.6180555556	29	8.80093288422
63.6041666667	29	28.1607589722
64.5902777778	29	258.206665039
65.5763888889	29	36.7927246094
66.5625	29	33.6231460571
67.5486111111	29	15.2476110458
68.5347222222	29	21.488576889
69.5208333333	29	15.1876373291
70.5069444444	29	12.8718166351
0.493055555556	28	10.0320596695
1.47916666667	28	8.38013458252
2.46527777778	28	4.49194478989
3.45138888889	28	2.90831708908
4.4375	28	2.58994030952
5.42361111111	28	2.30728244781
6.40972222222	28	58.3157958984
7.39583333333	28	341.663208008
8.38194444444	28	73.143989563
9.36805555556	28	84.6039962769
10.3541666667	28	46.3969802856
11.3402777778	28	86.4798049927
12.3263888889	28	21.3547801971
13.3125	28	57.4349021912
14.2986111111	28	37.7216339111
15.2847222222	28	35.8247451782
16.2708333333	28	98.6943817139
17.2569444444	28	106.545173645
18.2430555556	28	71.4329452515
19.2291666667	28	66.2602767944
20.2152777778	28	46.8375816345
21.2013888889	28	31.8524627686
22.1875	28	42.7113723755
23.1736111111	28	34.0522651672
24.1597222222	28	44.7453422546
25.1458333333	28	23.7411365509
26.1319444444	28	18.6993331909
27.1180555556	28	15.8058128357
28.1041666667	28	14.8911418915
29.0902777778	28	13.7810411453
30.0763888889	28	13.8593921661
31.0625	28	14.5637273788
32.0486111111	28	25.49858284
33.0347222222	28	32.7064819336
34.0208333333	28	26.9437675476
35.0069444444	28	29.2242527008
35.9930555556	28	29.7646198273
36.9791666667	28	29.9085788727
37.9652777778	28	28.7232131958
38.9513888889	28	31.1980438232
39.9375	28	37.8479118347
40.9236111111	28	38.1264305115
41.9097222222	28	35.3930702209
42.8958333333	28	44.6100578308
43.8819444444	28	65.1590118408
44.8680555556	28	63.8459014893
45.8541666667	28	56.3801803589
46.8402777778	28	71.1742401123
47.8263888889	28	52.6171684265
48.8125	28	52.3736991882
49.7986111111	28	65.7239074707
50.7847222222	28	60.5467948914
51.7708333333	28	34.1226806641
52.7569444444	28	24.5234489441
53.7430555556	28	17.0649929047
54.7291666667	28	16.2552547455
55.7152777778	28	15.78013134
56.7013888889	28	17.4659099579
57.6875	28	16.8519802094
58.6736111111	28	13.4544849396
59.6597222222	28	13.3740119934
60.6458333333	28	10.8291988373
61.6319444444	28	6.56102275848
62.6180555556	28	21.7463321686
63.6041666667	28	77.076210022
64.5902777778	28	169.753082275
65.5763888889	28	85.3918075562
66.5625	28	31.2485542297
67.5486111111	28	17.6319217682
68.5347222222	28	23.283531189
69.5208333333	28	19.1495227814
70.5069444444	28	12.4627256393
0.493055555556	27	8.05882167816
1.47916666667	27	9.16775608063
2.46527777778	27	4.82499694824
3.45138888889	27	2.16425943375
4.4375	27	3.83485555649
5.42361111111	27	1.0667566061
6.40972222222	27	4.05603504181
7.39583333333	27	6.21085739136
8.38194444444	27	167.86618042
9.36805555556	27	236.27986145
10.3541666667	27	80.6133499146
11.3402777778	27	53.3813018799
12.3263888889	27	27.9074363708
13.3125	27	80.7461853027
14.2986111111	27	76.175743103
15.2847222222	27	63.3676528931
16.2708333333	27	87.374710083
17.2569444444	27	86.1405944824
18.2430555556	27	58.6859474182
19.2291666667	27	59.4372596741
20.2152777778	27	32.452583313
21.2013888889	27	39.3725852966
22.1875	27	42.0858573914
23.1736111111	27	38.331325531
24.1597222222	27	37.1905937195
25.1458333333	27	25.1863021851
26.1319444444	27	15.4801664352
27.1180555556	27	12.5782909393
28.1041666667	27	12.5442552567
29.0902777778	27	13.1289100647
30.0763888889	27	16.3050270081
31.0625	27	19.5889511108
32.0486111111	27	28.9216461182
33.0347222222	27	24.1815547943
34.0208333333	27	30.7014389038
35.0069444444	27	26.0783653259
35.9930555556	27	27.22397995
36.9791666667	27	35.1599502563
37.9652777778	27	31.336566925
38.9513888889	27	29.696685791
39.9375	27	30.1664295197
40.9236111111	27	38.4363021851
41.9097222222	27	38.172794342
42.8958333333	27	60.202835083
43.8819444444	27	63.3321418762
44.8680555556	27	59.4270172119
45.8541666667	27	64.2469406128
46.8402777778	27	65.6049804688
47.8263888889	27	66.4645080566
48.8125	27	62.1320075989
49.7986111111	27	36.3484420776
50.7847222222	27	18.1962203979
51.7708333333	27	15.1950416565
52.7569444444	27	16.5495147705
53.7430555556	27	15.5847053528
54.7291666667	27	16.1571502686
55.7152777778	27	15.2329816818
56.7013888889	27	18.5136871338
57.6875	27	14.7052555084
58.6736111111	27	13.6878595352
59.6597222222	27	12.6026954651
60.6458333333	27	10.2403888702
61.6319444444	27	9.8524389267
62.6180555556	27	18.7287597656
63.6041666667	27	62.3459396362
64.5902777778	27	94.3133773804
65.5763888889	27	46.7612113953
66.5625	27	19.7473011017
67.5486111111	27	15.6183099747
68.5347222222	27	19.2490882874
69.5208333333	27	16.656124115
70.5069444444	27	12.4917201996
0.493055555556	26	8.13948440552
1.47916666667	26	7.69831085205
2.46527777778	26	5.1617307663
3.45138888889	26	3.69336104393
4.4375	26	4.46514701843
5.42361111111	26	2.2497189045
6.40972222222	26	1.1402349472
7.39583333333	26	4.64784765244
8.38194444444	26	20.7452716827
9.36805555556	26	131.049423218
10.3541666667	26	88.5316085815
11.3402777778	26	49.4483451843
12.3263888889	26	84.7343978882
13.3125	26	227.040039062
14.2986111111	26	134.013671875
15.2847222222	26	440.225921631
16.2708333333	26	54.9079208374
17.2569444444	26	107.149856567
18.2430555556	26	44.4398384094
19.2291666667	26	56.0103340149
20.2152777778	26	26.5565395355
21.2013888889	26	39.5999259949
22.1875	26	42.2560501099
23.1736111111	26	31.5354328156
24.1597222222	26	28.8265914917
25.1458333333	26	26.9891281128
26.1319444444	26	13.5143947601
27.1180555556	26	12.1583251953
28.1041666667	26	13.6106109619
29.0902777778	26	18.2943820953
30.0763888889	26	21.498216629
31.0625	26	29.9371261597
32.0486111111	26	34.9801063538
33.0347222222	26	31.1275863647
34.0208333333	26	30.6890678406
35.0069444444	26	30.3351955414
35.9930555556	26	29.6275043488
36.9791666667	26	39.4451217651
37.9652777778	26	40.9157562256
38.9513888889	26	35.6150779724
39.9375	26	50.5627174377
40.9236111111	26	59.2856674194
41.9097222222	26	47.7373809814
42.8958333333	26	44.4692192078
43.8819444444	26	65.5827331543
44.8680555556	26	84.2135009766
45.8541666667	26	94.7147903442
46.8402777778	26	82.7746963501
47.8263888889	26	106.029693604
48.8125	26	95.7097015381
49.7986111111	26	51.8944320679
50.7847222222	26	15.4042224884
51.7708333333	26	11.3431940079
52.7569444444	26	13.7800827026
53.7430555556	26	14.1585102081
54.7291666667	26	14.419169426
55.7152777778	26	18.9899654388
56.7013888889	26	18.9770679474
57.6875	26	19.1229686737
58.6736111111	26	15.4869451523
59.6597222222	26	12.6444215775
60.6458333333	26	11.0674180984
61.6319444444	26	13.048948288
62.6180555556	26	21.0109577179
63.6041666667	26	26.5416355133
64.5902777778	26	29.1750812531
65.5763888889	26	17.1007099152
66.5625	26	15.2426767349
67.5486111111	26	17.4700870514
68.5347222222	26	14.2812948227
69.5208333333	26	13.6228685379
70.5069444444	26	11.0351057053
0.493055555556	25	10.8981513977
1.47916666667	25	9.55760860443
2.46527777778	25	8.93204212189
3.45138888889	25	8.4804058075
4.4375	25	9.40822029114
5.42361111111	25	8.98355484009
6.40972222222	25	9.80187797546
7.39583333333	25	26.5800056458
8.38194444444	25	101.826774597
9.36805555556	25	167.783279419
10.3541666667	25	87.5481643677
11.3402777778	25	98.4711914062
12.3263888889	25	190.113372803
13.3125	25	207.880935669
14.2986111111	25	387.35760498
15.2847222222	25	411.88494873
16.2708333333	25	102.728225708
17.2569444444	25	113.574935913
18.2430555556	25	48.6270065308
19.2291666667	25	49.0193099976
20.2152777778	25	31.1739444733
21.2013888889	25	61.8993835449
22.1875	25	50.1220817566
23.1736111111	25	29.4737567902
24.1597222222	25	30.0791015625
25.1458333333	25	31.8051986694
26.1319444444	25	20.683927536
27.1180555556	25	16.2002029419
28.1041666667	25	16.7895374298
29.0902777778	25	22.5991268158
30.0763888889	25	30.4228878021
31.0625	25	41.8492736816
32.0486111111	25	44.1757621765
33.0347222222	25	43.7300987244
34.0208333333	25	44.6430168152
35.0069444444	25	52.252281189
35.9930555556	25	56.9496307373
36.9791666667	25	65.1403503418
37.9652777778	25	73.7430419922
38.9513888889	25	78.702583313
39.9375	25	83.4734191895
40.9236111111	25	103.907608032
41.9097222222	25	84.055267334
42.8958333333	25	107.576210022
43.8819444444	25	115.676116943
44.8680555556	25	113.201553345
45.8541666667	25	174.397323608
46.8402777778	25	147.844329834
47.8263888889	25	156.547088623
48.8125	25	158.593978882
49.7986111111	25	97.96459198
50.7847222222	25	32.7009010315
51.7708333333	25	18.0462493896
52.7569444444	25	19.6036949158
53.7430555556	25	18.7364063263
54.7291666667	25	18.9113826752
55.7152777778	25	30.1350059509
56.7013888889	25	41.2978591919
57.6875	25	25.7238636017
58.6736111111	25	20.6914958954
59.6597222222	25	18.8294963837
60.6458333333	25	16.8759441376
61.6319444444	25	20.7870864868
62.6180555556	25	24.0452346802
63.6041666667	25	21.0637779236
64.5902777778	25	20.164560318
65.5763888889	25	18.3251457214
66.5625	25	17.9740467072
67.5486111111	25	18.9344959259
68.5347222222	25	14.1740970612
69.5208333333	25	12.288942337
70.5069444444	25	11.7069826126
0.493055555556	24	16.1606292725
1.47916666667	24	13.2242650986
2.46527777778	24	16.2672920227
3.45138888889	24	17.823091507
4.4375	24	19.2502670288
5.42361111111	24	17.011390686
6.40972222222	24	42.627166748
7.39583333333	24	63.1702842712
8.38194444444	24	140.423797607
9.36805555556	24	166.061737061
10.3541666667	24	134.743728638
11.3402777778	24	279.415466309
12.3263888889	24	130.446060181
13.3125	24	29.4234008789
14.2986111111	24	181.411254883
15.2847222222	24	159.75944519
16.2708333333	24	412.906738281
17.2569444444	24	166.128540039
18.2430555556	24	71.9646911621
19.2291666667	24	74.0787582397
20.2152777778	24	67.2137451172
21.2013888889	24	85.5930938721
22.1875	24	53.0362739563
23.1736111111	24	42.4699211121
24.1597222222	24	45.9887962341
25.1458333333	24	49.2177619934
26.1319444444	24	28.7597103119
27.1180555556	24	28.1808013916
28.1041666667	24	29.254108429
29.0902777778	24	32.4994430542
30.0763888889	24	51.5697288513
31.0625	24	58.8396453857
32.0486111111	24	60.7081565857
33.0347222222	24	69.8841781616
34.0208333333	24	85.9949798584
35.0069444444	24	99.1853637695
35.9930555556	24	108.323158264
36.9791666667	24	127.049453735
37.9652777778	24	123.882408142
38.9513888889	24	144.979370117
39.9375	24	155.496261597
40.9236111111	24	138.918563843
41.9097222222	24	129.93296814
42.8958333333	24	145.354125977
43.8819444444	24	171.417892456
44.8680555556	24	189.367492676
45.8541666667	24	170.991897583
46.8402777778	24	148.651947021
47.8263888889	24	160.234817505
48.8125	24	140.854309082
49.7986111111	24	116.792282104
50.7847222222	24	73.6335983276
51.7708333333	24	29.3802986145
52.7569444444	24	24.6912631989
53.7430555556	24	26.5835323334
54.7291666667	24	51.8378791809
55.7152777778	24	44.1760902405
56.7013888889	24	53.305557251
57.6875	24	58.6121673584
58.6736111111	24	56.9360198975
59.6597222222	24	30.7924251556
60.6458333333	24	26.8200702667
61.6319444444	24	25.0072937012
62.6180555556	24	22.7718582153
63.6041666667	24	24.0967235565
64.5902777778	24	23.4411201477
65.5763888889	24	20.0430450439
66.5625	24	18.1016731262
67.5486111111	24	18.4813117981
68.5347222222	24	16.7548751831
69.5208333333	24	16.8451309204
70.5069444444	24	15.7425813675
0.493055555556	23	20.5022068024
1.47916666667	23	17.5185241699
2.46527777778	23	22.0390434265
3.45138888889	23	26.9459056854
4.4375	23	35.4116172791
5.42361111111	23	23.2077713013
6.40972222222	23	45.1538772583
7.39583333333	23	94.7219543457
8.38194444444	23	70.9632339478
9.36805555556	23	152.453689575
10.3541666667	23	249.22479248
11.3402777778	23	420.925842285
12.3263888889	23	66.1702880859
13.3125	23	297.210144043
14.2986111111	23	171.993637085
15.2847222222	23	478.752685547
16.2708333333	23	371.84588623
17.2569444444	23	192.029464722
18.2430555556	23	159.308837891
19.2291666667	23	124.710975647
20.2152777778	23	205.332382202
21.2013888889	23	197.977264404
22.1875	23	103.318977356
23.1736111111	23	68.0992889404
24.1597222222	23	57.7735595703
25.1458333333	23	50.1855506897
26.1319444444	23	51.5998573303
27.1180555556	23	47.3798866272
28.1041666667	23	37.8843421936
29.0902777778	23	34.4669876099
30.0763888889	23	48.0592689514
31.0625	23	62.1738357544
32.0486111111	23	61.6620597839
33.0347222222	23	70.2872695923
34.0208333333	23	84.0054931641
35.0069444444	23	119.822128296
35.9930555556	23	126.844657898
36.9791666667	23	133.527664185
37.9652777778	23	168.665802002
38.9513888889	23	199.525909424
39.9375	23	192.904846191
40.9236111111	23	181.837173462
41.9097222222	23	180.334854126
42.8958333333	23	152.604446411
43.8819444444	23	150.989151001
44.8680555556	23	169.397796631
45.8541666667	23	138.016403198
46.8402777778	23	130.088104248
47.8263888889	23	133.548553467
48.8125	23	131.670806885
49.7986111111	23	120.424911499
50.7847222222	23	97.3631515503
51.7708333333	23	69.2512283325
52.7569444444	23	51.905002594
53.7430555556	23	77.3710861206
54.7291666667	23	88.2623596191
55.7152777778	23	60.4911804199
56.7013888889	23	52.9745750427
57.6875	23	76.2725296021
58.6736111111	23	101.312339783
59.6597222222	23	48.7696380615
60.6458333333	23	31.0306968689
61.6319444444	23	25.0112133026
62.6180555556	23	23.0955448151
63.6041666667	23	22.6451663971
64.5902777778	23	18.6498012543
65.5763888889	23	20.4505348206
66.5625	23	17.1417369843
67.5486111111	23	15.9594593048
68.5347222222	23	18.0285644531
69.5208333333	23	19.0544281006
70.5069444444	23	19.8346862793
0.493055555556	22	33.0554580688
1.47916666667	22	27.233625412
2.46527777778	22	26.1506519318
3.45138888889	22	34.5664863586
4.4375	22	69.6381072998
5.42361111111	22	39.7642974854
6.40972222222	22	61.0285072327
7.39583333333	22	71.1415863037
8.38194444444	22	123.339370728
9.36805555556	22	175.959274292
10.3541666667	22	302.65020752
11.3402777778	22	252.277618408
12.3263888889	22	105.587890625
13.3125	22	315.06463623
14.2986111111	22	216.192138672
15.2847222222	22	308.038665771
16.2708333333	22	306.540039062
17.2569444444	22	347.262634277
18.2430555556	22	354.099853516
19.2291666667	22	270.094451904
20.2152777778	22	204.424743652
21.2013888889	22	259.86026001
22.1875	22	196.736358643
23.1736111111	22	62.5519065857
24.1597222222	22	80.0470275879
25.1458333333	22	67.6301727295
26.1319444444	22	61.9994468689
27.1180555556	22	68.21118927
28.1041666667	22	63.4414596558
29.0902777778	22	38.2574882507
30.0763888889	22	47.0370445251
31.0625	22	62.3486251831
32.0486111111	22	63.5115814209
33.0347222222	22	71.6395111084
34.0208333333	22	87.8344345093
35.0069444444	22	118.854881287
35.9930555556	22	134.184997559
36.9791666667	22	144.825561523
37.9652777778	22	181.159194946
38.9513888889	22	166.25982666
39.9375	22	255.835571289
40.9236111111	22	251.775283813
41.9097222222	22	194.09753418
42.8958333333	22	147.163726807
43.8819444444	22	105.669647217
44.8680555556	22	128.573547363
45.8541666667	22	141.75402832
46.8402777778	22	104.47403717
47.8263888889	22	131.030471802
48.8125	22	136.358520508
49.7986111111	22	144.003250122
50.7847222222	22	126.052970886
51.7708333333	22	143.67817688
52.7569444444	22	102.647514343
53.7430555556	22	102.575508118
54.7291666667	22	131.350585938
55.7152777778	22	105.460411072
56.7013888889	22	71.2139129639
57.6875	22	78.5972213745
58.6736111111	22	125.259468079
59.6597222222	22	123.05241394
60.6458333333	22	68.5818405151
61.6319444444	22	32.3171043396
62.6180555556	22	24.2435112
63.6041666667	22	24.2449245453
64.5902777778	22	23.8434028625
65.5763888889	22	22.7698249817
66.5625	22	22.5448474884
67.5486111111	22	21.7042140961
68.5347222222	22	20.3813343048
69.5208333333	22	23.6015720367
70.5069444444	22	30.8745212555
0.493055555556	21	65.0741348267
1.47916666667	21	50.0753898621
2.46527777778	21	40.7559814453
3.45138888889	21	50.7898292542
4.4375	21	89.5292434692
5.42361111111	21	88.1615066528
6.40972222222	21	79.3266372681
7.39583333333	21	155.48866272
8.38194444444	21	227.14692688
9.36805555556	21	336.25100708
10.3541666667	21	204.015579224
11.3402777778	21	304.133056641
12.3263888889	21	188.33946228
13.3125	21	202.077163696
14.2986111111	21	255.722045898
15.2847222222	21	250.555679321
16.2708333333	21	245.833084106
17.2569444444	21	186.793746948
18.2430555556	21	180.815063477
19.2291666667	21	94.7651824951
20.2152777778	21	191.150527954
21.2013888889	21	147.921722412
22.1875	21	176.672180176
23.1736111111	21	67.959564209
24.1597222222	21	111.736473083
25.1458333333	21	78.2404327393
26.1319444444	21	50.410949707
27.1180555556	21	97.1011276245
28.1041666667	21	43.8945884705
29.0902777778	21	51.4446983337
30.0763888889	21	41.8774909973
31.0625	21	92.2048950195
32.0486111111	21	72.836479187
33.0347222222	21	85.6619567871
34.0208333333	21	107.670516968
35.0069444444	21	123.067871094
35.9930555556	21	132.004425049
36.9791666667	21	155.091247559
37.9652777778	21	143.029083252
38.9513888889	21	193.970733643
39.9375	21	296.338104248
40.9236111111	21	199.468734741
41.9097222222	21	144.848114014
42.8958333333	21	106.185195923
43.8819444444	21	79.4266662598
44.8680555556	21	86.8399658203
45.8541666667	21	87.002204895
46.8402777778	21	74.4243774414
47.8263888889	21	101.119468689
48.8125	21	118.144775391
49.7986111111	21	113.584266663
50.7847222222	21	100.40372467
51.7708333333	21	120.113006592
52.7569444444	21	149.576324463
53.7430555556	21	125.482955933
54.7291666667	21	130.165252686
55.7152777778	21	130.035720825
56.7013888889	21	99.2798919678
57.6875	21	107.495475769
58.6736111111	21	133.115356445
59.6597222222	21	187.728149414
60.6458333333	21	120.706726074
61.6319444444	21	63.1363792419
62.6180555556	21	39.9606208801
63.6041666667	21	37.6980171204
64.5902777778	21	34.8741645813
65.5763888889	21	26.7268447876
66.5625	21	29.1527786255
67.5486111111	21	31.5229911804
68.5347222222	21	32.1026916504
69.5208333333	21	37.4077529907
70.5069444444	21	51.3187446594
0.493055555556	20	72.4242248535
1.47916666667	20	53.8249206543
2.46527777778	20	67.8781585693
3.45138888889	20	79.1740951538
4.4375	20	86.3550949097
5.42361111111	20	89.560546875
6.40972222222	20	132.623657227
7.39583333333	20	139.905593872
8.38194444444	20	127.719543457
9.36805555556	20	232.949264526
10.3541666667	20	120.268676758
11.3402777778	20	98.9206542969
12.3263888889	20	255.928726196
13.3125	20	237.76763916
14.2986111111	20	188.509765625
15.2847222222	20	201.554702759
16.2708333333	20	239.735061646
17.2569444444	20	230.109085083
18.2430555556	20	323.682922363
19.2291666667	20	141.906860352
20.2152777778	20	65.1745452881
21.2013888889	20	49.3196411133
22.1875	20	83.7677841187
23.1736111111	20	239.756271362
24.1597222222	20	197.898712158
25.1458333333	20	105.937446594
26.1319444444	20	61.4875984192
27.1180555556	20	51.6045799255
28.1041666667	20	18.7085132599
29.0902777778	20	28.5915718079
30.0763888889	20	61.0335578918
31.0625	20	55.3621482849
32.0486111111	20	70.836807251
33.0347222222	20	82.1957702637
34.0208333333	20	80.9410400391
35.0069444444	20	94.5683441162
35.9930555556	20	103.755142212
36.9791666667	20	133.637039185
37.9652777778	20	159.217193604
38.9513888889	20	221.703994751
39.9375	20	133.685150146
40.9236111111	20	125.91394043
41.9097222222	20	118.243553162
42.8958333333	20	58.5732383728
43.8819444444	20	63.2852859497
44.8680555556	20	55.313949585
45.8541666667	20	60.0779342651
46.8402777778	20	42.2448005676
47.8263888889	20	38.7660446167
48.8125	20	48.8411979675
49.7986111111	20	50.8469238281
50.7847222222	20	56.0082054138
51.7708333333	20	89.0226516724
52.7569444444	20	121.480751038
53.7430555556	20	125.766105652
54.7291666667	20	117.449829102
55.7152777778	20	105.984153748
56.7013888889	20	119.636489868
57.6875	20	123.442131042
58.6736111111	20	134.86050415
59.6597222222	20	168.782196045
60.6458333333	20	133.593353271
61.6319444444	20	108.963874817
62.6180555556	20	103.00629425
63.6041666667	20	64.1011962891
64.5902777778	20	67.2685241699
65.5763888889	20	55.6631317139
66.5625	20	41.1375732422
67.5486111111	20	37.116569519
68.5347222222	20	35.0949783325
69.5208333333	20	54.3746871948
70.5069444444	20	64.1282272339
0.493055555556	19	76.819190979
1.47916666667	19	87.1586685181
2.46527777778	19	40.6426391602
3.45138888889	19	50.2477035522
4.4375	19	73.8430023193
5.42361111111	19	72.1303939819
6.40972222222	19	81.1094207764
7.39583333333	19	67.3212051392
8.38194444444	19	80.5646133423
9.36805555556	19	169.161468506
10.3541666667	19	170.926315308
11.3402777778	19	413.156005859
12.3263888889	19	256.586090088
13.3125	19	155.961547852
14.2986111111	19	110.341567993
15.2847222222	19	205.886291504
16.2708333333	19	296.862182617
17.2569444444	19	280.155456543
18.2430555556	19	212.842300415
19.2291666667	19	157.057785034
20.2152777778	19	143.57875061
21.2013888889	19	57.7438354492
22.1875	19	35.5320663452
23.1736111111	19	55.7512588501
24.1597222222	19	57.316570282
25.1458333333	19	24.7995204926
26.1319444444	19	14.5943946838
27.1180555556	19	14.922990799
28.1041666667	19	38.0770950317
29.0902777778	19	35.3731231689
30.0763888889	19	39.510761261
31.0625	19	39.7264480591
32.0486111111	19	47.1967163086
33.0347222222	19	59.2734909058
34.0208333333	19	64.2570419312
35.0069444444	19	68.2832946777
35.9930555556	19	73.4425582886
36.9791666667	19	102.434593201
37.9652777778	19	109.630775452
38.9513888889	19	103.448791504
39.9375	19	104.847702026
40.9236111111	19	104.550331116
41.9097222222	19	84.6843414307
42.8958333333	19	81.510307312
43.8819444444	19	76.0154190063
44.8680555556	19	78.8925628662
45.8541666667	19	54.3831939697
46.8402777778	19	31.383348465
47.8263888889	19	30.2320919037
48.8125	19	31.5265464783
49.7986111111	19	19.5933818817
50.7847222222	19	23.0157546997
51.7708333333	19	58.24766922
52.7569444444	19	88.7627182007
53.7430555556	19	96.4531021118
54.7291666667	19	80.7326583862
55.7152777778	19	71.8112640381
56.7013888889	19	77.747467041
57.6875	19	89.6923980713
58.6736111111	19	103.747047424
59.6597222222	19	96.9851608276
60.6458333333	19	92.9121322632
61.6319444444	19	85.4208145142
62.6180555556	19	85.395904541
63.6041666667	19	96.6434173584
64.5902777778	19	105.656845093
65.5763888889	19	70.0572967529
66.5625	19	53.2046394348
67.5486111111	19	30.8192939758
68.5347222222	19	31.5516490936
69.5208333333	19	28.7930278778
70.5069444444	19	37.2808914185
0.493055555556	18	83.5105438232
1.47916666667	18	75.7437591553
2.46527777778	18	44.8339729309
3.45138888889	18	37.5791435242
4.4375	18	58.6914863586
5.42361111111	18	68.5527496338
6.40972222222	18	65.4208450317
7.39583333333	18	66.9546585083
8.38194444444	18	96.1749420166
9.36805555556	18	161.254104614
10.3541666667	18	219.592727661
11.3402777778	18	284.699645996
12.3263888889	18	255.575546265
13.3125	18	171.548873901
14.2986111111	18	278.207550049
15.2847222222	18	238.838317871
16.2708333333	18	265.156616211
17.2569444444	18	213.426422119
18.2430555556	18	171.270095825
19.2291666667	18	140.659851074
20.2152777778	18	129.106552124
21.2013888889	18	122.860458374
22.1875	18	181.887863159
23.1736111111	18	212.187103271
24.1597222222	18	141.309234619
25.1458333333	18	65.2635421753
26.1319444444	18	28.661737442
27.1180555556	18	46.6552848816
28.1041666667	18	54.6902160645
29.0902777778	18	23.1470088959
30.0763888889	18	18.2715930939
31.0625	18	32.0875778198
32.0486111111	18	39.3050041199
33.0347222222	18	40.2725067139
34.0208333333	18	47.4364471436
35.0069444444	18	62.0361213684
35.9930555556	18	75.3245315552
36.9791666667	18	75.052520752
37.9652777778	18	91.7755203247
38.9513888889	18	98.4976501465
39.9375	18	82.8858032227
40.9236111111	18	94.3974151611
41.9097222222	18	88.4357910156
42.8958333333	18	74.1823806763
43.8819444444	18	70.0166244507
44.8680555556	18	72.1444625854
45.8541666667	18	58.6626319885
46.8402777778	18	66.3381195068
47.8263888889	18	42.2004394531
48.8125	18	34.2313079834
49.7986111111	18	28.6494674683
50.7847222222	18	14.9639310837
51.7708333333	18	24.4880275726
52.7569444444	18	30.2719192505
53.7430555556	18	52.5648994446
54.7291666667	18	67.8213577271
55.7152777778	18	53.0413513184
56.7013888889	18	50.1724739075
57.6875	18	60.4816055298
58.6736111111	18	62.4889755249
59.6597222222	18	77.040802002
60.6458333333	18	73.1972808838
61.6319444444	18	61.8576622009
62.6180555556	18	65.0248031616
63.6041666667	18	67.5646209717
64.5902777778	18	70.6531600952
65.5763888889	18	77.9086227417
66.5625	18	56.7784843445
67.5486111111	18	34.7071533203
68.5347222222	18	23.3601932526
69.5208333333	18	34.8334732056
70.5069444444	18	47.4975891113
0.493055555556	17	51.2718429565
1.47916666667	17	73.1318435669
2.46527777778	17	74.1681289673
3.45138888889	17	59.0711364746
4.4375	17	58.4399490356
5.42361111111	17	60.0388679504
6.40972222222	17	63.1425514221
7.39583333333	17	73.1106796265
8.38194444444	17	90.4925079346
9.36805555556	17	110.823883057
10.3541666667	17	147.94708252
11.3402777778	17	193.116348267
12.3263888889	17	196.910858154
13.3125	17	170.206451416
14.2986111111	17	146.621856689
15.2847222222	17	226.497802734
16.2708333333	17	157.111724854
17.2569444444	17	163.793807983
18.2430555556	17	126.739776611
19.2291666667	17	95.0420684814
20.2152777778	17	111.030960083
21.2013888889	17	179.737533569
22.1875	17	166.010131836
23.1736111111	17	139.679779053
24.1597222222	17	110.024253845
25.1458333333	17	50.3575973511
26.1319444444	17	61.3035888672
27.1180555556	17	64.3641891479
28.1041666667	17	61.9825744629
29.0902777778	17	42.7896842957
30.0763888889	17	23.3881855011
31.0625	17	29.4934577942
32.0486111111	17	43.8320236206
33.0347222222	17	37.7560577393
34.0208333333	17	62.3000564575
35.0069444444	17	75.6297988892
35.9930555556	17	92.8719024658
36.9791666667	17	71.2082519531
37.9652777778	17	90.9744033813
38.9513888889	17	87.0448760986
39.9375	17	85.0652236938
40.9236111111	17	80.7110290527
41.9097222222	17	98.4408569336
42.8958333333	17	103.769729614
43.8819444444	17	61.5928497314
44.8680555556	17	67.2367858887
45.8541666667	17	70.9085922241
46.8402777778	17	53.6129417419
47.8263888889	17	33.722984314
48.8125	17	25.8471851349
49.7986111111	17	19.1000957489
50.7847222222	17	21.1974506378
51.7708333333	17	22.0959300995
52.7569444444	17	15.5258426666
53.7430555556	17	46.8516311646
54.7291666667	17	45.1768112183
55.7152777778	17	57.2260665894
56.7013888889	17	73.3890991211
57.6875	17	58.6339035034
58.6736111111	17	59.2215843201
59.6597222222	17	67.0472946167
60.6458333333	17	58.8021736145
61.6319444444	17	69.2020721436
62.6180555556	17	90.6169128418
63.6041666667	17	82.4937057495
64.5902777778	17	61.847869873
65.5763888889	17	56.2359962463
66.5625	17	59.4842338562
67.5486111111	17	56.8621559143
68.5347222222	17	53.5183143616
69.5208333333	17	58.1634864807
70.5069444444	17	46.6786613464
0.493055555556	16	46.3047790527
1.47916666667	16	61.8077850342
2.46527777778	16	70.9776382446
3.45138888889	16	86.0608673096
4.4375	16	81.0615005493
5.42361111111	16	71.5245742798
6.40972222222	16	56.2093467712
7.39583333333	16	59.5501937866
8.38194444444	16	63.3160552979
9.36805555556	16	67.633140564
10.3541666667	16	75.905128479
11.3402777778	16	87.5913696289
12.3263888889	16	113.891616821
13.3125	16	115.038963318
14.2986111111	16	93.6976318359
15.2847222222	16	257.288665771
16.2708333333	16	100.991073608
17.2569444444	16	103.291114807
18.2430555556	16	84.7971801758
19.2291666667	16	94.0229568481
20.2152777778	16	74.0678405762
21.2013888889	16	137.553573608
22.1875	16	97.2613296509
23.1736111111	16	116.652275085
24.1597222222	16	98.7961883545
25.1458333333	16	43.8025054932
26.1319444444	16	49.7894859314
27.1180555556	16	60.6375808716
28.1041666667	16	57.5040817261
29.0902777778	16	17.0538730621
30.0763888889	16	32.6041221619
31.0625	16	32.0278167725
32.0486111111	16	36.6480941772
33.0347222222	16	50.6029891968
34.0208333333	16	69.9528579712
35.0069444444	16	82.5287475586
35.9930555556	16	86.8092269897
36.9791666667	16	91.9931259155
37.9652777778	16	81.2105865479
38.9513888889	16	101.843170166
39.9375	16	66.7313766479
40.9236111111	16	67.2257003784
41.9097222222	16	65.8395462036
42.8958333333	16	96.7703399658
43.8819444444	16	72.0461425781
44.8680555556	16	82.1383666992
45.8541666667	16	82.213760376
46.8402777778	16	43.7234230042
47.8263888889	16	29.6240024567
48.8125	16	45.2100563049
49.7986111111	16	19.161901474
50.7847222222	16	18.7215614319
51.7708333333	16	36.506893158
52.7569444444	16	13.6316003799
53.7430555556	16	14.9406661987
54.7291666667	16	14.8387775421
55.7152777778	16	30.1361083984
56.7013888889	16	44.8110275269
57.6875	16	52.4884796143
58.6736111111	16	50.7679100037
59.6597222222	16	51.1844558716
60.6458333333	16	72.6607284546
61.6319444444	16	66.6633911133
62.6180555556	16	87.6533660889
63.6041666667	16	73.0904464722
64.5902777778	16	47.6143417358
65.5763888889	16	56.6346206665
66.5625	16	51.0013389587
67.5486111111	16	58.1764411926
68.5347222222	16	67.7341156006
69.5208333333	16	59.3042144775
70.5069444444	16	35.2870750427
0.493055555556	15	35.6644973755
1.47916666667	15	42.5918807983
2.46527777778	15	65.5749664307
3.45138888889	15	73.1116943359
4.4375	15	74.7951812744
5.42361111111	15	47.682510376
6.40972222222	15	38.4874916077
7.39583333333	15	47.2682685852
8.38194444444	15	51.115436554
9.36805555556	15	56.0704956055
10.3541666667	15	56.0812835693
11.3402777778	15	73.8082199097
12.3263888889	15	96.1184082031
13.3125	15	111.283805847
14.2986111111	15	121.020263672
15.2847222222	15	415.436584473
16.2708333333	15	87.7932434082
17.2569444444	15	80.80418396
18.2430555556	15	79.662612915
19.2291666667	15	94.4026031494
20.2152777778	15	162.505310059
21.2013888889	15	160.685317993
22.1875	15	151.114959717
23.1736111111	15	67.2759246826
24.1597222222	15	41.9014854431
25.1458333333	15	44.2013664246
26.1319444444	15	52.7324180603
27.1180555556	15	51.1578483582
28.1041666667	15	34.5751533508
29.0902777778	15	40.2084579468
30.0763888889	15	32.0073280334
31.0625	15	31.7850875854
32.0486111111	15	34.7263069153
33.0347222222	15	45.3008995056
34.0208333333	15	72.0733413696
35.0069444444	15	85.0798187256
35.9930555556	15	73.2986297607
36.9791666667	15	62.6248779297
37.9652777778	15	71.4508895874
38.9513888889	15	79.5846328735
39.9375	15	70.4652633667
40.9236111111	15	90.7650985718
41.9097222222	15	61.9135131836
42.8958333333	15	66.0879440308
43.8819444444	15	66.3859786987
44.8680555556	15	96.2484130859
45.8541666667	15	77.0591964722
46.8402777778	15	24.6007499695
47.8263888889	15	11.642539978
48.8125	15	11.1376543045
49.7986111111	15	6.55313444138
50.7847222222	15	23.4967575073
51.7708333333	15	34.9845428467
52.7569444444	15	21.4120674133
53.7430555556	15	14.3401622772
54.7291666667	15	5.95626831055
55.7152777778	15	11.7579317093
56.7013888889	15	31.7794857025
57.6875	15	52.4071884155
58.6736111111	15	50.0469856262
59.6597222222	15	44.2187690735
60.6458333333	15	39.4006958008
61.6319444444	15	55.903137207
62.6180555556	15	64.1377639771
63.6041666667	15	30.7177124023
64.5902777778	15	39.2396965027
65.5763888889	15	45.2919311523
66.5625	15	38.1031417847
67.5486111111	15	46.4303894043
68.5347222222	15	48.6866226196
69.5208333333	15	41.1260490417
70.5069444444	15	34.9972114563
0.493055555556	14	20.0463752747
1.47916666667	14	32.4107208252
2.46527777778	14	46.1996841431
3.45138888889	14	68.525100708
4.4375	14	60.9275131226
5.42361111111	14	26.7876663208
6.40972222222	14	39.9316215515
7.39583333333	14	42.7219009399
8.38194444444	14	50.1617546082
9.36805555556	14	59.1796150208
10.3541666667	14	59.6130561829
11.3402777778	14	84.4251098633
12.3263888889	14	96.9491577148
13.3125	14	83.0882110596
14.2986111111	14	111.644332886
15.2847222222	14	263.152191162
16.2708333333	14	106.500549316
17.2569444444	14	82.5288848877
18.2430555556	14	129.983184814
19.2291666667	14	100.70488739
20.2152777778	14	233.721359253
21.2013888889	14	82.6723709106
22.1875	14	59.9984130859
23.1736111111	14	91.7278213501
24.1597222222	14	90.0207824707
25.1458333333	14	70.6790390015
26.1319444444	14	67.7015838623
27.1180555556	14	69.2529602051
28.1041666667	14	36.0128059387
29.0902777778	14	41.5849647522
30.0763888889	14	26.1027507782
31.0625	14	26.9670200348
32.0486111111	14	40.3600654602
33.0347222222	14	45.3883743286
34.0208333333	14	56.6048431396
35.0069444444	14	50.581577301
35.9930555556	14	54.7525253296
36.9791666667	14	56.862739563
37.9652777778	14	56.3143615723
38.9513888889	14	63.7276802063
39.9375	14	117.611289978
40.9236111111	14	115.735443115
41.9097222222	14	89.9546203613
42.8958333333	14	47.4237251282
43.8819444444	14	77.8773269653
44.8680555556	14	58.8736038208
45.8541666667	14	7.90716028214
46.8402777778	14	7.10538291931
47.8263888889	14	9.450548172
48.8125	14	10.9755773544
49.7986111111	14	8.12535381317
50.7847222222	14	9.51073360443
51.7708333333	14	22.9821090698
52.7569444444	14	26.176448822
53.7430555556	14	5.67927932739
54.7291666667	14	2.90611338615
55.7152777778	14	11.3597517014
56.7013888889	14	31.5154819489
57.6875	14	39.4321403503
58.6736111111	14	32.5688247681
59.6597222222	14	44.9404525757
60.6458333333	14	53.2400131226
61.6319444444	14	37.6755867004
62.6180555556	14	37.6028938293
63.6041666667	14	36.3617019653
64.5902777778	14	45.6305465698
65.5763888889	14	46.9646453857
66.5625	14	52.2529296875
67.5486111111	14	41.5775337219
68.5347222222	14	46.2605171204
69.5208333333	14	26.5195732117
70.5069444444	14	38.2630233765
0.493055555556	13	27.141626358
1.47916666667	13	27.1714801788
2.46527777778	13	23.4889469147
3.45138888889	13	58.3591461182
4.4375	13	29.381526947
5.42361111111	13	41.5963439941
6.40972222222	13	34.4262657166
7.39583333333	13	43.6523475647
8.38194444444	13	46.5053787231
9.36805555556	13	42.1725921631
10.3541666667	13	59.1409492493
11.3402777778	13	60.0329055786
12.3263888889	13	90.018119812
13.3125	13	55.3105926514
14.2986111111	13	40.576335907
15.2847222222	13	98.5592041016
16.2708333333	13	158.544433594
17.2569444444	13	165.726333618
18.2430555556	13	160.623306274
19.2291666667	13	172.490936279
20.2152777778	13	88.875038147
21.2013888889	13	63.083782196
22.1875	13	80.7034835815
23.1736111111	13	78.2112350464
24.1597222222	13	91.3897857666
25.1458333333	13	85.8805160522
26.1319444444	13	57.8400802612
27.1180555556	13	28.6722297668
28.1041666667	13	22.0687427521
29.0902777778	13	25.3663520813
30.0763888889	13	24.5656299591
31.0625	13	32.8129768372
32.0486111111	13	35.4969673157
33.0347222222	13	38.665473938
34.0208333333	13	42.6532249451
35.0069444444	13	37.5867195129
35.9930555556	13	30.2788848877
36.9791666667	13	48.9443893433
37.9652777778	13	51.4055938721
38.9513888889	13	44.4453887939
39.9375	13	88.7379608154
40.9236111111	13	72.712677002
41.9097222222	13	37.2337493896
42.8958333333	13	27.9331111908
43.8819444444	13	28.5967578888
44.8680555556	13	3.56938791275
45.8541666667	13	2.18241167068
46.8402777778	13	10.7653903961
47.8263888889	13	14.2514429092
48.8125	13	10.4657068253
49.7986111111	13	10.1640806198
50.7847222222	13	10.394906044
51.7708333333	13	11.5271434784
52.7569444444	13	10.6377544403
53.7430555556	13	4.03247690201
54.7291666667	13	4.97553825378
55.7152777778	13	15.3936805725
56.7013888889	13	27.5989780426
57.6875	13	23.1928386688
58.6736111111	13	30.8369102478
59.6597222222	13	27.2424449921
60.6458333333	13	32.8676490784
61.6319444444	13	32.6811523438
62.6180555556	13	29.34907341
63.6041666667	13	44.2192077637
64.5902777778	13	44.9460525513
65.5763888889	13	29.5212955475
66.5625	13	41.6127662659
67.5486111111	13	38.3750724792
68.5347222222	13	41.9856452942
69.5208333333	13	43.9613494873
70.5069444444	13	22.101896286
0.493055555556	12	41.9313240051
1.47916666667	12	31.1880664825
2.46527777778	12	49.5555152893
3.45138888889	12	34.0882720947
4.4375	12	20.8446998596
5.42361111111	12	80.3543624878
6.40972222222	12	66.5016708374
7.39583333333	12	73.7069244385
8.38194444444	12	69.0277557373
9.36805555556	12	65.4933624268
10.3541666667	12	67.5102615356
11.3402777778	12	60.9678497314
12.3263888889	12	63.665851593
13.3125	12	54.1711044312
14.2986111111	12	42.3716583252
15.2847222222	12	37.9438896179
16.2708333333	12	124.363494873
17.2569444444	12	241.995422363
18.2430555556	12	42.7672233582
19.2291666667	12	68.2111968994
20.2152777778	12	73.4321212769
21.2013888889	12	103.642501831
22.1875	12	83.4843521118
23.1736111111	12	56.2958679199
24.1597222222	12	102.274757385
25.1458333333	12	53.5590362549
26.1319444444	12	30.3526039124
27.1180555556	12	15.8316841125
28.1041666667	12	20.0516109467
29.0902777778	12	27.8259296417
30.0763888889	12	29.4069499969
31.0625	12	31.6853179932
32.0486111111	12	25.2344169617
33.0347222222	12	46.3555030823
34.0208333333	12	40.3769035339
35.0069444444	12	36.2476196289
35.9930555556	12	43.3523216248
36.9791666667	12	51.2234992981
37.9652777778	12	55.7710571289
38.9513888889	12	44.6329231262
39.9375	12	83.0549545288
40.9236111111	12	68.7940597534
41.9097222222	12	26.7273960114
42.8958333333	12	24.241765976
43.8819444444	12	21.1832733154
44.8680555556	12	6.3622636795
45.8541666667	12	2.29668211937
46.8402777778	12	5.09424972534
47.8263888889	12	13.9338464737
48.8125	12	17.3185787201
49.7986111111	12	18.0905609131
50.7847222222	12	16.7178592682
51.7708333333	12	11.5720129013
52.7569444444	12	8.68191719055
53.7430555556	12	3.32204008102
54.7291666667	12	6.1542096138
55.7152777778	12	9.79961204529
56.7013888889	12	18.5819816589
57.6875	12	30.8296928406
58.6736111111	12	33.5411682129
59.6597222222	12	29.2985954285
60.6458333333	12	48.3997650146
61.6319444444	12	52.8218994141
62.6180555556	12	45.6459121704
63.6041666667	12	59.4279556274
64.5902777778	12	16.5615959167
65.5763888889	12	25.3302364349
66.5625	12	47.8060417175
67.5486111111	12	63.8019332886
68.5347222222	12	56.4637489319
69.5208333333	12	54.9409294128
70.5069444444	12	41.2524719238
0.493055555556	11	64.184211731
1.47916666667	11	64.4746322632
2.46527777778	11	45.6900177002
3.45138888889	11	56.9033355713
4.4375	11	113.28943634
5.42361111111	11	85.541519165
6.40972222222	11	87.2887802124
7.39583333333	11	73.3338699341
8.38194444444	11	65.1102600098
9.36805555556	11	59.8645210266
10.3541666667	11	53.9252700806
11.3402777778	11	55.6180686951
12.3263888889	11	54.1329689026
13.3125	11	70.1638412476
14.2986111111	11	66.946723938
15.2847222222	11	48.8448753357
16.2708333333	11	65.8537063599
17.2569444444	11	42.6196899414
18.2430555556	11	40.9699325562
19.2291666667	11	65.8380737305
20.2152777778	11	82.6252288818
21.2013888889	11	130.190185547
22.1875	11	74.3084487915
23.1736111111	11	71.2046890259
24.1597222222	11	50.3706703186
25.1458333333	11	43.9022941589
26.1319444444	11	11.4590578079
27.1180555556	11	8.47287273407
28.1041666667	11	10.6957321167
29.0902777778	11	26.3778018951
30.0763888889	11	36.3079833984
31.0625	11	47.7438240051
32.0486111111	11	45.080291748
33.0347222222	11	52.2992248535
34.0208333333	11	64.7006454468
35.0069444444	11	40.1965293884
35.9930555556	11	46.6834907532
36.9791666667	11	47.8699302673
37.9652777778	11	89.1886367798
38.9513888889	11	41.1430702209
39.9375	11	97.3857116699
40.9236111111	11	26.5967731476
41.9097222222	11	35.3792953491
42.8958333333	11	31.072473526
43.8819444444	11	51.1096076965
44.8680555556	11	20.6832962036
45.8541666667	11	5.13752651215
46.8402777778	11	3.3235309124
47.8263888889	11	9.55408763885
48.8125	11	20.0403137207
49.7986111111	11	21.7018432617
50.7847222222	11	23.6777324677
51.7708333333	11	17.2956581116
52.7569444444	11	6.47144508362
53.7430555556	11	3.49996805191
54.7291666667	11	12.956864357
55.7152777778	11	18.6482200623
56.7013888889	11	33.9755058289
57.6875	11	31.5528392792
58.6736111111	11	35.3491744995
59.6597222222	11	41.480266571
60.6458333333	11	43.5999679565
61.6319444444	11	40.8086471558
62.6180555556	11	98.1416778564
63.6041666667	11	37.0520248413
64.5902777778	11	38.7520828247
65.5763888889	11	38.1846847534
66.5625	11	35.5363922119
67.5486111111	11	39.2181587219
68.5347222222	11	66.9952316284
69.5208333333	11	84.7798538208
70.5069444444	11	54.220615387
0.493055555556	10	47.7213478088
1.47916666667	10	40.3221969604
2.46527777778	10	27.4800643921
3.45138888889	10	61.2099685669
4.4375	10	80.6896286011
5.42361111111	10	57.8009185791
6.40972222222	10	59.5954666138
7.39583333333	10	70.9624710083
8.38194444444	10	62.6425819397
9.36805555556	10	134.923446655
10.3541666667	10	71.3208618164
11.3402777778	10	51.7984695435
12.3263888889	10	60.0931625366
13.3125	10	92.0065002441
14.2986111111	10	77.1656188965
15.2847222222	10	100.470565796
16.2708333333	10	158.37449646
17.2569444444	10	46.8844795227
18.2430555556	10	37.5395393372
19.2291666667	10	33.1036300659
20.2152777778	10	84.4661102295
21.2013888889	10	108.956222534
22.1875	10	14.4219875336
23.1736111111	10	75.6867218018
24.1597222222	10	43.0298538208
25.1458333333	10	22.4337615967
26.1319444444	10	20.0130519867
27.1180555556	10	21.2356719971
28.1041666667	10	16.1308765411
29.0902777778	10	25.0351161957
30.0763888889	10	39.4438514709
31.0625	10	46.3051147461
32.0486111111	10	27.0537281036
33.0347222222	10	51.5895957947
34.0208333333	10	49.1029129028
35.0069444444	10	38.7141571045
35.9930555556	10	46.1755104065
36.9791666667	10	42.7959861755
37.9652777778	10	96.5161514282
38.9513888889	10	68.6741943359
39.9375	10	77.7485275269
40.9236111111	10	38.0633811951
41.9097222222	10	56.1630058289
42.8958333333	10	52.6664848328
43.8819444444	10	51.5288887024
44.8680555556	10	30.8121032715
45.8541666667	10	22.1934356689
46.8402777778	10	11.6001625061
47.8263888889	10	5.08639240265
48.8125	10	5.02260828018
49.7986111111	10	5.93776750565
50.7847222222	10	8.14165115356
51.7708333333	10	6.62169122696
52.7569444444	10	6.86520051956
53.7430555556	10	18.52775383
54.7291666667	10	23.4908905029
55.7152777778	10	41.8566131592
56.7013888889	10	43.560043335
57.6875	10	51.5933189392
58.6736111111	10	32.2772598267
59.6597222222	10	24.6991443634
60.6458333333	10	37.2728996277
61.6319444444	10	26.2925720215
62.6180555556	10	36.8623847961
63.6041666667	10	61.9280700684
64.5902777778	10	40.4009666443
65.5763888889	10	48.17552948
66.5625	10	45.8225669861
67.5486111111	10	52.5318527222
68.5347222222	10	91.7609329224
69.5208333333	10	69.0358657837
70.5069444444	10	31.9946346283
0.493055555556	9	39.301815033
1.47916666667	9	33.8703765869
2.46527777778	9	65.6974639893
3.45138888889	9	55.883769989
4.4375	9	52.8549995422
5.42361111111	9	64.4904403687
6.40972222222	9	45.4238853455
7.39583333333	9	36.3727531433
8.38194444444	9	82.0032272339
9.36805555556	9	73.5795135498
10.3541666667	9	37.5789985657
11.3402777778	9	55.5813522339
12.3263888889	9	46.4920883179
13.3125	9	42.4835205078
14.2986111111	9	49.144493103
15.2847222222	9	99.4113922119
16.2708333333	9	96.0199661255
17.2569444444	9	68.4700622559
18.2430555556	9	71.3856430054
19.2291666667	9	32.0906944275
20.2152777778	9	51.7456741333
21.2013888889	9	50.2974243164
22.1875	9	81.3714065552
23.1736111111	9	80.3366699219
24.1597222222	9	35.2412414551
25.1458333333	9	49.0075263977
26.1319444444	9	21.809179306
27.1180555556	9	15.3289775848
28.1041666667	9	17.0992984772
29.0902777778	9	55.2980918884
30.0763888889	9	64.7487258911
31.0625	9	34.3903236389
32.0486111111	9	40.7792701721
33.0347222222	9	41.8516616821
34.0208333333	9	38.1739959717
35.0069444444	9	55.4665412903
35.9930555556	9	56.9043273926
36.9791666667	9	54.6533355713
37.9652777778	9	38.298122406
38.9513888889	9	57.1272125244
39.9375	9	46.6229019165
40.9236111111	9	107.250480652
41.9097222222	9	58.700843811
42.8958333333	9	57.0905456543
43.8819444444	9	61.0613288879
44.8680555556	9	68.4790115356
45.8541666667	9	62.261138916
46.8402777778	9	35.5837554932
47.8263888889	9	12.3038311005
48.8125	9	4.67212820053
49.7986111111	9	5.58781337738
50.7847222222	9	5.24693536758
51.7708333333	9	15.9447441101
52.7569444444	9	14.9492387772
53.7430555556	9	13.5872650146
54.7291666667	9	33.5850105286
55.7152777778	9	49.414226532
56.7013888889	9	48.0510139465
57.6875	9	35.7408180237
58.6736111111	9	34.9648590088
59.6597222222	9	27.8651294708
60.6458333333	9	18.6741580963
61.6319444444	9	43.5858535767
62.6180555556	9	41.2015838623
63.6041666667	9	36.7846755981
64.5902777778	9	56.4129981995
65.5763888889	9	85.1453018188
66.5625	9	66.2139434814
67.5486111111	9	86.733833313
68.5347222222	9	83.3904342651
69.5208333333	9	48.1536331177
70.5069444444	9	32.3577651978
0.493055555556	8	44.6983566284
1.47916666667	8	43.6260910034
2.46527777778	8	85.3178634644
3.45138888889	8	106.815002441
4.4375	8	71.8594741821
5.42361111111	8	109.269416809
6.40972222222	8	50.1701164246
7.39583333333	8	60.6103172302
8.38194444444	8	31.8331985474
9.36805555556	8	87.5606613159
10.3541666667	8	67.3127212524
11.3402777778	8	72.1306762695
12.3263888889	8	57.1367454529
13.3125	8	37.221321106
14.2986111111	8	41.2480163574
15.2847222222	8	102.311088562
16.2708333333	8	61.2759208679
17.2569444444	8	34.5290565491
18.2430555556	8	68.2144241333
19.2291666667	8	41.1553955078
20.2152777778	8	36.5987701416
21.2013888889	8	38.5151557922
22.1875	8	55.8351249695
23.1736111111	8	66.4425888062
24.1597222222	8	73.8540649414
25.1458333333	8	108.48323822
26.1319444444	8	62.3740348816
27.1180555556	8	65.2552642822
28.1041666667	8	45.6439819336
29.0902777778	8	68.2440414429
30.0763888889	8	45.6689949036
31.0625	8	57.6401863098
32.0486111111	8	51.6291007996
33.0347222222	8	70.5413360596
34.0208333333	8	38.9613761902
35.0069444444	8	76.1010055542
35.9930555556	8	40.5653457642
36.9791666667	8	57.6547660828
37.9652777778	8	71.8384246826
38.9513888889	8	51.7855834961
39.9375	8	66.2062835693
40.9236111111	8	60.956413269
41.9097222222	8	47.1178321838
42.8958333333	8	61.8905944824
43.8819444444	8	62.0856399536
44.8680555556	8	89.835899353
45.8541666667	8	139.927734375
46.8402777778	8	111.939857483
47.8263888889	8	76.2309799194
48.8125	8	23.5473594666
49.7986111111	8	26.1640949249
50.7847222222	8	25.7099056244
51.7708333333	8	27.7840023041
52.7569444444	8	25.5423927307
53.7430555556	8	43.35521698
54.7291666667	8	109.031303406
55.7152777778	8	15.4481678009
56.7013888889	8	73.5303497314
57.6875	8	57.0324478149
58.6736111111	8	68.0947113037
59.6597222222	8	50.4016189575
60.6458333333	8	40.9752998352
61.6319444444	8	30.2512989044
62.6180555556	8	56.1648826599
63.6041666667	8	29.1974544525
64.5902777778	8	48.7776031494
65.5763888889	8	96.2332992554
66.5625	8	76.5702285767
67.5486111111	8	113.204528809
68.5347222222	8	57.1879959106
69.5208333333	8	71.9848937988
70.5069444444	8	44.3528823853
0.493055555556	7	57.5233764648
1.47916666667	7	84.2433166504
2.46527777778	7	40.3333091736
3.45138888889	7	46.2947807312
4.4375	7	36.3752059937
5.42361111111	7	28.2556266785
6.40972222222	7	38.0803565979
7.39583333333	7	31.022480011
8.38194444444	7	58.6785888672
9.36805555556	7	83.9386444092
10.3541666667	7	44.8712844849
11.3402777778	7	96.7714691162
12.3263888889	7	52.4457015991
13.3125	7	47.5791816711
14.2986111111	7	73.4919967651
15.2847222222	7	58.7009239197
16.2708333333	7	63.0995674133
17.2569444444	7	51.1306724548
18.2430555556	7	77.6690979004
19.2291666667	7	49.5459365845
20.2152777778	7	51.4945526123
21.2013888889	7	68.9807357788
22.1875	7	48.784324646
23.1736111111	7	41.5525779724
24.1597222222	7	56.6644325256
25.1458333333	7	52.0578651428
26.1319444444	7	58.8385734558
27.1180555556	7	50.6571083069
28.1041666667	7	66.3585281372
29.0902777778	7	31.3775787354
30.0763888889	7	47.3955001831
31.0625	7	49.4243736267
32.0486111111	7	92.0630187988
33.0347222222	7	38.8559112549
34.0208333333	7	56.1900482178
35.0069444444	7	42.2135810852
35.9930555556	7	48.5626411438
36.9791666667	7	39.4638519287
37.9652777778	7	40.5627403259
38.9513888889	7	37.0793952942
39.9375	7	34.4684638977
40.9236111111	7	35.9119338989
41.9097222222	7	56.1275215149
42.8958333333	7	71.4359893799
43.8819444444	7	67.9140014648
44.8680555556	7	36.3999214172
45.8541666667	7	34.2720680237
46.8402777778	7	51.3581771851
47.8263888889	7	30.212430954
48.8125	7	36.365814209
49.7986111111	7	34.8145446777
50.7847222222	7	42.2737998962
51.7708333333	7	48.8253211975
52.7569444444	7	50.9397506714
53.7430555556	7	71.6283721924
54.7291666667	7	59.1862220764
55.7152777778	7	61.5763931274
56.7013888889	7	40.9182052612
57.6875	7	65.5143661499
58.6736111111	7	76.6939926147
59.6597222222	7	47.318611145
60.6458333333	7	74.5989379883
61.6319444444	7	24.8238563538
62.6180555556	7	27.6301307678
63.6041666667	7	49.0863838196
64.5902777778	7	60.438873291
65.5763888889	7	111.903953552
66.5625	7	66.4265365601
67.5486111111	7	32.3414154053
68.5347222222	7	42.3790626526
69.5208333333	7	68.5839004517
70.5069444444	7	42.7774276733
0.493055555556	6	57.2023124695
1.47916666667	6	72.3391876221
2.46527777778	6	42.2005691528
3.45138888889	6	27.4044418335
4.4375	6	26.9586009979
5.42361111111	6	29.9204864502
6.40972222222	6	44.7568130493
7.39583333333	6	65.4501800537
8.38194444444	6	92.8546524048
9.36805555556	6	77.8242111206
10.3541666667	6	62.5084877014
11.3402777778	6	45.8759918213
12.3263888889	6	90.5910110474
13.3125	6	64.5409698486
14.2986111111	6	58.6208534241
15.2847222222	6	42.3665657043
16.2708333333	6	40.9641647339
17.2569444444	6	42.4955825806
18.2430555556	6	43.5706176758
19.2291666667	6	40.1228981018
20.2152777778	6	48.5124664307
21.2013888889	6	47.8852615356
22.1875	6	40.0266990662
23.1736111111	6	50.4387893677
24.1597222222	6	43.1869850159
25.1458333333	6	54.5724143982
26.1319444444	6	23.4968280792
27.1180555556	6	43.4701309204
28.1041666667	6	73.3180541992
29.0902777778	6	36.3855400085
30.0763888889	6	45.1002006531
31.0625	6	78.4356002808
32.0486111111	6	79.0690383911
33.0347222222	6	37.8381919861
34.0208333333	6	36.3921089172
35.0069444444	6	36.396484375
35.9930555556	6	40.3266105652
36.9791666667	6	38.4341163635
37.9652777778	6	32.1905136108
38.9513888889	6	35.7299919128
39.9375	6	50.2035179138
40.9236111111	6	72.1375961304
41.9097222222	6	39.9109725952
42.8958333333	6	18.7018852234
43.8819444444	6	50.4508018494
44.8680555556	6	53.0573387146
45.8541666667	6	27.1147251129
46.8402777778	6	33.4338378906
47.8263888889	6	43.9380874634
48.8125	6	34.1100883484
49.7986111111	6	25.4721012115
50.7847222222	6	22.3803977966
51.7708333333	6	71.8077926636
52.7569444444	6	40.4856262207
53.7430555556	6	73.0204467773
54.7291666667	6	87.2903137207
55.7152777778	6	75.8396835327
56.7013888889	6	34.221206665
57.6875	6	62.8114509583
58.6736111111	6	44.6630020142
59.6597222222	6	34.3998069763
60.6458333333	6	28.9236278534
61.6319444444	6	51.5250205994
62.6180555556	6	54.0043029785
63.6041666667	6	40.6252174377
64.5902777778	6	38.8572502136
65.5763888889	6	30.6277236938
66.5625	6	30.9963779449
67.5486111111	6	44.8657341003
68.5347222222	6	56.3556213379
69.5208333333	6	50.125919342
70.5069444444	6	72.5085144043
0.493055555556	5	45.3409385681
1.47916666667	5	44.8024940491
2.46527777778	5	24.3853302002
3.45138888889	5	25.3769664764
4.4375	5	29.0695343018
5.42361111111	5	68.8670730591
6.40972222222	5	118.408042908
7.39583333333	5	46.3315505981
8.38194444444	5	49.9103126526
9.36805555556	5	48.7669944763
10.3541666667	5	32.4665603638
11.3402777778	5	38.5279197693
12.3263888889	5	51.9494667053
13.3125	5	56.3579788208
14.2986111111	5	50.3422660828
15.2847222222	5	47.2481155396
16.2708333333	5	44.1533164978
17.2569444444	5	50.7715492249
18.2430555556	5	29.8336467743
19.2291666667	5	55.5832710266
20.2152777778	5	23.5369262695
21.2013888889	5	46.4684104919
22.1875	5	36.139919281
23.1736111111	5	35.5036125183
24.1597222222	5	44.8879318237
25.1458333333	5	41.437046051
26.1319444444	5	54.8434715271
27.1180555556	5	57.2866592407
28.1041666667	5	66.6427459717
29.0902777778	5	43.8567314148
30.0763888889	5	39.2533988953
31.0625	5	92.4962997437
32.0486111111	5	43.659942627
33.0347222222	5	33.7415466309
34.0208333333	5	55.6914138794
35.0069444444	5	54.0096588135
35.9930555556	5	36.7147140503
36.9791666667	5	42.3237457275
37.9652777778	5	35.1834068298
38.9513888889	5	30.6677436829
39.9375	5	27.5360870361
40.9236111111	5	24.9799251556
41.9097222222	5	73.2075805664
42.8958333333	5	40.2905921936
43.8819444444	5	50.9456443787
44.8680555556	5	50.8802909851
45.8541666667	5	62.9668121338
46.8402777778	5	44.1771736145
47.8263888889	5	36.3390464783
48.8125	5	33.1302146912
49.7986111111	5	56.5906677246
50.7847222222	5	48.2506484985
51.7708333333	5	37.4999542236
52.7569444444	5	35.7158966064
53.7430555556	5	55.1141014099
54.7291666667	5	57.9621238708
55.7152777778	5	42.6811981201
56.7013888889	5	44.2899551392
57.6875	5	27.9907588959
58.6736111111	5	27.7568016052
59.6597222222	5	31.2327976227
60.6458333333	5	54.3931465149
61.6319444444	5	18.7870769501
62.6180555556	5	26.3120498657
63.6041666667	5	22.2216758728
64.5902777778	5	28.3252773285
65.5763888889	5	28.3961429596
66.5625	5	60.5621566772
67.5486111111	5	28.8226318359
68.5347222222	5	25.1343173981
69.5208333333	5	38.1699447632
70.5069444444	5	43.2608833313
0.493055555556	4	52.8802108765
1.47916666667	4	69.8690643311
2.46527777778	4	65.3828735352
3.45138888889	4	56.9075241089
4.4375	4	21.7381153107
5.42361111111	4	50.5634803772
6.40972222222	4	32.0509376526
7.39583333333	4	34.9058036804
8.38194444444	4	55.0317344666
9.36805555556	4	59.8718490601
10.3541666667	4	33.5191612244
11.3402777778	4	36.6457710266
12.3263888889	4	31.2824649811
13.3125	4	54.1582565308
14.2986111111	4	44.6803016663
15.2847222222	4	44.7786102295
16.2708333333	4	48.1093521118
17.2569444444	4	50.3714675903
18.2430555556	4	60.5954399109
19.2291666667	4	52.8418540955
20.2152777778	4	30.1063098907
21.2013888889	4	75.9520950317
22.1875	4	51.3297386169
23.1736111111	4	38.7448234558
24.1597222222	4	36.7914924622
25.1458333333	4	37.8220291138
26.1319444444	4	38.8651809692
27.1180555556	4	29.3409099579
28.1041666667	4	39.6309127808
29.0902777778	4	48.2046432495
30.0763888889	4	63.0781021118
31.0625	4	43.1885032654
32.0486111111	4	50.164276123
33.0347222222	4	46.4630050659
34.0208333333	4	31.2639636993
35.0069444444	4	39.2481994629
35.9930555556	4	56.3375968933
36.9791666667	4	64.4509735107
37.9652777778	4	45.5672111511
38.9513888889	4	40.3794593811
39.9375	4	40.7453804016
40.9236111111	4	35.0646743774
41.9097222222	4	34.2380218506
42.8958333333	4	38.2433586121
43.8819444444	4	101.950012207
44.8680555556	4	57.7867546082
45.8541666667	4	74.721496582
46.8402777778	4	80.3549804688
47.8263888889	4	91.6177444458
48.8125	4	106.555778503
49.7986111111	4	64.7378387451
50.7847222222	4	79.6986999512
51.7708333333	4	54.8716430664
52.7569444444	4	36.106464386
53.7430555556	4	41.1053161621
54.7291666667	4	47.5810852051
55.7152777778	4	115.031616211
56.7013888889	4	36.5006217957
57.6875	4	69.8984069824
58.6736111111	4	21.8967895508
59.6597222222	4	66.6508331299
60.6458333333	4	26.3291225433
61.6319444444	4	61.4685287476
62.6180555556	4	120.676094055
63.6041666667	4	183.004898071
64.5902777778	4	87.780418396
65.5763888889	4	108.775550842
66.5625	4	105.157546997
67.5486111111	4	64.942237854
68.5347222222	4	67.9903106689
69.5208333333	4	63.8380813599
70.5069444444	4	76.9163818359
0.493055555556	3	65.4430618286
1.47916666667	3	102.267845154
2.46527777778	3	90.5277481079
3.45138888889	3	79.1190719604
4.4375	3	73.8064956665
5.42361111111	3	69.1169815063
6.40972222222	3	55.5739212036
7.39583333333	3	48.2542953491
8.38194444444	3	67.4953613281
9.36805555556	3	68.5337219238
10.3541666667	3	46.1046829224
11.3402777778	3	33.7330627441
12.3263888889	3	41.9319381714
13.3125	3	39.8970451355
14.2986111111	3	37.1568489075
15.2847222222	3	41.9432067871
16.2708333333	3	33.6342735291
17.2569444444	3	47.0714607239
18.2430555556	3	55.9156227112
19.2291666667	3	121.87878418
20.2152777778	3	60.324672699
21.2013888889	3	56.5769462585
22.1875	3	51.6819725037
23.1736111111	3	46.0881118774
24.1597222222	3	42.3249168396
25.1458333333	3	57.5357666016
26.1319444444	3	35.0107116699
27.1180555556	3	37.6844863892
28.1041666667	3	35.0085601807
29.0902777778	3	33.5929260254
30.0763888889	3	30.6564254761
31.0625	3	36.8927078247
32.0486111111	3	39.4378852844
33.0347222222	3	48.8278961182
34.0208333333	3	38.4610137939
35.0069444444	3	48.9065589905
35.9930555556	3	44.0890884399
36.9791666667	3	55.0590324402
37.9652777778	3	161.397979736
38.9513888889	3	110.404022217
39.9375	3	22.6419487
40.9236111111	3	51.3135681152
41.9097222222	3	38.0105781555
42.8958333333	3	33.4956016541
43.8819444444	3	42.1940193176
44.8680555556	3	31.6872596741
45.8541666667	3	40.224811554
46.8402777778	3	40.0724487305
47.8263888889	3	49.7893791199
48.8125	3	37.251499176
49.7986111111	3	24.9354381561
50.7847222222	3	32.1790771484
51.7708333333	3	21.7370967865
52.7569444444	3	25.5078754425
53.7430555556	3	24.0190067291
54.7291666667	3	26.2315292358
55.7152777778	3	35.76197052
56.7013888889	3	28.4573535919
57.6875	3	38.0240936279
58.6736111111	3	52.0383834839
59.6597222222	3	63.789188385
60.6458333333	3	28.5324249268
61.6319444444	3	52.0938568115
62.6180555556	3	68.8527755737
63.6041666667	3	60.158531189
64.5902777778	3	65.2211151123
65.5763888889	3	90.8577423096
66.5625	3	93.3974990845
67.5486111111	3	85.2061004639
68.5347222222	3	102.749061584
69.5208333333	3	111.760383606
70.5069444444	3	81.4720993042
0.493055555556	2	123.619018555
1.47916666667	2	126.853050232
2.46527777778	2	136.817214966
3.45138888889	2	129.213180542
4.4375	2	128.182128906
5.42361111111	2	90.4324264526
6.40972222222	2	122.744148254
7.39583333333	2	108.538887024
8.38194444444	2	102.520248413
9.36805555556	2	98.7643661499
10.3541666667	2	85.6368408203
11.3402777778	2	89.9951019287
12.3263888889	2	83.0525283813
13.3125	2	74.3268203735
14.2986111111	2	70.7552871704
15.2847222222	2	72.3352279663
16.2708333333	2	62.4699707031
17.2569444444	2	85.8890304565
18.2430555556	2	117.848075867
19.2291666667	2	79.2766723633
20.2152777778	2	110.105644226
21.2013888889	2	62.6069145203
22.1875	2	81.5765075684
23.1736111111	2	40.0086898804
24.1597222222	2	61.584312439
25.1458333333	2	59.4122695923
26.1319444444	2	57.1703720093
27.1180555556	2	67.2484893799
28.1041666667	2	55.8461303711
29.0902777778	2	51.117313385
30.0763888889	2	55.2409706116
31.0625	2	51.7591323853
32.0486111111	2	50.8121986389
33.0347222222	2	59.8442230225
34.0208333333	2	59.5832481384
35.0069444444	2	55.70337677
35.9930555556	2	59.0010032654
36.9791666667	2	50.4159240723
37.9652777778	2	110.18711853
38.9513888889	2	170.087234497
39.9375	2	107.847129822
40.9236111111	2	124.623687744
41.9097222222	2	75.3838577271
42.8958333333	2	64.1380310059
43.8819444444	2	93.1173248291
44.8680555556	2	66.6971282959
45.8541666667	2	48.6349411011
46.8402777778	2	54.3507995605
47.8263888889	2	61.6128578186
48.8125	2	69.1588973999
49.7986111111	2	83.6775360107
50.7847222222	2	101.941955566
51.7708333333	2	82.8005752563
52.7569444444	2	63.1417503357
53.7430555556	2	32.6033859253
54.7291666667	2	47.7472953796
55.7152777778	2	107.406723022
56.7013888889	2	105.166259766
57.6875	2	95.0040054321
58.6736111111	2	82.8820114136
59.6597222222	2	68.2615127563
60.6458333333	2	88.6797409058
61.6319444444	2	59.9025115967
62.6180555556	2	48.2097816467
63.6041666667	2	47.6078186035
64.5902777778	2	68.8090438843
65.5763888889	2	75.0767593384
66.5625	2	111.923713684
67.5486111111	2	95.7528762817
68.5347222222	2	94.1589355469
69.5208333333	2	130.626144409
70.5069444444	2	139.296188354
0.493055555556	1	153.742965698
1.47916666667	1	131.297866821
2.46527777778	1	135.749832153
3.45138888889	1	145.612640381
4.4375	1	140.811477661
5.42361111111	1	149.913421631
6.40972222222	1	154.335266113
7.39583333333	1	153.316009521
8.38194444444	1	152.581253052
9.36805555556	1	126.10823822
10.3541666667	1	144.296401978
11.3402777778	1	158.755401611
12.3263888889	1	89.8460998535
13.3125	1	100.727912903
14.2986111111	1	120.797058105
15.2847222222	1	124.137260437
16.2708333333	1	105.095718384
17.2569444444	1	105.339752197
18.2430555556	1	111.201797485
19.2291666667	1	105.613288879
20.2152777778	1	123.024093628
21.2013888889	1	130.651489258
22.1875	1	143.310806274
23.1736111111	1	142.070571899
24.1597222222	1	134.822525024
25.1458333333	1	270.821105957
26.1319444444	1	235.139221191
27.1180555556	1	158.395507812
28.1041666667	1	265.563568115
29.0902777778	1	242.173583984
30.0763888889	1	315.403961182
31.0625	1	232.750610352
32.0486111111	1	248.862823486
33.0347222222	1	273.936828613
34.0208333333	1	250.376693726
35.0069444444	1	297.820648193
35.9930555556	1	289.545166016
36.9791666667	1	332.530273438
37.9652777778	1	384.159851074
38.9513888889	1	287.743621826
39.9375	1	307.128448486
40.9236111111	1	290.365447998
41.9097222222	1	257.436920166
42.8958333333	1	239.530258179
43.8819444444	1	254.858184814
44.8680555556	1	217.208450317
45.8541666667	1	266.399658203
46.8402777778	1	281.455780029
47.8263888889	1	285.375701904
48.8125	1	237.520370483
49.7986111111	1	235.094741821
50.7847222222	1	220.431869507
51.7708333333	1	229.685791016
52.7569444444	1	366.645477295
53.7430555556	1	239.871261597
54.7291666667	1	50.0397338867
55.7152777778	1	139.744537354
56.7013888889	1	145.866195679
57.6875	1	215.451431274
58.6736111111	1	209.389205933
59.6597222222	1	244.850921631
60.6458333333	1	201.167007446
61.6319444444	1	211.041305542
62.6180555556	1	177.549880981
63.6041666667	1	196.761779785
64.5902777778	1	182.648300171
65.5763888889	1	107.097450256
66.5625	1	126.850891113
67.5486111111	1	139.071487427
68.5347222222	1	168.050537109
69.5208333333	1	151.912902832
70.5069444444	1	105.42754364
0.493055555556	0	40.7021484375
1.47916666667	0	40.7021484375
2.46527777778	0	40.7021484375
3.45138888889	0	40.7021484375
4.4375	0	40.7021484375
5.42361111111	0	40.7021484375
6.40972222222	0	40.7021484375
7.39583333333	0	40.7021484375
8.38194444444	0	40.7021484375
9.36805555556	0	40.7021484375
10.3541666667	0	40.7021484375
11.3402777778	0	40.7021484375
12.3263888889	0	40.7021484375
13.3125	0	40.7021484375
14.2986111111	0	40.7021484375
15.2847222222	0	40.7021484375
16.2708333333	0	40.7021484375
17.2569444444	0	40.7021484375
18.2430555556	0	40.7021484375
19.2291666667	0	40.7021484375
20.2152777778	0	40.7021484375
21.2013888889	0	40.7021484375
22.1875	0	40.7021484375
23.1736111111	0	40.7021484375
24.1597222222	0	40.7021484375
25.1458333333	0	40.7021484375
26.1319444444	0	40.7021484375
27.1180555556	0	40.7021484375
28.1041666667	0	40.7021484375
29.0902777778	0	40.7021484375
30.0763888889	0	40.7021484375
31.0625	0	40.7021484375
32.0486111111	0	40.7021484375
33.0347222222	0	40.7021484375
34.0208333333	0	40.7021484375
35.0069444444	0	40.7021484375
35.9930555556	0	40.7021484375
36.9791666667	0	40.7021484375
37.9652777778	0	40.7021484375
38.9513888889	0	40.7021484375
39.9375	0	40.7021484375
40.9236111111	0	40.7021484375
41.9097222222	0	40.7021484375
42.8958333333	0	40.7021484375
43.8819444444	0	40.7021484375
44.8680555556	0	40.7021484375
45.8541666667	0	40.7021484375
46.8402777778	0	40.7021484375
47.8263888889	0	40.7021484375
48.8125	0	40.7021484375
49.7986111111	0	40.7021484375
50.7847222222	0	40.7021484375
51.7708333333	0	40.7021484375
52.7569444444	0	40.7021484375
53.7430555556	0	40.7021484375
54.7291666667	0	40.7021484375
55.7152777778	0	40.7021484375
56.7013888889	0	40.7021484375
57.6875	0	40.7021484375
58.6736111111	0	40.7021484375
59.6597222222	0	40.7021484375
60.6458333333	0	40.7021484375
61.6319444444	0	40.7021484375
62.6180555556	0	40.7021484375
63.6041666667	0	40.7021484375
64.5902777778	0	40.7021484375
65.5763888889	0	40.7021484375
66.5625	0	40.7021484375
67.5486111111	0	40.7021484375
68.5347222222	0	40.7021484375
69.5208333333	0	40.7021484375
70.5069444444	0	40.7021484375
