0 0 2 1
0.005 0.000212427 2 1
0.01 0.000424855 2 1
0.015 0.000637282 2 1
0.02 0.000849709 2 1
0.025 0.00106214 2 1
0.03 0.00127456 2 1
0.035 0.00148699 2 1
0.04 0.00169942 2 1
0.045 0.00191185 2 1
0.05 0.00212427 2 1
0.055 0.0023367 2 1
0.06 0.00254913 2 1
0.065 0.00276156 2 1
0.07 0.00297398 2 1
0.075 0.00318641 2 1
0.08 0.00339884 2 1
0.085 0.00361126 2 1
0.09 0.00382369 2 1
0.095 0.00403612 2 1
0.1 0.00424855 2 1
0.105 0.00446097 2 1
0.11 0.0046734 2 1
0.115 0.00488583 2 1
0.12 0.00509826 2 1
0.125 0.00531068 2 1
0.13 0.00552311 2 1
0.135 0.00573554 2 1
0.14 0.00594797 2 1
0.145 0.00616039 2 1
0.15 0.00637282 2 1
0.155 0.00658525 2 1
0.16 0.00679767 2 1
0.165 0.0070101 2 1
0.17 0.00722253 2 1
0.175 0.00743496 2 1
0.18 0.00764738 2 1
0.185 0.00785981 2 1
0.19 0.00807224 2 1
0.195 0.00828467 2 1
0.2 0.00849709 2 1
0.205 0.00870952 2 1
0.21 0.00892195 2 1
0.215 0.00913438 2 1
0.22 0.0093468 2 1
0.225 0.00955923 2 1
0.23 0.00977166 2 1
0.235 0.00998408 2 1
0.24 0.0101965 2 1
0.245 0.0104089 2 1
0.25 0.0106214 2 1
0.255 0.0108338 2 1
0.26 0.0110462 2 1
0.265 0.0112586 2 1
0.27 0.0114711 2 1
0.275 0.0116835 2 1
0.28 0.0118959 2 1
0.285 0.0121084 2 1
0.29 0.0123208 2 1
0.295 0.0125332 2 1
0.3 0.0127456 2 1
0.305 0.0129581 2 1
0.31 0.0131705 2 1
0.315 0.0133829 2 1
0.32 0.0135953 2 1
0.325 0.0138078 2 1
0.33 0.0140202 2 1
0.335 0.0142326 2 1
0.34 0.0144451 2 1
0.345 0.0146575 2 1
0.35 0.0148699 2 1
0.355 0.0150823 2 1
0.36 0.0152948 2 1
0.365 0.0155072 2 1
0.37 0.0157196 2 1
0.375 0.0159321 2 1
0.38 0.0161445 2 1
0.385 0.0163569 2 1
0.39 0.0165693 2 1
0.395 0.0167818 2 1
0.4 0.0169942 2 1
0.405 0.0172066 2 1
0.41 0.017419 2 1
0.415 0.0176315 2 1
0.42 0.0178439 2 1
0.425 0.0180563 2 1
0.43 0.0182688 2 1
0.435 0.0184812 2 1
0.44 0.0186936 2 1
0.445 0.018906 2 1
0.45 0.0191185 2 1
0.455 0.0193309 2 1
0.46 0.0195433 2 1
0.465 0.0197557 2 1
0.47 0.0199682 2 1
0.475 0.0201806 2 1
0.48 0.020393 2 1
0.485 0.0206055 2 1
0.49 0.0208179 2 1
0.495 0.0210303 2 1
0.5 0.0212427 2 1
0.505 0.0214552 2 1
0.51 0.0216676 2 1
0.515 0.02188 2 1
0.52 0.0220924 2 1
0.525 0.0223049 2 1
0.53 0.0225173 2 1
0.535 0.0227297 2 1
0.54 0.0229422 2 1
0.545 0.0231546 2 1
0.55 0.023367 2 1
0.555 0.0235794 2 1
0.56 0.0237919 2 1
0.565 0.0240043 2 1
0.57 0.0242167 2 1
0.575 0.0244291 2 1
0.58 0.0246416 2 1
0.585 0.024854 2 1
0.59 0.0250664 2 1
0.595 0.0252789 2 1
0.6 0.0254913 2 1
0.605 0.0257037 2 1
0.61 0.0259161 2 1
0.615 0.0261286 2 1
0.62 0.026341 2 1
0.625 0.0265534 2 1
0.63 0.0267658 2 1
0.635 0.0269783 2 1
0.64 0.0271907 2 1
0.645 0.0274031 2 1
0.65 0.0276156 2 1
0.655 0.027828 2 1
0.66 0.0280404 2 1
0.665 0.0282528 2 1
0.67 0.0284653 2 1
0.675 0.0286777 2 1
0.68 0.0288901 2 1
0.685 0.0291025 2 1
0.69 0.029315 2 1
0.695 0.0295274 2 1
0.7 0.0297398 2 1
0.705 0.0299523 2 1
0.71 0.0301647 2 1
0.715 0.0303771 2 1
0.72 0.0305895 2 1
0.725 0.030802 2 1
0.73 0.0310144 2 1
0.735 0.0312268 2 1
0.74 0.0314392 2 1
0.745 0.0316517 2 1
0.75 0.0318641 2 1
0.755 0.0320765 2 1
0.76 0.032289 2 1
0.765 0.0325014 2 1
0.77 0.0327138 2 1
0.775 0.0329262 2 1
0.78 0.0331387 2 1
0.785 0.0333511 2 1
0.79 0.0335635 2 1
0.795 0.0337759 2 1
0.8 0.0339884 2 1
0.805 0.0342008 2 1
0.81 0.0344132 2 1
0.815 0.0346257 2 1
0.82 0.0348381 2 1
0.825 0.0350505 2 1
0.83 0.0352629 2 1
0.835 0.0354754 2 1
0.84 0.0356878 2 1
0.845 0.0359002 2 1
0.85 0.0361126 2 1
0.855 0.0363251 2 1
0.86 0.0365375 2 1
0.865 0.0367499 2 1
0.87 0.0369624 2 1
0.875 0.0371748 2 1
0.88 0.0373872 2 1
0.885 0.0375996 2 1
0.89 0.0378121 2 1
0.895 0.0380245 2 1
0.9 0.0382369 2 1
0.905 0.0384493 2 1
0.91 0.0386618 2 1
0.915 0.0388742 2 1
0.92 0.0390866 2 1
0.925 0.0392991 2 1
0.93 0.0395115 2 1
0.935 0.0397239 2 1
0.94 0.0399363 2 1
0.945 0.0401488 2 1
0.95 0.0403612 2 1
0.955 0.0405736 2 1
0.96 0.040786 2 1
0.965 0.0409985 2 1
0.97 0.0412109 2 1
0.975 0.0414233 2 1
0.98 0.0416358 2 1
0.985 0.0418482 2 1
0.99 0.0420606 2 1
0.995 0.042273 2 1
1 0.0429861 2 1
1.005 0.0432041 2 1
1.01 0.0434221 2 1
1.015 0.04364 2 1
1.02 0.043858 2 1
1.025 0.044076 2 1
1.03 0.0442939 2 1
1.035 0.0445119 2 1
1.04 0.0447299 2 1
1.045 0.0449478 2 1
1.05 0.0451658 2 1
1.055 0.0453838 2 1
1.06 0.0456017 2 1
1.065 0.0458197 2 1
1.07 0.0460376 2 1
1.075 0.0462556 2 1
1.08 0.0464736 2 1
1.085 0.0466915 2 1
1.09 0.0469095 2 1
1.095 0.0471275 2 1
1.1 0.0473454 2 1
1.105 0.0475634 2 1
1.11 0.0477814 2 1
1.115 0.0479993 2 1
1.12 0.0482173 2 1
1.125 0.0484353 2 1
1.13 0.0486532 2 1
1.135 0.0488712 2 1
1.14 0.0490892 2 1
1.145 0.0493071 2 1
1.15 0.0495251 2 1
1.155 0.0497431 2 1
1.16 0.049961 2 1
1.165 0.050179 2 1
1.17 0.050397 2 1
1.175 0.0506149 2 1
1.18 0.0508329 2 1
1.185 0.0510508 2 1
1.19 0.0512688 2 1
1.195 0.0514868 2 1
1.2 0.0517047 2 1
1.205 0.0519227 2 1
1.21 0.0521407 2 1
1.215 0.0523586 2 1
1.22 0.0525766 2 1
1.225 0.0527946 2 1
1.23 0.0530125 2 1
1.235 0.0532305 2 1
1.24 0.0534485 2 1
1.245 0.0536664 2 1
1.25 0.0538844 2 1
1.255 0.0541024 2 1
1.26 0.0543203 2 1
1.265 0.0545383 2 1
1.27 0.0547563 2 1
1.275 0.0549742 2 1
1.28 0.0551922 2 1
1.285 0.0554101 2 1
1.29 0.0556281 2 1
1.295 0.0558461 2 1
1.3 0.056064 2 1
1.305 0.056282 2 1
1.31 0.0565 2 1
1.315 0.0567179 2 1
1.32 0.0569359 2 1
1.325 0.0571539 2 1
1.33 0.0573718 2 1
1.335 0.0575898 2 1
1.34 0.0578078 2 1
1.345 0.0580257 2 1
1.35 0.0582437 2 1
1.355 0.0584617 2 1
1.36 0.0586796 2 1
1.365 0.0588976 2 1
1.37 0.0591156 2 1
1.375 0.0593335 2 1
1.38 0.0595515 2 1
1.385 0.0597695 2 1
1.39 0.0599874 2 1
1.395 0.0602054 2 1
1.4 0.0604233 2 1
1.405 0.0606413 2 1
1.41 0.0608593 2 1
1.415 0.0610772 2 1
1.42 0.0612952 2 1
1.425 0.0615132 2 1
1.43 0.0617311 2 1
1.435 0.0619491 2 1
1.44 0.0621671 2 1
1.445 0.062385 2 1
1.45 0.062603 2 1
1.455 0.062821 2 1
1.46 0.0630389 2 1
1.465 0.0632569 2 1
1.47 0.0634749 2 1
1.475 0.0636928 2 1
1.48 0.0639108 2 1
1.485 0.0641288 2 1
1.49 0.0643467 2 1
1.495 0.0645647 2 1
1.5 0.0647827 2 1
1.505 0.0650006 2 1
1.51 0.0652186 2 1
1.515 0.0654365 2 1
1.52 0.0656545 2 1
1.525 0.0658725 2 1
1.53 0.0660904 2 1
1.535 0.0663084 2 1
1.54 0.0665264 2 1
1.545 0.0667443 2 1
1.55 0.0669623 2 1
1.555 0.0671803 2 1
1.56 0.0673982 2 1
1.565 0.0676162 2 1
1.57 0.0678342 2 1
1.575 0.0680521 2 1
1.58 0.0682701 2 1
1.585 0.0684881 2 1
1.59 0.068706 2 1
1.595 0.068924 2 1
1.6 0.069142 2 1
1.605 0.0693599 2 1
1.61 0.0695779 2 1
1.615 0.0697959 2 1
1.62 0.0700138 2 1
1.625 0.0702318 2 1
1.63 0.0704497 2 1
1.635 0.0706677 2 1
1.64 0.0708857 2 1
1.645 0.0711036 2 1
1.65 0.0713216 2 1
1.655 0.0715396 2 1
1.66 0.0717575 2 1
1.665 0.0719755 2 1
1.67 0.0721935 2 1
1.675 0.0724114 2 1
1.68 0.0726294 2 1
1.685 0.0728474 2 1
1.69 0.0730653 2 1
1.695 0.0732833 2 1
1.7 0.0735013 2 1
1.705 0.0737192 2 1
1.71 0.0739372 2 1
1.715 0.0741552 2 1
1.72 0.0743731 2 1
1.725 0.0745911 2 1
1.73 0.074809 2 1
1.735 0.075027 2 1
1.74 0.075245 2 1
1.745 0.0754629 2 1
1.75 0.0756809 2 1
1.755 0.0758989 2 1
1.76 0.0761168 2 1
1.765 0.0763348 2 1
1.77 0.0765528 2 1
1.775 0.0767707 2 1
1.78 0.0769887 2 1
1.785 0.0772067 2 1
1.79 0.0774246 2 1
1.795 0.0776426 2 1
1.8 0.0778606 2 1
1.805 0.0780785 2 1
1.81 0.0782965 2 1
1.815 0.0785145 2 1
1.82 0.0787324 2 1
1.825 0.0789504 2 1
1.83 0.0791684 2 1
1.835 0.0793863 2 1
1.84 0.0796043 2 1
1.845 0.0798222 2 1
1.85 0.0800402 2 1
1.855 0.0802582 2 1
1.86 0.0804761 2 1
1.865 0.0806941 2 1
1.87 0.0809121 2 1
1.875 0.08113 2 1
1.88 0.081348 2 1
1.885 0.081566 2 1
1.89 0.0817839 2 1
1.895 0.0820019 2 1
1.9 0.0822199 2 1
1.905 0.0824378 2 1
1.91 0.0826558 2 1
1.915 0.0828738 2 1
1.92 0.0830917 2 1
1.925 0.0833097 2 1
1.93 0.0835277 2 1
1.935 0.0837456 2 1
1.94 0.0839636 2 1
1.945 0.0841816 2 1
1.95 0.0843995 2 1
1.955 0.0846175 2 1
1.96 0.0848354 2 1
1.965 0.0850534 2 1
1.97 0.0852714 2 1
1.975 0.0854893 2 1
1.98 0.0857073 2 1
1.985 0.0859253 2 1
1.99 0.0861432 2 1
1.995 0.0863612 2 1
2 0.0865792 2 1
2.005 0.0867971 2 1
2.01 0.0870151 2 1
2.015 0.0872331 2 1
2.02 0.087451 2 1
2.025 0.087669 2 1
2.03 0.087887 2 1
2.035 0.0881049 2 1
2.04 0.0883229 2 1
2.045 0.0885409 2 1
2.05 0.0887588 2 1
2.055 0.0889768 2 1
2.06 0.0891948 2 1
2.065 0.0894127 2 1
2.07 0.0896307 2 1
2.075 0.0898486 2 1
2.08 0.0900666 2 1
2.085 0.0902846 2 1
2.09 0.0905025 2 1
2.095 0.0907205 2 1
2.1 0.0909385 2 1
2.105 0.0911564 2 1
2.11 0.0913744 2 1
2.115 0.0915924 2 1
2.12 0.0918103 2 1
2.125 0.0920283 2 1
2.13 0.0922463 2 1
2.135 0.0924642 2 1
2.14 0.0926822 2 1
2.145 0.0929002 2 1
2.15 0.0931181 2 1
2.155 0.0933361 2 1
2.16 0.0935541 2 1
2.165 0.093772 2 1
2.17 0.09399 2 1
2.175 0.0942079 2 1
2.18 0.0944259 2 1
2.185 0.0946439 2 1
2.19 0.0948618 2 1
2.195 0.0950798 2 1
2.2 0.0952978 2 1
2.205 0.0955157 2 1
2.21 0.0957337 2 1
2.215 0.0959517 2 1
2.22 0.0961696 2 1
2.225 0.0963876 2 1
2.23 0.0966056 2 1
2.235 0.0968235 2 1
2.24 0.0970415 2 1
2.245 0.0972595 2 1
2.25 0.0974774 2 1
2.255 0.0976954 2 1
2.26 0.0979134 2 1
2.265 0.0981313 2 1
2.27 0.0983493 2 1
2.275 0.0985673 2 1
2.28 0.0987852 2 1
2.285 0.0990032 2 1
2.29 0.0992211 2 1
2.295 0.0994391 2 1
2.3 0.0996571 2 1
2.305 0.099875 2 1
2.31 0.100093 2 1
2.315 0.100311 2 1
2.32 0.100529 2 1
2.325 0.100747 2 1
2.33 0.100965 2 1
2.335 0.101183 2 1
2.34 0.101401 2 1
2.345 0.101619 2 1
2.35 0.101837 2 1
2.355 0.102055 2 1
2.36 0.102273 2 1
2.365 0.102491 2 1
2.37 0.102709 2 1
2.375 0.102927 2 1
2.38 0.103145 2 1
2.385 0.103362 2 1
2.39 0.10358 2 1
2.395 0.103798 2 1
2.4 0.104016 2 1
2.405 0.104234 2 1
2.41 0.104452 2 1
2.415 0.10467 2 1
2.42 0.104888 2 1
2.425 0.105106 2 1
2.43 0.105324 2 1
2.435 0.105542 2 1
2.44 0.10576 2 1
2.445 0.105978 2 1
2.45 0.106196 2 1
2.455 0.106414 2 1
2.46 0.106632 2 1
2.465 0.10685 2 1
2.47 0.107068 2 1
2.475 0.107286 2 1
2.48 0.107504 2 1
2.485 0.107722 2 1
2.49 0.10794 2 1
2.495 0.108158 2 1
2.5 0.108376 2 1
2.505 0.108594 2 1
2.51 0.108812 2 1
2.515 0.10903 2 1
2.52 0.109248 2 1
2.525 0.109466 2 1
2.53 0.109683 2 1
2.535 0.109901 2 1
2.54 0.110119 2 1
2.545 0.110337 2 1
2.55 0.110555 2 1
2.555 0.110773 2 1
2.56 0.110991 2 1
2.565 0.111209 2 1
2.57 0.111427 2 1
2.575 0.111645 2 1
2.58 0.111863 2 1
2.585 0.112081 2 1
2.59 0.112299 2 1
2.595 0.112517 2 1
2.6 0.112735 2 1
2.605 0.112953 2 1
2.61 0.113171 2 1
2.615 0.113389 2 1
2.62 0.113607 2 1
2.625 0.113825 2 1
2.63 0.114043 2 1
2.635 0.114261 2 1
2.64 0.114479 2 1
2.645 0.114697 2 1
2.65 0.114915 2 1
2.655 0.115133 2 1
2.66 0.115351 2 1
2.665 0.115569 2 1
2.67 0.115787 2 1
2.675 0.116004 2 1
2.68 0.116222 2 1
2.685 0.11644 2 1
2.69 0.116658 2 1
2.695 0.116876 2 1
2.7 0.117094 2 1
2.705 0.117312 2 1
2.71 0.11753 2 1
2.715 0.117748 2 1
2.72 0.117966 2 1
2.725 0.118184 2 1
2.73 0.118402 2 1
2.735 0.11862 2 1
2.74 0.118838 2 1
2.745 0.119056 2 1
2.75 0.119274 2 1
2.755 0.119492 2 1
2.76 0.11971 2 1
2.765 0.119928 2 1
2.77 0.120146 2 1
2.775 0.120364 2 1
2.78 0.120582 2 1
2.785 0.1208 2 1
2.79 0.121018 2 1
2.795 0.121236 2 1
2.8 0.121454 2 1
2.805 0.121672 2 1
2.81 0.12189 2 1
2.815 0.122107 2 1
2.82 0.122325 2 1
2.825 0.122543 2 1
2.83 0.122761 2 1
2.835 0.122979 2 1
2.84 0.123197 2 1
2.845 0.123415 2 1
2.85 0.123633 2 1
2.855 0.123851 2 1
2.86 0.124069 2 1
2.865 0.124287 2 1
2.87 0.124505 2 1
2.875 0.124723 2 1
2.88 0.124941 2 1
2.885 0.125159 2 1
2.89 0.125377 2 1
2.895 0.125595 2 1
2.9 0.125813 2 1
2.905 0.126031 2 1
2.91 0.126249 2 1
2.915 0.126467 2 1
2.92 0.126685 2 1
2.925 0.126903 2 1
2.93 0.127121 2 1
2.935 0.127339 2 1
2.94 0.127557 2 1
2.945 0.127775 2 1
2.95 0.127993 2 1
2.955 0.128211 2 1
2.96 0.128428 2 1
2.965 0.128646 2 1
2.97 0.128864 2 1
2.975 0.129082 2 1
2.98 0.1293 2 1
2.985 0.129518 2 1
2.99 0.129736 2 1
2.995 0.129954 2 1
3 0.130172 2 1
3.005 0.13039 2 1
3.01 0.130608 2 1
3.015 0.130826 2 1
3.02 0.131044 2 1
3.025 0.131262 2 1
3.03 0.13148 2 1
3.035 0.131698 2 1
3.04 0.131916 2 1
3.045 0.132134 2 1
3.05 0.132352 2 1
3.055 0.13257 2 1
3.06 0.132788 2 1
3.065 0.133006 2 1
3.07 0.133224 2 1
3.075 0.133442 2 1
3.08 0.13366 2 1
3.085 0.133878 2 1
3.09 0.134096 2 1
3.095 0.134314 2 1
3.1 0.134532 2 1
3.105 0.134749 2 1
3.11 0.134967 2 1
3.115 0.135185 2 1
3.12 0.135403 2 1
3.125 0.135621 2 1
3.13 0.135839 2 1
3.135 0.136057 2 1
3.14 0.136275 2 1
3.145 0.136493 2 1
3.15 0.136711 2 1
3.155 0.136929 2 1
3.16 0.137147 2 1
3.165 0.137365 2 1
3.17 0.137583 2 1
3.175 0.137801 2 1
3.18 0.138019 2 1
3.185 0.138237 2 1
3.19 0.138455 2 1
3.195 0.138673 2 1
3.2 0.138891 2 1
3.205 0.139109 2 1
3.21 0.139327 2 1
3.215 0.139545 2 1
3.22 0.139763 2 1
3.225 0.139981 2 1
3.23 0.140199 2 1
3.235 0.140417 2 1
3.24 0.140635 2 1
3.245 0.140852 2 1
3.25 0.14107 2 1
3.255 0.141288 2 1
3.26 0.141506 2 1
3.265 0.141724 2 1
3.27 0.141942 2 1
3.275 0.14216 2 1
3.28 0.142378 2 1
3.285 0.142596 2 1
3.29 0.142814 2 1
3.295 0.143032 2 1
3.3 0.14325 2 1
3.305 0.143468 2 1
3.31 0.143686 2 1
3.315 0.143904 2 1
3.32 0.144122 2 1
3.325 0.14434 2 1
3.33 0.144558 2 1
3.335 0.144776 2 1
3.34 0.144994 2 1
3.345 0.145212 2 1
3.35 0.14543 2 1
3.355 0.145648 2 1
3.36 0.145866 2 1
3.365 0.146084 2 1
3.37 0.146302 2 1
3.375 0.14652 2 1
3.38 0.146738 2 1
3.385 0.146956 2 1
3.39 0.147173 2 1
3.395 0.147391 2 1
3.4 0.147609 2 1
3.405 0.147827 2 1
3.41 0.148045 2 1
3.415 0.148263 2 1
3.42 0.148481 2 1
3.425 0.148699 2 1
3.43 0.148917 2 1
3.435 0.149135 2 1
3.44 0.149353 2 1
3.445 0.149571 2 1
3.45 0.149789 2 1
3.455 0.150007 2 1
3.46 0.150225 2 1
3.465 0.150443 2 1
3.47 0.150661 2 1
3.475 0.150879 2 1
3.48 0.151097 2 1
3.485 0.151315 2 1
3.49 0.151533 2 1
3.495 0.151751 2 1
3.5 0.151969 2 1
3.505 0.152187 2 1
3.51 0.152405 2 1
3.515 0.152623 2 1
3.52 0.152841 2 1
3.525 0.153059 2 1
3.53 0.153277 2 1
3.535 0.153494 2 1
3.54 0.153712 2 1
3.545 0.15393 2 1
3.55 0.154148 2 1
3.555 0.154366 2 1
3.56 0.154584 2 1
3.565 0.154802 2 1
3.57 0.15502 2 1
3.575 0.155238 2 1
3.58 0.155456 2 1
3.585 0.155674 2 1
3.59 0.155892 2 1
3.595 0.15611 2 1
3.6 0.156328 2 1
3.605 0.156546 2 1
3.61 0.156764 2 1
3.615 0.156982 2 1
3.62 0.1572 2 1
3.625 0.157418 2 1
3.63 0.157636 2 1
3.635 0.157854 2 1
3.64 0.158072 2 1
3.645 0.15829 2 1
3.65 0.158508 2 1
3.655 0.158726 2 1
3.66 0.158944 2 1
3.665 0.159162 2 1
3.67 0.15938 2 1
3.675 0.159597 2 1
3.68 0.159815 2 1
3.685 0.160033 2 1
3.69 0.160251 2 1
3.695 0.160469 2 1
3.7 0.160687 2 1
3.705 0.160905 2 1
3.71 0.161123 2 1
3.715 0.161341 2 1
3.72 0.161559 2 1
3.725 0.161777 2 1
3.73 0.161995 2 1
3.735 0.162213 2 1
3.74 0.162431 2 1
3.745 0.162649 2 1
3.75 0.162867 2 1
3.755 0.163085 2 1
3.76 0.163303 2 1
3.765 0.163521 2 1
3.77 0.163739 2 1
3.775 0.163957 2 1
3.78 0.164175 2 1
3.785 0.164393 2 1
3.79 0.164611 2 1
3.795 0.164829 2 1
3.8 0.165047 2 1
3.805 0.165265 2 1
3.81 0.165483 2 1
3.815 0.165701 2 1
3.82 0.165918 2 1
3.825 0.166136 2 1
3.83 0.166354 2 1
3.835 0.166572 2 1
3.84 0.16679 2 1
3.845 0.167008 2 1
3.85 0.167226 2 1
3.855 0.167444 2 1
3.86 0.167662 2 1
3.865 0.16788 2 1
3.87 0.168098 2 1
3.875 0.168316 2 1
3.88 0.168534 2 1
3.885 0.168752 2 1
3.89 0.16897 2 1
3.895 0.169188 2 1
3.9 0.169406 2 1
3.905 0.169624 2 1
3.91 0.169842 2 1
3.915 0.17006 2 1
3.92 0.170278 2 1
3.925 0.170496 2 1
3.93 0.170714 2 1
3.935 0.170932 2 1
3.94 0.17115 2 1
3.945 0.171368 2 1
3.95 0.171586 2 1
3.955 0.171804 2 1
3.96 0.172022 2 1
3.965 0.172239 2 1
3.97 0.172457 2 1
3.975 0.172675 2 1
3.98 0.172893 2 1
3.985 0.173111 2 1
3.99 0.173329 2 1
3.995 0.173547 2 1
4 0.173765 2 1
4.005 0.173983 2 1
4.01 0.174201 2 1
4.015 0.174419 2 1
4.02 0.174637 2 1
4.025 0.174855 2 1
4.03 0.175073 2 1
4.035 0.175291 2 1
4.04 0.175509 2 1
4.045 0.175727 2 1
4.05 0.175945 2 1
4.055 0.176163 2 1
4.06 0.176381 2 1
4.065 0.176599 2 1
4.07 0.176817 2 1
4.075 0.177035 2 1
4.08 0.177253 2 1
4.085 0.177471 2 1
4.09 0.177689 2 1
4.095 0.177907 2 1
4.1 0.178125 2 1
4.105 0.178343 2 1
4.11 0.17856 2 1
4.115 0.178778 2 1
4.12 0.178996 2 1
4.125 0.179214 2 1
4.13 0.179432 2 1
4.135 0.17965 2 1
4.14 0.179868 2 1
4.145 0.180086 2 1
4.15 0.180304 2 1
4.155 0.180522 2 1
4.16 0.18074 2 1
4.165 0.180958 2 1
4.17 0.181176 2 1
4.175 0.181394 2 1
4.18 0.181612 2 1
4.185 0.18183 2 1
4.19 0.182048 2 1
4.195 0.182266 2 1
4.2 0.182484 2 1
4.205 0.182702 2 1
4.21 0.18292 2 1
4.215 0.183138 2 1
4.22 0.183356 2 1
4.225 0.183574 2 1
4.23 0.183792 2 1
4.235 0.18401 2 1
4.24 0.184228 2 1
4.245 0.184446 2 1
4.25 0.184663 2 1
4.255 0.184881 2 1
4.26 0.185099 2 1
4.265 0.185317 2 1
4.27 0.185535 2 1
4.275 0.185753 2 1
4.28 0.185971 2 1
4.285 0.186189 2 1
4.29 0.186407 2 1
4.295 0.186625 2 1
4.3 0.186843 2 1
4.305 0.187061 2 1
4.31 0.187279 2 1
4.315 0.187497 2 1
4.32 0.187715 2 1
4.325 0.187933 2 1
4.33 0.188151 2 1
4.335 0.188369 2 1
4.34 0.188587 2 1
4.345 0.188805 2 1
4.35 0.189023 2 1
4.355 0.189241 2 1
4.36 0.189459 2 1
4.365 0.189677 2 1
4.37 0.189895 2 1
4.375 0.190113 2 1
4.38 0.190331 2 1
4.385 0.190549 2 1
4.39 0.190767 2 1
4.395 0.190984 2 1
4.4 0.191202 2 1
4.405 0.19142 2 1
4.41 0.191638 2 1
4.415 0.191856 2 1
4.42 0.192074 2 1
4.425 0.192292 2 1
4.43 0.19251 2 1
4.435 0.192728 2 1
4.44 0.192946 2 1
4.445 0.193164 2 1
4.45 0.193382 2 1
4.455 0.1936 2 1
4.46 0.193818 2 1
4.465 0.194036 2 1
4.47 0.194254 2 1
4.475 0.194472 2 1
4.48 0.19469 2 1
4.485 0.194908 2 1
4.49 0.195126 2 1
4.495 0.195344 2 1
4.5 0.195562 2 1
4.505 0.19578 2 1
4.51 0.195998 2 1
4.515 0.196216 2 1
4.52 0.196434 2 1
4.525 0.196652 2 1
4.53 0.19687 2 1
4.535 0.197088 2 1
4.54 0.197305 2 1
4.545 0.197523 2 1
4.55 0.197741 2 1
4.555 0.197959 2 1
4.56 0.198177 2 1
4.565 0.198395 2 1
4.57 0.198613 2 1
4.575 0.198831 2 1
4.58 0.199049 2 1
4.585 0.199267 2 1
4.59 0.199485 2 1
4.595 0.199703 2 1
4.6 0.199921 2 1
4.605 0.200139 2 1
4.61 0.200357 2 1
4.615 0.200575 2 1
4.62 0.200793 2 1
4.625 0.201011 2 1
4.63 0.201229 2 1
4.635 0.201447 2 1
4.64 0.201665 2 1
4.645 0.201883 2 1
4.65 0.202101 2 1
4.655 0.202319 2 1
4.66 0.202537 2 1
4.665 0.202755 2 1
4.67 0.202973 2 1
4.675 0.203191 2 1
4.68 0.203408 2 1
4.685 0.203626 2 1
4.69 0.203844 2 1
4.695 0.204062 2 1
4.7 0.20428 2 1
4.705 0.204498 2 1
4.71 0.204716 2 1
4.715 0.204934 2 1
4.72 0.205152 2 1
4.725 0.20537 2 1
4.73 0.205588 2 1
4.735 0.205806 2 1
4.74 0.206024 2 1
4.745 0.206242 2 1
4.75 0.20646 2 1
4.755 0.206678 2 1
4.76 0.206896 2 1
4.765 0.207114 2 1
4.77 0.207332 2 1
4.775 0.20755 2 1
4.78 0.207768 2 1
4.785 0.207986 2 1
4.79 0.208204 2 1
4.795 0.208422 2 1
4.8 0.20864 2 1
4.805 0.208858 2 1
4.81 0.209076 2 1
4.815 0.209294 2 1
4.82 0.209512 2 1
4.825 0.209729 2 1
4.83 0.209947 2 1
4.835 0.210165 2 1
4.84 0.210383 2 1
4.845 0.210601 2 1
4.85 0.210819 2 1
4.855 0.211037 2 1
4.86 0.211255 2 1
4.865 0.211473 2 1
4.87 0.211691 2 1
4.875 0.211909 2 1
4.88 0.212127 2 1
4.885 0.212345 2 1
4.89 0.212563 2 1
4.895 0.212781 2 1
4.9 0.212999 2 1
4.905 0.213217 2 1
4.91 0.213435 2 1
4.915 0.213653 2 1
4.92 0.213871 2 1
4.925 0.214089 2 1
4.93 0.214307 2 1
4.935 0.214525 2 1
4.94 0.214743 2 1
4.945 0.214961 2 1
4.95 0.215179 2 1
4.955 0.215397 2 1
4.96 0.215615 2 1
4.965 0.215833 2 1
4.97 0.21605 2 1
4.975 0.216268 2 1
4.98 0.216486 2 1
4.985 0.216704 2 1
4.99 0.216922 2 1
4.995 0.21714 2 1
5 0.217358 2 1
5.005 0.217576 2 1
5.01 0.217794 2 1
5.015 0.218012 2 1
5.02 0.21823 2 1
5.025 0.218448 2 1
5.03 0.218666 2 1
5.035 0.218884 2 1
5.04 0.219102 2 1
5.045 0.21932 2 1
5.05 0.219538 2 1
5.055 0.219756 2 1
5.06 0.219974 2 1
5.065 0.220192 2 1
5.07 0.22041 2 1
5.075 0.220628 2 1
5.08 0.220846 2 1
5.085 0.221064 2 1
5.09 0.221282 2 1
5.095 0.2215 2 1
5.1 0.221718 2 1
5.105 0.221936 2 1
5.11 0.222154 2 1
5.115 0.222371 2 1
5.12 0.222589 2 1
5.125 0.222807 2 1
5.13 0.223025 2 1
5.135 0.223243 2 1
5.14 0.223461 2 1
5.145 0.223679 2 1
5.15 0.223897 2 1
5.155 0.224115 2 1
5.16 0.224333 2 1
5.165 0.224551 2 1
5.17 0.224769 2 1
5.175 0.224987 2 1
5.18 0.225205 2 1
5.185 0.225423 2 1
5.19 0.225641 2 1
5.195 0.225859 2 1
5.2 0.226077 2 1
5.205 0.226295 2 1
5.21 0.226513 2 1
5.215 0.226731 2 1
5.22 0.226949 2 1
5.225 0.227167 2 1
5.23 0.227385 2 1
5.235 0.227603 2 1
5.24 0.227821 2 1
5.245 0.228039 2 1
5.25 0.228257 2 1
5.255 0.228474 2 1
5.26 0.228692 2 1
5.265 0.22891 2 1
5.27 0.229128 2 1
5.275 0.229346 2 1
5.28 0.229564 2 1
5.285 0.229782 2 1
5.29 0.23 2 1
5.295 0.230218 2 1
5.3 0.230436 2 1
5.305 0.230654 2 1
5.31 0.230872 2 1
5.315 0.23109 2 1
5.32 0.231308 2 1
5.325 0.231526 2 1
5.33 0.231744 2 1
5.335 0.231962 2 1
5.34 0.23218 2 1
5.345 0.232398 2 1
5.35 0.232616 2 1
5.355 0.232834 2 1
5.36 0.233052 2 1
5.365 0.23327 2 1
5.37 0.233488 2 1
5.375 0.233706 2 1
5.38 0.233924 2 1
5.385 0.234142 2 1
5.39 0.23436 2 1
5.395 0.234578 2 1
5.4 0.234795 2 1
5.405 0.235013 2 1
5.41 0.235231 2 1
5.415 0.235449 2 1
5.42 0.235667 2 1
5.425 0.235885 2 1
5.43 0.236103 2 1
5.435 0.236321 2 1
5.44 0.236539 2 1
5.445 0.236757 2 1
5.45 0.236975 2 1
5.455 0.237193 2 1
5.46 0.237411 2 1
5.465 0.237629 2 1
5.47 0.237847 2 1
5.475 0.238065 2 1
5.48 0.238283 2 1
5.485 0.238501 2 1
5.49 0.238719 2 1
5.495 0.238937 2 1
5.5 0.239155 2 1
5.505 0.239373 2 1
5.51 0.239591 2 1
5.515 0.239809 2 1
5.52 0.240027 2 1
5.525 0.240245 2 1
5.53 0.240463 2 1
5.535 0.240681 2 1
5.54 0.240899 2 1
5.545 0.241116 2 1
5.55 0.241334 2 1
5.555 0.241552 2 1
5.56 0.24177 2 1
5.565 0.241988 2 1
5.57 0.242206 2 1
5.575 0.242424 2 1
5.58 0.242642 2 1
5.585 0.24286 2 1
5.59 0.243078 2 1
5.595 0.243296 2 1
5.6 0.243514 2 1
5.605 0.243732 2 1
5.61 0.24395 2 1
5.615 0.244168 2 1
5.62 0.244386 2 1
5.625 0.244604 2 1
5.63 0.244822 2 1
5.635 0.24504 2 1
5.64 0.245258 2 1
5.645 0.245476 2 1
5.65 0.245694 2 1
5.655 0.245912 2 1
5.66 0.24613 2 1
5.665 0.246348 2 1
5.67 0.246566 2 1
5.675 0.246784 2 1
5.68 0.247002 2 1
5.685 0.247219 2 1
5.69 0.247437 2 1
5.695 0.247655 2 1
5.7 0.247873 2 1
5.705 0.248091 2 1
5.71 0.248309 2 1
5.715 0.248527 2 1
5.72 0.248745 2 1
5.725 0.248963 2 1
5.73 0.249181 2 1
5.735 0.249399 2 1
5.74 0.249617 2 1
5.745 0.249835 2 1
5.75 0.250053 2 1
5.755 0.250271 2 1
5.76 0.250489 2 1
5.765 0.250707 2 1
5.77 0.250925 2 1
5.775 0.251143 2 1
5.78 0.251361 2 1
5.785 0.251579 2 1
5.79 0.251797 2 1
5.795 0.252015 2 1
5.8 0.252233 2 1
5.805 0.252451 2 1
5.81 0.252669 2 1
5.815 0.252887 2 1
5.82 0.253105 2 1
5.825 0.253323 2 1
5.83 0.25354 2 1
5.835 0.253758 2 1
5.84 0.253976 2 1
5.845 0.254194 2 1
5.85 0.254412 2 1
5.855 0.25463 2 1
5.86 0.254848 2 1
5.865 0.255066 2 1
5.87 0.255284 2 1
5.875 0.255502 2 1
5.88 0.25572 2 1
5.885 0.255938 2 1
5.89 0.256156 2 1
5.895 0.256374 2 1
5.9 0.256592 2 1
5.905 0.25681 2 1
5.91 0.257028 2 1
5.915 0.257246 2 1
5.92 0.257464 2 1
5.925 0.257682 2 1
5.93 0.2579 2 1
5.935 0.258118 2 1
5.94 0.258336 2 1
5.945 0.258554 2 1
5.95 0.258772 2 1
5.955 0.25899 2 1
5.96 0.259208 2 1
5.965 0.259426 2 1
5.97 0.259644 2 1
5.975 0.259861 2 1
5.98 0.260079 2 1
5.985 0.260297 2 1
5.99 0.260515 2 1
5.995 0.260733 2 1
6 0.260951 2 1
6.005 0.261169 2 1
6.01 0.261387 2 1
6.015 0.261605 2 1
6.02 0.261823 2 1
6.025 0.262041 2 1
6.03 0.262259 2 1
6.035 0.262477 2 1
6.04 0.262695 2 1
6.045 0.262913 2 1
6.05 0.263131 2 1
6.055 0.263349 2 1
6.06 0.263567 2 1
6.065 0.263785 2 1
6.07 0.264003 2 1
6.075 0.264221 2 1
6.08 0.264439 2 1
6.085 0.264657 2 1
6.09 0.264875 2 1
6.095 0.265093 2 1
6.1 0.265311 2 1
6.105 0.265529 2 1
6.11 0.265747 2 1
6.115 0.265964 2 1
6.12 0.266182 2 1
6.125 0.2664 2 1
6.13 0.266618 2 1
6.135 0.266836 2 1
6.14 0.267054 2 1
6.145 0.267272 2 1
6.15 0.26749 2 1
6.155 0.267708 2 1
6.16 0.267926 2 1
6.165 0.268144 2 1
6.17 0.268362 2 1
6.175 0.26858 2 1
6.18 0.268798 2 1
6.185 0.269016 2 1
6.19 0.269234 2 1
6.195 0.269452 2 1
6.2 0.26967 2 1
6.205 0.269888 2 1
6.21 0.270106 2 1
6.215 0.270324 2 1
6.22 0.270542 2 1
6.225 0.27076 2 1
6.23 0.270978 2 1
6.235 0.271196 2 1
6.24 0.271414 2 1
6.245 0.271632 2 1
6.25 0.27185 2 1
6.255 0.272068 2 1
6.26 0.272285 2 1
6.265 0.272503 2 1
6.27 0.272721 2 1
6.275 0.272939 2 1
6.28 0.273157 2 1
6.285 0.273375 2 1
6.29 0.273593 2 1
6.295 0.273811 2 1
6.3 0.274029 2 1
6.305 0.274247 2 1
6.31 0.274465 2 1
6.315 0.274683 2 1
6.32 0.274901 2 1
6.325 0.275119 2 1
6.33 0.275337 2 1
6.335 0.275555 2 1
6.34 0.275773 2 1
6.345 0.275991 2 1
6.35 0.276209 2 1
6.355 0.276427 2 1
6.36 0.276645 2 1
6.365 0.276863 2 1
6.37 0.277081 2 1
6.375 0.277299 2 1
6.38 0.277517 2 1
6.385 0.277735 2 1
6.39 0.277953 2 1
6.395 0.278171 2 1
6.4 0.278389 2 1
6.405 0.278606 2 1
6.41 0.278824 2 1
6.415 0.279042 2 1
6.42 0.27926 2 1
6.425 0.279478 2 1
6.43 0.279696 2 1
6.435 0.279914 2 1
6.44 0.280132 2 1
6.445 0.28035 2 1
6.45 0.280568 2 1
6.455 0.280786 2 1
6.46 0.281004 2 1
6.465 0.281222 2 1
6.47 0.28144 2 1
6.475 0.281658 2 1
6.48 0.281876 2 1
6.485 0.282094 2 1
6.49 0.282312 2 1
6.495 0.28253 2 1
6.5 0.282748 2 1
6.505 0.282966 2 1
6.51 0.283184 2 1
6.515 0.283402 2 1
6.52 0.28362 2 1
6.525 0.283838 2 1
6.53 0.284056 2 1
6.535 0.284274 2 1
6.54 0.284492 2 1
6.545 0.28471 2 1
6.55 0.284927 2 1
6.555 0.285145 2 1
6.56 0.285363 2 1
6.565 0.285581 2 1
6.57 0.285799 2 1
6.575 0.286017 2 1
6.58 0.286235 2 1
6.585 0.286453 2 1
6.59 0.286671 2 1
6.595 0.286889 2 1
6.6 0.287107 2 1
6.605 0.287325 2 1
6.61 0.287543 2 1
6.615 0.287761 2 1
6.62 0.287979 2 1
6.625 0.288197 2 1
6.63 0.288415 2 1
6.635 0.288633 2 1
6.64 0.288851 2 1
6.645 0.289069 2 1
6.65 0.289287 2 1
6.655 0.289505 2 1
6.66 0.289723 2 1
6.665 0.289941 2 1
6.67 0.290159 2 1
6.675 0.290377 2 1
6.68 0.290595 2 1
6.685 0.290813 2 1
6.69 0.29103 2 1
6.695 0.291248 2 1
6.7 0.291466 2 1
6.705 0.291684 2 1
6.71 0.291902 2 1
6.715 0.29212 2 1
6.72 0.292338 2 1
6.725 0.292556 2 1
6.73 0.292774 2 1
6.735 0.292992 2 1
6.74 0.29321 2 1
6.745 0.293428 2 1
6.75 0.293646 2 1
6.755 0.293864 2 1
6.76 0.294082 2 1
6.765 0.2943 2 1
6.77 0.294518 2 1
6.775 0.294736 2 1
6.78 0.294954 2 1
6.785 0.295172 2 1
6.79 0.29539 2 1
6.795 0.295608 2 1
6.8 0.295826 2 1
6.805 0.296044 2 1
6.81 0.296262 2 1
6.815 0.29648 2 1
6.82 0.296698 2 1
6.825 0.296916 2 1
6.83 0.297134 2 1
6.835 0.297351 2 1
6.84 0.297569 2 1
6.845 0.297787 2 1
6.85 0.298005 2 1
6.855 0.298223 2 1
6.86 0.298441 2 1
6.865 0.298659 2 1
6.87 0.298877 2 1
6.875 0.299095 2 1
6.88 0.299313 2 1
6.885 0.299531 2 1
6.89 0.299749 2 1
6.895 0.299967 2 1
6.9 0.300185 2 1
6.905 0.300403 2 1
6.91 0.300621 2 1
6.915 0.300839 2 1
6.92 0.301057 2 1
6.925 0.301275 2 1
6.93 0.301493 2 1
6.935 0.301711 2 1
6.94 0.301929 2 1
6.945 0.302147 2 1
6.95 0.302365 2 1
6.955 0.302583 2 1
6.96 0.302801 2 1
6.965 0.303019 2 1
6.97 0.303237 2 1
6.975 0.303455 2 1
6.98 0.303672 2 1
6.985 0.30389 2 1
6.99 0.304108 2 1
6.995 0.304326 2 1
7 0.304544 2 1
7.005 0.304762 2 1
7.01 0.30498 2 1
7.015 0.305198 2 1
7.02 0.305416 2 1
7.025 0.305634 2 1
7.03 0.305852 2 1
7.035 0.30607 2 1
7.04 0.306288 2 1
7.045 0.306506 2 1
7.05 0.306724 2 1
7.055 0.306942 2 1
7.06 0.30716 2 1
7.065 0.307378 2 1
7.07 0.307596 2 1
7.075 0.307814 2 1
7.08 0.308032 2 1
7.085 0.30825 2 1
7.09 0.308468 2 1
7.095 0.308686 2 1
7.1 0.308904 2 1
7.105 0.309122 2 1
7.11 0.30934 2 1
7.115 0.309558 2 1
7.12 0.309775 2 1
7.125 0.309993 2 1
7.13 0.310211 2 1
7.135 0.310429 2 1
7.14 0.310647 2 1
7.145 0.310865 2 1
7.15 0.311083 2 1
7.155 0.311301 2 1
7.16 0.311519 2 1
7.165 0.311737 2 1
7.17 0.311955 2 1
7.175 0.312173 2 1
7.18 0.312391 2 1
7.185 0.312609 2 1
7.19 0.312827 2 1
7.195 0.313045 2 1
7.2 0.313263 2 1
7.205 0.313481 2 1
7.21 0.313699 2 1
7.215 0.313917 2 1
7.22 0.314135 2 1
7.225 0.314353 2 1
7.23 0.314571 2 1
7.235 0.314789 2 1
7.24 0.315007 2 1
7.245 0.315225 2 1
7.25 0.315443 2 1
7.255 0.315661 2 1
7.26 0.315879 2 1
7.265 0.316096 2 1
7.27 0.316314 2 1
7.275 0.316532 2 1
7.28 0.31675 2 1
7.285 0.316968 2 1
7.29 0.317186 2 1
7.295 0.317404 2 1
7.3 0.317622 2 1
7.305 0.31784 2 1
7.31 0.318058 2 1
7.315 0.318276 2 1
7.32 0.318494 2 1
7.325 0.318712 2 1
7.33 0.31893 2 1
7.335 0.319148 2 1
7.34 0.319366 2 1
7.345 0.319584 2 1
7.35 0.319802 2 1
7.355 0.32002 2 1
7.36 0.320238 2 1
7.365 0.320456 2 1
7.37 0.320674 2 1
7.375 0.320892 2 1
7.38 0.32111 2 1
7.385 0.321328 2 1
7.39 0.321546 2 1
7.395 0.321764 2 1
7.4 0.321982 2 1
7.405 0.3222 2 1
7.41 0.322417 2 1
7.415 0.322635 2 1
7.42 0.322853 2 1
7.425 0.323071 2 1
7.43 0.323289 2 1
7.435 0.323507 2 1
7.44 0.323725 2 1
7.445 0.323943 2 1
7.45 0.324161 2 1
7.455 0.324379 2 1
7.46 0.324597 2 1
7.465 0.324815 2 1
7.47 0.325033 2 1
7.475 0.325251 2 1
7.48 0.325469 2 1
7.485 0.325687 2 1
7.49 0.325905 2 1
7.495 0.326123 2 1
7.5 0.326341 2 1
7.505 0.326559 2 1
7.51 0.326777 2 1
7.515 0.326995 2 1
7.52 0.327213 2 1
7.525 0.327431 2 1
7.53 0.327649 2 1
7.535 0.327867 2 1
7.54 0.328085 2 1
7.545 0.328303 2 1
7.55 0.328521 2 1
7.555 0.328738 2 1
7.56 0.328956 2 1
7.565 0.329174 2 1
7.57 0.329392 2 1
7.575 0.32961 2 1
7.58 0.329828 2 1
7.585 0.330046 2 1
7.59 0.330264 2 1
7.595 0.330482 2 1
7.6 0.3307 2 1
7.605 0.330918 2 1
7.61 0.331136 2 1
7.615 0.331354 2 1
7.62 0.331572 2 1
7.625 0.33179 2 1
7.63 0.332008 2 1
7.635 0.332226 2 1
7.64 0.332444 2 1
7.645 0.332662 2 1
7.65 0.33288 2 1
7.655 0.333098 2 1
7.66 0.333316 2 1
7.665 0.333534 2 1
7.67 0.333752 2 1
7.675 0.33397 2 1
7.68 0.334188 2 1
7.685 0.334406 2 1
7.69 0.334624 2 1
7.695 0.334841 2 1
7.7 0.335059 2 1
7.705 0.335277 2 1
7.71 0.335495 2 1
7.715 0.335713 2 1
7.72 0.335931 2 1
7.725 0.336149 2 1
7.73 0.336367 2 1
7.735 0.336585 2 1
7.74 0.336803 2 1
7.745 0.337021 2 1
7.75 0.337239 2 1
7.755 0.337457 2 1
7.76 0.337675 2 1
7.765 0.337893 2 1
7.77 0.338111 2 1
7.775 0.338329 2 1
7.78 0.338547 2 1
7.785 0.338765 2 1
7.79 0.338983 2 1
7.795 0.339201 2 1
7.8 0.339419 2 1
7.805 0.339637 2 1
7.81 0.339855 2 1
7.815 0.340073 2 1
7.82 0.340291 2 1
7.825 0.340509 2 1
7.83 0.340727 2 1
7.835 0.340945 2 1
7.84 0.341162 2 1
7.845 0.34138 2 1
7.85 0.341598 2 1
7.855 0.341816 2 1
7.86 0.342034 2 1
7.865 0.342252 2 1
7.87 0.34247 2 1
7.875 0.342688 2 1
7.88 0.342906 2 1
7.885 0.343124 2 1
7.89 0.343342 2 1
7.895 0.34356 2 1
7.9 0.343778 2 1
7.905 0.343996 2 1
7.91 0.344214 2 1
7.915 0.344432 2 1
7.92 0.34465 2 1
7.925 0.344868 2 1
7.93 0.345086 2 1
7.935 0.345304 2 1
7.94 0.345522 2 1
7.945 0.34574 2 1
7.95 0.345958 2 1
7.955 0.346176 2 1
7.96 0.346394 2 1
7.965 0.346612 2 1
7.97 0.34683 2 1
7.975 0.347048 2 1
7.98 0.347266 2 1
7.985 0.347483 2 1
7.99 0.347701 2 1
7.995 0.347919 2 1
8 0.348137 2 1
8.005 0.348355 2 1
8.01 0.348573 2 1
8.015 0.348791 2 1
8.02 0.349009 2 1
8.025 0.349227 2 1
8.03 0.349445 2 1
8.035 0.349663 2 1
8.04 0.349881 2 1
8.045 0.350099 2 1
8.05 0.350317 2 1
8.055 0.350535 2 1
8.06 0.350753 2 1
8.065 0.350971 2 1
8.07 0.351189 2 1
8.075 0.351407 2 1
8.08 0.351625 2 1
8.085 0.351843 2 1
8.09 0.352061 2 1
8.095 0.352279 2 1
8.1 0.352497 2 1
8.105 0.352715 2 1
8.11 0.352933 2 1
8.115 0.353151 2 1
8.12 0.353369 2 1
8.125 0.353586 2 1
8.13 0.353804 2 1
8.135 0.354022 2 1
8.14 0.35424 2 1
8.145 0.354458 2 1
8.15 0.354676 2 1
8.155 0.354894 2 1
8.16 0.355112 2 1
8.165 0.35533 2 1
8.17 0.355548 2 1
8.175 0.355766 2 1
8.18 0.355984 2 1
8.185 0.356202 2 1
8.19 0.35642 2 1
8.195 0.356638 2 1
8.2 0.356856 2 1
8.205 0.357074 2 1
8.21 0.357292 2 1
8.215 0.35751 2 1
8.22 0.357728 2 1
8.225 0.357946 2 1
8.23 0.358164 2 1
8.235 0.358382 2 1
8.24 0.3586 2 1
8.245 0.358818 2 1
8.25 0.359036 2 1
8.255 0.359254 2 1
8.26 0.359472 2 1
8.265 0.35969 2 1
8.27 0.359907 2 1
8.275 0.360125 2 1
8.28 0.360343 2 1
8.285 0.360561 2 1
8.29 0.360779 2 1
8.295 0.360997 2 1
8.3 0.361215 2 1
8.305 0.361433 2 1
8.31 0.361651 2 1
8.315 0.361869 2 1
8.32 0.362087 2 1
8.325 0.362305 2 1
8.33 0.362523 2 1
8.335 0.362741 2 1
8.34 0.362959 2 1
8.345 0.363177 2 1
8.35 0.363395 2 1
8.355 0.363613 2 1
8.36 0.363831 2 1
8.365 0.364049 2 1
8.37 0.364267 2 1
8.375 0.364485 2 1
8.38 0.364703 2 1
8.385 0.364921 2 1
8.39 0.365139 2 1
8.395 0.365357 2 1
8.4 0.365575 2 1
8.405 0.365793 2 1
8.41 0.366011 2 1
8.415 0.366228 2 1
8.42 0.366446 2 1
8.425 0.366664 2 1
8.43 0.366882 2 1
8.435 0.3671 2 1
8.44 0.367318 2 1
8.445 0.367536 2 1
8.45 0.367754 2 1
8.455 0.367972 2 1
8.46 0.36819 2 1
8.465 0.368408 2 1
8.47 0.368626 2 1
8.475 0.368844 2 1
8.48 0.369062 2 1
8.485 0.36928 2 1
8.49 0.369498 2 1
8.495 0.369716 2 1
8.5 0.369934 2 1
8.505 0.370152 2 1
8.51 0.37037 2 1
8.515 0.370588 2 1
8.52 0.370806 2 1
8.525 0.371024 2 1
8.53 0.371242 2 1
8.535 0.37146 2 1
8.54 0.371678 2 1
8.545 0.371896 2 1
8.55 0.372114 2 1
8.555 0.372331 2 1
8.56 0.372549 2 1
8.565 0.372767 2 1
8.57 0.372985 2 1
8.575 0.373203 2 1
8.58 0.373421 2 1
8.585 0.373639 2 1
8.59 0.373857 2 1
8.595 0.374075 2 1
8.6 0.374293 2 1
8.605 0.374511 2 1
8.61 0.374729 2 1
8.615 0.374947 2 1
8.62 0.375165 2 1
8.625 0.375383 2 1
8.63 0.375601 2 1
8.635 0.375819 2 1
8.64 0.376037 2 1
8.645 0.376255 2 1
8.65 0.376473 2 1
8.655 0.376691 2 1
8.66 0.376909 2 1
8.665 0.377127 2 1
8.67 0.377345 2 1
8.675 0.377563 2 1
8.68 0.377781 2 1
8.685 0.377999 2 1
8.69 0.378217 2 1
8.695 0.378435 2 1
8.7 0.378652 2 1
8.705 0.37887 2 1
8.71 0.379088 2 1
8.715 0.379306 2 1
8.72 0.379524 2 1
8.725 0.379742 2 1
8.73 0.37996 2 1
8.735 0.380178 2 1
8.74 0.380396 2 1
8.745 0.380614 2 1
8.75 0.380832 2 1
8.755 0.38105 2 1
8.76 0.381268 2 1
8.765 0.381486 2 1
8.77 0.381704 2 1
8.775 0.381922 2 1
8.78 0.38214 2 1
8.785 0.382358 2 1
8.79 0.382576 2 1
8.795 0.382794 2 1
8.8 0.383012 2 1
8.805 0.38323 2 1
8.81 0.383448 2 1
8.815 0.383666 2 1
8.82 0.383884 2 1
8.825 0.384102 2 1
8.83 0.38432 2 1
8.835 0.384538 2 1
8.84 0.384756 2 1
8.845 0.384973 2 1
8.85 0.385191 2 1
8.855 0.385409 2 1
8.86 0.385627 2 1
8.865 0.385845 2 1
8.87 0.386063 2 1
8.875 0.386281 2 1
8.88 0.386499 2 1
8.885 0.386717 2 1
8.89 0.386935 2 1
8.895 0.387153 2 1
8.9 0.387371 2 1
8.905 0.387589 2 1
8.91 0.387807 2 1
8.915 0.388025 2 1
8.92 0.388243 2 1
8.925 0.388461 2 1
8.93 0.388679 2 1
8.935 0.388897 2 1
8.94 0.389115 2 1
8.945 0.389333 2 1
8.95 0.389551 2 1
8.955 0.389769 2 1
8.96 0.389987 2 1
8.965 0.390205 2 1
8.97 0.390423 2 1
8.975 0.390641 2 1
8.98 0.390859 2 1
8.985 0.391077 2 1
8.99 0.391294 2 1
8.995 0.391512 2 1
9 0.39173 2 1
9.005 0.391948 2 1
9.01 0.392166 2 1
9.015 0.392384 2 1
9.02 0.392602 2 1
9.025 0.39282 2 1
9.03 0.393038 2 1
9.035 0.393256 2 1
9.04 0.393474 2 1
9.045 0.393692 2 1
9.05 0.39391 2 1
9.055 0.394128 2 1
9.06 0.394346 2 1
9.065 0.394564 2 1
9.07 0.394782 2 1
9.075 0.395 2 1
9.08 0.395218 2 1
9.085 0.395436 2 1
9.09 0.395654 2 1
9.095 0.395872 2 1
9.1 0.39609 2 1
9.105 0.396308 2 1
9.11 0.396526 2 1
9.115 0.396744 2 1
9.12 0.396962 2 1
9.125 0.39718 2 1
9.13 0.397397 2 1
9.135 0.397615 2 1
9.14 0.397833 2 1
9.145 0.398051 2 1
9.15 0.398269 2 1
9.155 0.398487 2 1
9.16 0.398705 2 1
9.165 0.398923 2 1
9.17 0.399141 2 1
9.175 0.399359 2 1
9.18 0.399577 2 1
9.185 0.399795 2 1
9.19 0.400013 2 1
9.195 0.400231 2 1
9.2 0.400449 2 1
9.205 0.400667 2 1
9.21 0.400885 2 1
9.215 0.401103 2 1
9.22 0.401321 2 1
9.225 0.401539 2 1
9.23 0.401757 2 1
9.235 0.401975 2 1
9.24 0.402193 2 1
9.245 0.402411 2 1
9.25 0.402629 2 1
9.255 0.402847 2 1
9.26 0.403065 2 1
9.265 0.403283 2 1
9.27 0.403501 2 1
9.275 0.403718 2 1
9.28 0.403936 2 1
9.285 0.404154 2 1
9.29 0.404372 2 1
9.295 0.40459 2 1
9.3 0.404808 2 1
9.305 0.405026 2 1
9.31 0.405244 2 1
9.315 0.405462 2 1
9.32 0.40568 2 1
9.325 0.405898 2 1
9.33 0.406116 2 1
9.335 0.406334 2 1
9.34 0.406552 2 1
9.345 0.40677 2 1
9.35 0.406988 2 1
9.355 0.407206 2 1
9.36 0.407424 2 1
9.365 0.407642 2 1
9.37 0.40786 2 1
9.375 0.408078 2 1
9.38 0.408296 2 1
9.385 0.408514 2 1
9.39 0.408732 2 1
9.395 0.40895 2 1
9.4 0.409168 2 1
9.405 0.409386 2 1
9.41 0.409604 2 1
9.415 0.409822 2 1
9.42 0.410039 2 1
9.425 0.410257 2 1
9.43 0.410475 2 1
9.435 0.410693 2 1
9.44 0.410911 2 1
9.445 0.411129 2 1
9.45 0.411347 2 1
9.455 0.411565 2 1
9.46 0.411783 2 1
9.465 0.412001 2 1
9.47 0.412219 2 1
9.475 0.412437 2 1
9.48 0.412655 2 1
9.485 0.412873 2 1
9.49 0.413091 2 1
9.495 0.413309 2 1
9.5 0.413527 2 1
9.505 0.413745 2 1
9.51 0.413963 2 1
9.515 0.414181 2 1
9.52 0.414399 2 1
9.525 0.414617 2 1
9.53 0.414835 2 1
9.535 0.415053 2 1
9.54 0.415271 2 1
9.545 0.415489 2 1
9.55 0.415707 2 1
9.555 0.415925 2 1
9.56 0.416142 2 1
9.565 0.41636 2 1
9.57 0.416578 2 1
9.575 0.416796 2 1
9.58 0.417014 2 1
9.585 0.417232 2 1
9.59 0.41745 2 1
9.595 0.417668 2 1
9.6 0.417886 2 1
9.605 0.418104 2 1
9.61 0.418322 2 1
9.615 0.41854 2 1
9.62 0.418758 2 1
9.625 0.418976 2 1
9.63 0.419194 2 1
9.635 0.419412 2 1
9.64 0.41963 2 1
9.645 0.419848 2 1
9.65 0.420066 2 1
9.655 0.420284 2 1
9.66 0.420502 2 1
9.665 0.42072 2 1
9.67 0.420938 2 1
9.675 0.421156 2 1
9.68 0.421374 2 1
9.685 0.421592 2 1
9.69 0.42181 2 1
9.695 0.422028 2 1
9.7 0.422246 2 1
9.705 0.422463 2 1
9.71 0.422681 2 1
9.715 0.422899 2 1
9.72 0.423117 2 1
9.725 0.423335 2 1
9.73 0.423553 2 1
9.735 0.423771 2 1
9.74 0.423989 2 1
9.745 0.424207 2 1
9.75 0.424425 2 1
9.755 0.424643 2 1
9.76 0.424861 2 1
9.765 0.425079 2 1
9.77 0.425297 2 1
9.775 0.425515 2 1
9.78 0.425733 2 1
9.785 0.425951 2 1
9.79 0.426169 2 1
9.795 0.426387 2 1
9.8 0.426605 2 1
9.805 0.426823 2 1
9.81 0.427041 2 1
9.815 0.427259 2 1
9.82 0.427477 2 1
9.825 0.427695 2 1
9.83 0.427913 2 1
9.835 0.428131 2 1
9.84 0.428349 2 1
9.845 0.428567 2 1
9.85 0.428784 2 1
9.855 0.429002 2 1
9.86 0.42922 2 1
9.865 0.429438 2 1
9.87 0.429656 2 1
9.875 0.429874 2 1
9.88 0.430092 2 1
9.885 0.43031 2 1
9.89 0.430528 2 1
9.895 0.430746 2 1
9.9 0.430964 2 1
9.905 0.431182 2 1
9.91 0.4314 2 1
9.915 0.431618 2 1
9.92 0.431836 2 1
9.925 0.432054 2 1
9.93 0.432272 2 1
9.935 0.43249 2 1
9.94 0.432708 2 1
9.945 0.432926 2 1
9.95 0.433144 2 1
9.955 0.433362 2 1
9.96 0.43358 2 1
9.965 0.433798 2 1
9.97 0.434016 2 1
9.975 0.434234 2 1
9.98 0.434452 2 1
9.985 0.43467 2 1
9.99 0.434888 2 1
9.995 0.435105 2 1
10 0.435323 2 1
10.005 0.435541 2 1
10.01 0.435759 2 1
10.015 0.435977 2 1
10.02 0.436195 2 1
10.025 0.436413 2 1
10.03 0.436631 2 1
10.035 0.436849 2 1
10.04 0.437067 2 1
10.045 0.437285 2 1
10.05 0.437503 2 1
10.055 0.437721 2 1
10.06 0.437939 2 1
10.065 0.438157 2 1
10.07 0.438375 2 1
10.075 0.438593 2 1
10.08 0.438811 2 1
10.085 0.439029 2 1
10.09 0.439247 2 1
10.095 0.439465 2 1
10.1 0.439683 2 1
10.105 0.439901 2 1
10.11 0.440119 2 1
10.115 0.440337 2 1
10.12 0.440555 2 1
10.125 0.440773 2 1
10.13 0.440991 2 1
10.135 0.441208 2 1
10.14 0.441426 2 1
10.145 0.441644 2 1
10.15 0.441862 2 1
10.155 0.44208 2 1
10.16 0.442298 2 1
10.165 0.442516 2 1
10.17 0.442734 2 1
10.175 0.442952 2 1
10.18 0.44317 2 1
10.185 0.443388 2 1
10.19 0.443606 2 1
10.195 0.443824 2 1
10.2 0.444042 2 1
10.205 0.44426 2 1
10.21 0.444478 2 1
10.215 0.444696 2 1
10.22 0.444914 2 1
10.225 0.445132 2 1
10.23 0.44535 2 1
10.235 0.445568 2 1
10.24 0.445786 2 1
10.245 0.446004 2 1
10.25 0.446222 2 1
10.255 0.44644 2 1
10.26 0.446658 2 1
10.265 0.446876 2 1
10.27 0.447094 2 1
10.275 0.447312 2 1
10.28 0.447529 2 1
10.285 0.447747 2 1
10.29 0.447965 2 1
10.295 0.448183 2 1
10.3 0.448401 2 1
10.305 0.448619 2 1
10.31 0.448837 2 1
10.315 0.449055 2 1
10.32 0.449273 2 1
10.325 0.449491 2 1
10.33 0.449709 2 1
10.335 0.449927 2 1
10.34 0.450145 2 1
10.345 0.450363 2 1
10.35 0.450581 2 1
10.355 0.450799 2 1
10.36 0.451017 2 1
10.365 0.451235 2 1
10.37 0.451453 2 1
10.375 0.451671 2 1
10.38 0.451889 2 1
10.385 0.452107 2 1
10.39 0.452325 2 1
10.395 0.452543 2 1
10.4 0.452761 2 1
10.405 0.452979 2 1
10.41 0.453197 2 1
10.415 0.453415 2 1
10.42 0.453633 2 1
10.425 0.45385 2 1
10.43 0.454068 2 1
10.435 0.454286 2 1
10.44 0.454504 2 1
10.445 0.454722 2 1
10.45 0.45494 2 1
10.455 0.455158 2 1
10.46 0.455376 2 1
10.465 0.455594 2 1
10.47 0.455812 2 1
10.475 0.45603 2 1
10.48 0.456248 2 1
10.485 0.456466 2 1
10.49 0.456684 2 1
10.495 0.456902 2 1
10.5 0.45712 2 1
10.505 0.457338 2 1
10.51 0.457556 2 1
10.515 0.457774 2 1
10.52 0.457992 2 1
10.525 0.45821 2 1
10.53 0.458428 2 1
10.535 0.458646 2 1
10.54 0.458864 2 1
10.545 0.459082 2 1
10.55 0.4593 2 1
10.555 0.459518 2 1
10.56 0.459736 2 1
10.565 0.459953 2 1
10.57 0.460171 2 1
10.575 0.460389 2 1
10.58 0.460607 2 1
10.585 0.460825 2 1
10.59 0.461043 2 1
10.595 0.461261 2 1
10.6 0.461479 2 1
10.605 0.461697 2 1
10.61 0.461915 2 1
10.615 0.462133 2 1
10.62 0.462351 2 1
10.625 0.462569 2 1
10.63 0.462787 2 1
10.635 0.463005 2 1
10.64 0.463223 2 1
10.645 0.463441 2 1
10.65 0.463659 2 1
10.655 0.463877 2 1
10.66 0.464095 2 1
10.665 0.464313 2 1
10.67 0.464531 2 1
10.675 0.464749 2 1
10.68 0.464967 2 1
10.685 0.465185 2 1
10.69 0.465403 2 1
10.695 0.465621 2 1
10.7 0.465839 2 1
10.705 0.466057 2 1
10.71 0.466274 2 1
10.715 0.466492 2 1
10.72 0.46671 2 1
10.725 0.466928 2 1
10.73 0.467146 2 1
10.735 0.467364 2 1
10.74 0.467582 2 1
10.745 0.4678 2 1
10.75 0.468018 2 1
10.755 0.468236 2 1
10.76 0.468454 2 1
10.765 0.468672 2 1
10.77 0.46889 2 1
10.775 0.469108 2 1
10.78 0.469326 2 1
10.785 0.469544 2 1
10.79 0.469762 2 1
10.795 0.46998 2 1
10.8 0.470198 2 1
10.805 0.470416 2 1
10.81 0.470634 2 1
10.815 0.470852 2 1
10.82 0.47107 2 1
10.825 0.471288 2 1
10.83 0.471506 2 1
10.835 0.471724 2 1
10.84 0.471942 2 1
10.845 0.47216 2 1
10.85 0.472378 2 1
10.855 0.472595 2 1
10.86 0.472813 2 1
10.865 0.473031 2 1
10.87 0.473249 2 1
10.875 0.473467 2 1
10.88 0.473685 2 1
10.885 0.473903 2 1
10.89 0.474121 2 1
10.895 0.474339 2 1
10.9 0.474557 2 1
10.905 0.474775 2 1
10.91 0.474993 2 1
10.915 0.475211 2 1
10.92 0.475429 2 1
10.925 0.475647 2 1
10.93 0.475865 2 1
10.935 0.476083 2 1
10.94 0.476301 2 1
10.945 0.476519 2 1
10.95 0.476737 2 1
10.955 0.476955 2 1
10.96 0.477173 2 1
10.965 0.477391 2 1
10.97 0.477609 2 1
10.975 0.477827 2 1
10.98 0.478045 2 1
10.985 0.478263 2 1
10.99 0.478481 2 1
10.995 0.478698 2 1
11 0.478916 2 1
11.005 0.479134 2 1
11.01 0.479352 2 1
11.015 0.47957 2 1
11.02 0.479788 2 1
11.025 0.480006 2 1
11.03 0.480224 2 1
11.035 0.480442 2 1
11.04 0.48066 2 1
11.045 0.480878 2 1
11.05 0.481096 2 1
11.055 0.481314 2 1
11.06 0.481532 2 1
11.065 0.48175 2 1
11.07 0.481968 2 1
11.075 0.482186 2 1
11.08 0.482404 2 1
11.085 0.482622 2 1
11.09 0.48284 2 1
11.095 0.483058 2 1
11.1 0.483276 2 1
11.105 0.483494 2 1
11.11 0.483712 2 1
11.115 0.48393 2 1
11.12 0.484148 2 1
11.125 0.484366 2 1
11.13 0.484584 2 1
11.135 0.484802 2 1
11.14 0.485019 2 1
11.145 0.485237 2 1
11.15 0.485455 2 1
11.155 0.485673 2 1
11.16 0.485891 2 1
11.165 0.486109 2 1
11.17 0.486327 2 1
11.175 0.486545 2 1
11.18 0.486763 2 1
11.185 0.486981 2 1
11.19 0.487199 2 1
11.195 0.487417 2 1
11.2 0.487635 2 1
11.205 0.487853 2 1
11.21 0.488071 2 1
11.215 0.488289 2 1
11.22 0.488507 2 1
11.225 0.488725 2 1
11.23 0.488943 2 1
11.235 0.489161 2 1
11.24 0.489379 2 1
11.245 0.489597 2 1
11.25 0.489815 2 1
11.255 0.490033 2 1
11.26 0.490251 2 1
11.265 0.490469 2 1
11.27 0.490687 2 1
11.275 0.490905 2 1
11.28 0.491123 2 1
11.285 0.49134 2 1
11.29 0.491558 2 1
11.295 0.491776 2 1
11.3 0.491994 2 1
11.305 0.492212 2 1
11.31 0.49243 2 1
11.315 0.492648 2 1
11.32 0.492866 2 1
11.325 0.493084 2 1
11.33 0.493302 2 1
11.335 0.49352 2 1
11.34 0.493738 2 1
11.345 0.493956 2 1
11.35 0.494174 2 1
11.355 0.494392 2 1
11.36 0.49461 2 1
11.365 0.494828 2 1
11.37 0.495046 2 1
11.375 0.495264 2 1
11.38 0.495482 2 1
11.385 0.4957 2 1
11.39 0.495918 2 1
11.395 0.496136 2 1
11.4 0.496354 2 1
11.405 0.496572 2 1
11.41 0.49679 2 1
11.415 0.497008 2 1
11.42 0.497226 2 1
11.425 0.497444 2 1
11.43 0.497661 2 1
11.435 0.497879 2 1
11.44 0.498097 2 1
11.445 0.498315 2 1
11.45 0.498533 2 1
11.455 0.498751 2 1
11.46 0.498969 2 1
11.465 0.499187 2 1
11.47 0.499405 2 1
11.475 0.499623 2 1
11.48 0.499841 2 1
11.485 0.500059 2 1
11.49 0.500277 2 1
11.495 0.500495 2 1
11.5 0.500713 2 1
11.505 0.500931 2 1
11.51 0.501149 2 1
11.515 0.501367 2 1
11.52 0.501585 2 1
11.525 0.501803 2 1
11.53 0.502021 2 1
11.535 0.502239 2 1
11.54 0.502457 2 1
11.545 0.502675 2 1
11.55 0.502893 2 1
11.555 0.503111 2 1
11.56 0.503329 2 1
11.565 0.503547 2 1
11.57 0.503764 2 1
11.575 0.503982 2 1
11.58 0.5042 2 1
11.585 0.504418 2 1
11.59 0.504636 2 1
11.595 0.504854 2 1
11.6 0.505072 2 1
11.605 0.50529 2 1
11.61 0.505508 2 1
11.615 0.505726 2 1
11.62 0.505944 2 1
11.625 0.506162 2 1
11.63 0.50638 2 1
11.635 0.506598 2 1
11.64 0.506816 2 1
11.645 0.507034 2 1
11.65 0.507252 2 1
11.655 0.50747 2 1
11.66 0.507688 2 1
11.665 0.507906 2 1
11.67 0.508124 2 1
11.675 0.508342 2 1
11.68 0.50856 2 1
11.685 0.508778 2 1
11.69 0.508996 2 1
11.695 0.509214 2 1
11.7 0.509432 2 1
11.705 0.50965 2 1
11.71 0.509868 2 1
11.715 0.510085 2 1
11.72 0.510303 2 1
11.725 0.510521 2 1
11.73 0.510739 2 1
11.735 0.510957 2 1
11.74 0.511175 2 1
11.745 0.511393 2 1
11.75 0.511611 2 1
11.755 0.511829 2 1
11.76 0.512047 2 1
11.765 0.512265 2 1
11.77 0.512483 2 1
11.775 0.512701 2 1
11.78 0.512919 2 1
11.785 0.513137 2 1
11.79 0.513355 2 1
11.795 0.513573 2 1
11.8 0.513791 2 1
11.805 0.514009 2 1
11.81 0.514227 2 1
11.815 0.514445 2 1
11.82 0.514663 2 1
11.825 0.514881 2 1
11.83 0.515099 2 1
11.835 0.515317 2 1
11.84 0.515535 2 1
11.845 0.515753 2 1
11.85 0.515971 2 1
11.855 0.516189 2 1
11.86 0.516406 2 1
11.865 0.516624 2 1
11.87 0.516842 2 1
11.875 0.51706 2 1
11.88 0.517278 2 1
11.885 0.517496 2 1
11.89 0.517714 2 1
11.895 0.517932 2 1
11.9 0.51815 2 1
11.905 0.518368 2 1
11.91 0.518586 2 1
11.915 0.518804 2 1
11.92 0.519022 2 1
11.925 0.51924 2 1
11.93 0.519458 2 1
11.935 0.519676 2 1
11.94 0.519894 2 1
11.945 0.520112 2 1
11.95 0.52033 2 1
11.955 0.520548 2 1
11.96 0.520766 2 1
11.965 0.520984 2 1
11.97 0.521202 2 1
11.975 0.52142 2 1
11.98 0.521638 2 1
11.985 0.521856 2 1
11.99 0.522074 2 1
11.995 0.522292 2 1
12 0.522509 2 1
12.005 0.522727 2 1
12.01 0.522945 2 1
12.015 0.523163 2 1
12.02 0.523381 2 1
12.025 0.523599 2 1
12.03 0.523817 2 1
12.035 0.524035 2 1
12.04 0.524253 2 1
12.045 0.524471 2 1
12.05 0.524689 2 1
12.055 0.524907 2 1
12.06 0.525125 2 1
12.065 0.525343 2 1
12.07 0.525561 2 1
12.075 0.525779 2 1
12.08 0.525997 2 1
12.085 0.526215 2 1
12.09 0.526433 2 1
12.095 0.526651 2 1
12.1 0.526869 2 1
12.105 0.527087 2 1
12.11 0.527305 2 1
12.115 0.527523 2 1
12.12 0.527741 2 1
12.125 0.527959 2 1
12.13 0.528177 2 1
12.135 0.528395 2 1
12.14 0.528613 2 1
12.145 0.52883 2 1
12.15 0.529048 2 1
12.155 0.529266 2 1
12.16 0.529484 2 1
12.165 0.529702 2 1
12.17 0.52992 2 1
12.175 0.530138 2 1
12.18 0.530356 2 1
12.185 0.530574 2 1
12.19 0.530792 2 1
12.195 0.53101 2 1
12.2 0.531228 2 1
12.205 0.531446 2 1
12.21 0.531664 2 1
12.215 0.531882 2 1
12.22 0.5321 2 1
12.225 0.532318 2 1
12.23 0.532536 2 1
12.235 0.532754 2 1
12.24 0.532972 2 1
12.245 0.53319 2 1
12.25 0.533408 2 1
12.255 0.533626 2 1
12.26 0.533844 2 1
12.265 0.534062 2 1
12.27 0.53428 2 1
12.275 0.534498 2 1
12.28 0.534716 2 1
12.285 0.534934 2 1
12.29 0.535151 2 1
12.295 0.535369 2 1
12.3 0.535587 2 1
12.305 0.535805 2 1
12.31 0.536023 2 1
12.315 0.536241 2 1
12.32 0.536459 2 1
12.325 0.536677 2 1
12.33 0.536895 2 1
12.335 0.537113 2 1
12.34 0.537331 2 1
12.345 0.537549 2 1
12.35 0.537767 2 1
12.355 0.537985 2 1
12.36 0.538203 2 1
12.365 0.538421 2 1
12.37 0.538639 2 1
12.375 0.538857 2 1
12.38 0.539075 2 1
12.385 0.539293 2 1
12.39 0.539511 2 1
12.395 0.539729 2 1
12.4 0.539947 2 1
12.405 0.540165 2 1
12.41 0.540383 2 1
12.415 0.540601 2 1
12.42 0.540819 2 1
12.425 0.541037 2 1
12.43 0.541255 2 1
12.435 0.541472 2 1
12.44 0.54169 2 1
12.445 0.541908 2 1
12.45 0.542126 2 1
12.455 0.542344 2 1
12.46 0.542562 2 1
12.465 0.54278 2 1
12.47 0.542998 2 1
12.475 0.543216 2 1
12.48 0.543434 2 1
12.485 0.543652 2 1
12.49 0.54387 2 1
12.495 0.544088 2 1
12.5 0.544306 2 1
12.505 0.544524 2 1
12.51 0.544742 2 1
12.515 0.54496 2 1
12.52 0.545178 2 1
12.525 0.545396 2 1
12.53 0.545614 2 1
12.535 0.545832 2 1
12.54 0.54605 2 1
12.545 0.546268 2 1
12.55 0.546486 2 1
12.555 0.546704 2 1
12.56 0.546922 2 1
12.565 0.54714 2 1
12.57 0.547358 2 1
12.575 0.547575 2 1
12.58 0.547793 2 1
12.585 0.548011 2 1
12.59 0.548229 2 1
12.595 0.548447 2 1
12.6 0.548665 2 1
12.605 0.548883 2 1
12.61 0.549101 2 1
12.615 0.549319 2 1
12.62 0.549537 2 1
12.625 0.549755 2 1
12.63 0.549973 2 1
12.635 0.550191 2 1
12.64 0.550409 2 1
12.645 0.550627 2 1
12.65 0.550845 2 1
12.655 0.551063 2 1
12.66 0.551281 2 1
12.665 0.551499 2 1
12.67 0.551717 2 1
12.675 0.551935 2 1
12.68 0.552153 2 1
12.685 0.552371 2 1
12.69 0.552589 2 1
12.695 0.552807 2 1
12.7 0.553025 2 1
12.705 0.553243 2 1
12.71 0.553461 2 1
12.715 0.553679 2 1
12.72 0.553896 2 1
12.725 0.554114 2 1
12.73 0.554332 2 1
12.735 0.55455 2 1
12.74 0.554768 2 1
12.745 0.554986 2 1
12.75 0.555204 2 1
12.755 0.555422 2 1
12.76 0.55564 2 1
12.765 0.555858 2 1
12.77 0.556076 2 1
12.775 0.556294 2 1
12.78 0.556512 2 1
12.785 0.55673 2 1
12.79 0.556948 2 1
12.795 0.557166 2 1
12.8 0.557384 2 1
12.805 0.557602 2 1
12.81 0.55782 2 1
12.815 0.558038 2 1
12.82 0.558256 2 1
12.825 0.558474 2 1
12.83 0.558692 2 1
12.835 0.55891 2 1
12.84 0.559128 2 1
12.845 0.559346 2 1
12.85 0.559564 2 1
12.855 0.559782 2 1
12.86 0.56 2 1
12.865 0.560217 2 1
12.87 0.560435 2 1
12.875 0.560653 2 1
12.88 0.560871 2 1
12.885 0.561089 2 1
12.89 0.561307 2 1
12.895 0.561525 2 1
12.9 0.561743 2 1
12.905 0.561961 2 1
12.91 0.562179 2 1
12.915 0.562397 2 1
12.92 0.562615 2 1
12.925 0.562833 2 1
12.93 0.563051 2 1
12.935 0.563269 2 1
12.94 0.563487 2 1
12.945 0.563705 2 1
12.95 0.563923 2 1
12.955 0.564141 2 1
12.96 0.564359 2 1
12.965 0.564577 2 1
12.97 0.564795 2 1
12.975 0.565013 2 1
12.98 0.565231 2 1
12.985 0.565449 2 1
12.99 0.565667 2 1
12.995 0.565885 2 1
13 0.566103 2 1
13.005 0.56632 2 1
13.01 0.566538 2 1
13.015 0.566756 2 1
13.02 0.566974 2 1
13.025 0.567192 2 1
13.03 0.56741 2 1
13.035 0.567628 2 1
13.04 0.567846 2 1
13.045 0.568064 2 1
13.05 0.568282 2 1
13.055 0.5685 2 1
13.06 0.568718 2 1
13.065 0.568936 2 1
13.07 0.569154 2 1
13.075 0.569372 2 1
13.08 0.56959 2 1
13.085 0.569808 2 1
13.09 0.570026 2 1
13.095 0.570244 2 1
13.1 0.570462 2 1
13.105 0.57068 2 1
13.11 0.570898 2 1
13.115 0.571116 2 1
13.12 0.571334 2 1
13.125 0.571552 2 1
13.13 0.57177 2 1
13.135 0.571988 2 1
13.14 0.572206 2 1
13.145 0.572424 2 1
13.15 0.572641 2 1
13.155 0.572859 2 1
13.16 0.573077 2 1
13.165 0.573295 2 1
13.17 0.573513 2 1
13.175 0.573731 2 1
13.18 0.573949 2 1
13.185 0.574167 2 1
13.19 0.574385 2 1
13.195 0.574603 2 1
13.2 0.574821 2 1
13.205 0.575039 2 1
13.21 0.575257 2 1
13.215 0.575475 2 1
13.22 0.575693 2 1
13.225 0.575911 2 1
13.23 0.576129 2 1
13.235 0.576347 2 1
13.24 0.576565 2 1
13.245 0.576783 2 1
13.25 0.577001 2 1
13.255 0.577219 2 1
13.26 0.577437 2 1
13.265 0.577655 2 1
13.27 0.577873 2 1
13.275 0.578091 2 1
13.28 0.578309 2 1
13.285 0.578527 2 1
13.29 0.578745 2 1
13.295 0.578962 2 1
13.3 0.57918 2 1
13.305 0.579398 2 1
13.31 0.579616 2 1
13.315 0.579834 2 1
13.32 0.580052 2 1
13.325 0.58027 2 1
13.33 0.580488 2 1
13.335 0.580706 2 1
13.34 0.580924 2 1
13.345 0.581142 2 1
13.35 0.58136 2 1
13.355 0.581578 2 1
13.36 0.581796 2 1
13.365 0.582014 2 1
13.37 0.582232 2 1
13.375 0.58245 2 1
13.38 0.582668 2 1
13.385 0.582886 2 1
13.39 0.583104 2 1
13.395 0.583322 2 1
13.4 0.58354 2 1
13.405 0.583758 2 1
13.41 0.583976 2 1
13.415 0.584194 2 1
13.42 0.584412 2 1
13.425 0.58463 2 1
13.43 0.584848 2 1
13.435 0.585065 2 1
13.44 0.585283 2 1
13.445 0.585501 2 1
13.45 0.585719 2 1
13.455 0.585937 2 1
13.46 0.586155 2 1
13.465 0.586373 2 1
13.47 0.586591 2 1
13.475 0.586809 2 1
13.48 0.587027 2 1
13.485 0.587245 2 1
13.49 0.587463 2 1
13.495 0.587681 2 1
13.5 0.587899 2 1
13.505 0.588117 2 1
13.51 0.588335 2 1
13.515 0.588553 2 1
13.52 0.588771 2 1
13.525 0.588989 2 1
13.53 0.589207 2 1
13.535 0.589425 2 1
13.54 0.589643 2 1
13.545 0.589861 2 1
13.55 0.590079 2 1
13.555 0.590297 2 1
13.56 0.590515 2 1
13.565 0.590733 2 1
13.57 0.590951 2 1
13.575 0.591169 2 1
13.58 0.591386 2 1
13.585 0.591604 2 1
13.59 0.591822 2 1
13.595 0.59204 2 1
13.6 0.592258 2 1
13.605 0.592476 2 1
13.61 0.592694 2 1
13.615 0.592912 2 1
13.62 0.59313 2 1
13.625 0.593348 2 1
13.63 0.593566 2 1
13.635 0.593784 2 1
13.64 0.594002 2 1
13.645 0.59422 2 1
13.65 0.594438 2 1
13.655 0.594656 2 1
13.66 0.594874 2 1
13.665 0.595092 2 1
13.67 0.59531 2 1
13.675 0.595528 2 1
13.68 0.595746 2 1
13.685 0.595964 2 1
13.69 0.596182 2 1
13.695 0.5964 2 1
13.7 0.596618 2 1
13.705 0.596836 2 1
13.71 0.597054 2 1
13.715 0.597272 2 1
13.72 0.59749 2 1
13.725 0.597707 2 1
13.73 0.597925 2 1
13.735 0.598143 2 1
13.74 0.598361 2 1
13.745 0.598579 2 1
13.75 0.598797 2 1
13.755 0.599015 2 1
13.76 0.599233 2 1
13.765 0.599451 2 1
13.77 0.599669 2 1
13.775 0.599887 2 1
13.78 0.600105 2 1
13.785 0.600323 2 1
13.79 0.600541 2 1
13.795 0.600759 2 1
13.8 0.600977 2 1
13.805 0.601195 2 1
13.81 0.601413 2 1
13.815 0.601631 2 1
13.82 0.601849 2 1
13.825 0.602067 2 1
13.83 0.602285 2 1
13.835 0.602503 2 1
13.84 0.602721 2 1
13.845 0.602939 2 1
13.85 0.603157 2 1
13.855 0.603375 2 1
13.86 0.603593 2 1
13.865 0.603811 2 1
13.87 0.604028 2 1
13.875 0.604246 2 1
13.88 0.604464 2 1
13.885 0.604682 2 1
13.89 0.6049 2 1
13.895 0.605118 2 1
13.9 0.605336 2 1
13.905 0.605554 2 1
13.91 0.605772 2 1
13.915 0.60599 2 1
13.92 0.606208 2 1
13.925 0.606426 2 1
13.93 0.606644 2 1
13.935 0.606862 2 1
13.94 0.60708 2 1
13.945 0.607298 2 1
13.95 0.607516 2 1
13.955 0.607734 2 1
13.96 0.607952 2 1
13.965 0.60817 2 1
13.97 0.608388 2 1
13.975 0.608606 2 1
13.98 0.608824 2 1
13.985 0.609042 2 1
13.99 0.60926 2 1
13.995 0.609478 2 1
14 0.609696 2 1
14.005 0.609914 2 1
14.01 0.610131 2 1
14.015 0.610349 2 1
14.02 0.610567 2 1
14.025 0.610785 2 1
14.03 0.611003 2 1
14.035 0.611221 2 1
14.04 0.611439 2 1
14.045 0.611657 2 1
14.05 0.611875 2 1
14.055 0.612093 2 1
14.06 0.612311 2 1
14.065 0.612529 2 1
14.07 0.612747 2 1
14.075 0.612965 2 1
14.08 0.613183 2 1
14.085 0.613401 2 1
14.09 0.613619 2 1
14.095 0.613837 2 1
14.1 0.614055 2 1
14.105 0.614273 2 1
14.11 0.614491 2 1
14.115 0.614709 2 1
14.12 0.614927 2 1
14.125 0.615145 2 1
14.13 0.615363 2 1
14.135 0.615581 2 1
14.14 0.615799 2 1
14.145 0.616017 2 1
14.15 0.616235 2 1
14.155 0.616452 2 1
14.16 0.61667 2 1
14.165 0.616888 2 1
14.17 0.617106 2 1
14.175 0.617324 2 1
14.18 0.617542 2 1
14.185 0.61776 2 1
14.19 0.617978 2 1
14.195 0.618196 2 1
14.2 0.618414 2 1
14.205 0.618632 2 1
14.21 0.61885 2 1
14.215 0.619068 2 1
14.22 0.619286 2 1
14.225 0.619504 2 1
14.23 0.619722 2 1
14.235 0.61994 2 1
14.24 0.620158 2 1
14.245 0.620376 2 1
14.25 0.620594 2 1
14.255 0.620812 2 1
14.26 0.62103 2 1
14.265 0.621248 2 1
14.27 0.621466 2 1
14.275 0.621684 2 1
14.28 0.621902 2 1
14.285 0.62212 2 1
14.29 0.622338 2 1
14.295 0.622556 2 1
14.3 0.622773 2 1
14.305 0.622991 2 1
14.31 0.623209 2 1
14.315 0.623427 2 1
14.32 0.623645 2 1
14.325 0.623863 2 1
14.33 0.624081 2 1
14.335 0.624299 2 1
14.34 0.624517 2 1
14.345 0.624735 2 1
14.35 0.624953 2 1
14.355 0.625171 2 1
14.36 0.625389 2 1
14.365 0.625607 2 1
14.37 0.625825 2 1
14.375 0.626043 2 1
14.38 0.626261 2 1
14.385 0.626479 2 1
14.39 0.626697 2 1
14.395 0.626915 2 1
14.4 0.627133 2 1
14.405 0.627351 2 1
14.41 0.627569 2 1
14.415 0.627787 2 1
14.42 0.628005 2 1
14.425 0.628223 2 1
14.43 0.628441 2 1
14.435 0.628659 2 1
14.44 0.628876 2 1
14.445 0.629094 2 1
14.45 0.629312 2 1
14.455 0.62953 2 1
14.46 0.629748 2 1
14.465 0.629966 2 1
14.47 0.630184 2 1
14.475 0.630402 2 1
14.48 0.63062 2 1
14.485 0.630838 2 1
14.49 0.631056 2 1
14.495 0.631274 2 1
14.5 0.631492 2 1
14.505 0.63171 2 1
14.51 0.631928 2 1
14.515 0.632146 2 1
14.52 0.632364 2 1
14.525 0.632582 2 1
14.53 0.6328 2 1
14.535 0.633018 2 1
14.54 0.633236 2 1
14.545 0.633454 2 1
14.55 0.633672 2 1
14.555 0.63389 2 1
14.56 0.634108 2 1
14.565 0.634326 2 1
14.57 0.634544 2 1
14.575 0.634762 2 1
14.58 0.63498 2 1
14.585 0.635197 2 1
14.59 0.635415 2 1
14.595 0.635633 2 1
14.6 0.635851 2 1
14.605 0.636069 2 1
14.61 0.636287 2 1
14.615 0.636505 2 1
14.62 0.636723 2 1
14.625 0.636941 2 1
14.63 0.637159 2 1
14.635 0.637377 2 1
14.64 0.637595 2 1
14.645 0.637813 2 1
14.65 0.638031 2 1
14.655 0.638249 2 1
14.66 0.638467 2 1
14.665 0.638685 2 1
14.67 0.638903 2 1
14.675 0.639121 2 1
14.68 0.639339 2 1
14.685 0.639557 2 1
14.69 0.639775 2 1
14.695 0.639993 2 1
14.7 0.640211 2 1
14.705 0.640429 2 1
14.71 0.640647 2 1
14.715 0.640865 2 1
14.72 0.641083 2 1
14.725 0.641301 2 1
14.73 0.641518 2 1
14.735 0.641736 2 1
14.74 0.641954 2 1
14.745 0.642172 2 1
14.75 0.64239 2 1
14.755 0.642608 2 1
14.76 0.642826 2 1
14.765 0.643044 2 1
14.77 0.643262 2 1
14.775 0.64348 2 1
14.78 0.643698 2 1
14.785 0.643916 2 1
14.79 0.644134 2 1
14.795 0.644352 2 1
14.8 0.64457 2 1
14.805 0.644788 2 1
14.81 0.645006 2 1
14.815 0.645224 2 1
14.82 0.645442 2 1
14.825 0.64566 2 1
14.83 0.645878 2 1
14.835 0.646096 2 1
14.84 0.646314 2 1
14.845 0.646532 2 1
14.85 0.64675 2 1
14.855 0.646968 2 1
14.86 0.647186 2 1
14.865 0.647404 2 1
14.87 0.647622 2 1
14.875 0.647839 2 1
14.88 0.648057 2 1
14.885 0.648275 2 1
14.89 0.648493 2 1
14.895 0.648711 2 1
14.9 0.648929 2 1
14.905 0.649147 2 1
14.91 0.649365 2 1
14.915 0.649583 2 1
14.92 0.649801 2 1
14.925 0.650019 2 1
14.93 0.650237 2 1
14.935 0.650455 2 1
14.94 0.650673 2 1
14.945 0.650891 2 1
14.95 0.651109 2 1
14.955 0.651327 2 1
14.96 0.651545 2 1
14.965 0.651763 2 1
14.97 0.651981 2 1
14.975 0.652199 2 1
14.98 0.652417 2 1
14.985 0.652635 2 1
14.99 0.652853 2 1
14.995 0.653071 2 1
15 0.653289 2 1
15.005 0.653507 2 1
15.01 0.653725 2 1
15.015 0.653942 2 1
15.02 0.65416 2 1
15.025 0.654378 2 1
15.03 0.654596 2 1
15.035 0.654814 2 1
15.04 0.655032 2 1
15.045 0.65525 2 1
15.05 0.655468 2 1
15.055 0.655686 2 1
15.06 0.655904 2 1
15.065 0.656122 2 1
15.07 0.65634 2 1
15.075 0.656558 2 1
15.08 0.656776 2 1
15.085 0.656994 2 1
15.09 0.657212 2 1
15.095 0.65743 2 1
15.1 0.657648 2 1
15.105 0.657866 2 1
15.11 0.658084 2 1
15.115 0.658302 2 1
15.12 0.65852 2 1
15.125 0.658738 2 1
15.13 0.658956 2 1
15.135 0.659174 2 1
15.14 0.659392 2 1
15.145 0.65961 2 1
15.15 0.659828 2 1
15.155 0.660046 2 1
15.16 0.660263 2 1
15.165 0.660481 2 1
15.17 0.660699 2 1
15.175 0.660917 2 1
15.18 0.661135 2 1
15.185 0.661353 2 1
15.19 0.661571 2 1
15.195 0.661789 2 1
15.2 0.662007 2 1
15.205 0.662225 2 1
15.21 0.662443 2 1
15.215 0.662661 2 1
15.22 0.662879 2 1
15.225 0.663097 2 1
15.23 0.663315 2 1
15.235 0.663533 2 1
15.24 0.663751 2 1
15.245 0.663969 2 1
15.25 0.664187 2 1
15.255 0.664405 2 1
15.26 0.664623 2 1
15.265 0.664841 2 1
15.27 0.665059 2 1
15.275 0.665277 2 1
15.28 0.665495 2 1
15.285 0.665713 2 1
15.29 0.665931 2 1
15.295 0.666149 2 1
15.3 0.666367 2 1
15.305 0.666584 2 1
15.31 0.666802 2 1
15.315 0.66702 2 1
15.32 0.667238 2 1
15.325 0.667456 2 1
15.33 0.667674 2 1
15.335 0.667892 2 1
15.34 0.66811 2 1
15.345 0.668328 2 1
15.35 0.668546 2 1
15.355 0.668764 2 1
15.36 0.668982 2 1
15.365 0.6692 2 1
15.37 0.669418 2 1
15.375 0.669636 2 1
15.38 0.669854 2 1
15.385 0.670072 2 1
15.39 0.67029 2 1
15.395 0.670508 2 1
15.4 0.670726 2 1
15.405 0.670944 2 1
15.41 0.671162 2 1
15.415 0.67138 2 1
15.42 0.671598 2 1
15.425 0.671816 2 1
15.43 0.672034 2 1
15.435 0.672252 2 1
15.44 0.67247 2 1
15.445 0.672687 2 1
15.45 0.672905 2 1
15.455 0.673123 2 1
15.46 0.673341 2 1
15.465 0.673559 2 1
15.47 0.673777 2 1
15.475 0.673995 2 1
15.48 0.674213 2 1
15.485 0.674431 2 1
15.49 0.674649 2 1
15.495 0.674867 2 1
15.5 0.675085 2 1
15.505 0.675303 2 1
15.51 0.675521 2 1
15.515 0.675739 2 1
15.52 0.675957 2 1
15.525 0.676175 2 1
15.53 0.676393 2 1
15.535 0.676611 2 1
15.54 0.676829 2 1
15.545 0.677047 2 1
15.55 0.677265 2 1
15.555 0.677483 2 1
15.56 0.677701 2 1
15.565 0.677919 2 1
15.57 0.678137 2 1
15.575 0.678355 2 1
15.58 0.678573 2 1
15.585 0.678791 2 1
15.59 0.679008 2 1
15.595 0.679226 2 1
15.6 0.679444 2 1
15.605 0.679662 2 1
15.61 0.67988 2 1
15.615 0.680098 2 1
15.62 0.680316 2 1
15.625 0.680534 2 1
15.63 0.680752 2 1
15.635 0.68097 2 1
15.64 0.681188 2 1
15.645 0.681406 2 1
15.65 0.681624 2 1
15.655 0.681842 2 1
15.66 0.68206 2 1
15.665 0.682278 2 1
15.67 0.682496 2 1
15.675 0.682714 2 1
15.68 0.682932 2 1
15.685 0.68315 2 1
15.69 0.683368 2 1
15.695 0.683586 2 1
15.7 0.683804 2 1
15.705 0.684022 2 1
15.71 0.68424 2 1
15.715 0.684458 2 1
15.72 0.684676 2 1
15.725 0.684894 2 1
15.73 0.685112 2 1
15.735 0.685329 2 1
15.74 0.685547 2 1
15.745 0.685765 2 1
15.75 0.685983 2 1
15.755 0.686201 2 1
15.76 0.686419 2 1
15.765 0.686637 2 1
15.77 0.686855 2 1
15.775 0.687073 2 1
15.78 0.687291 2 1
15.785 0.687509 2 1
15.79 0.687727 2 1
15.795 0.687945 2 1
15.8 0.688163 2 1
15.805 0.688381 2 1
15.81 0.688599 2 1
15.815 0.688817 2 1
15.82 0.689035 2 1
15.825 0.689253 2 1
15.83 0.689471 2 1
15.835 0.689689 2 1
15.84 0.689907 2 1
15.845 0.690125 2 1
15.85 0.690343 2 1
15.855 0.690561 2 1
15.86 0.690779 2 1
15.865 0.690997 2 1
15.87 0.691215 2 1
15.875 0.691432 2 1
15.88 0.69165 2 1
15.885 0.691868 2 1
15.89 0.692086 2 1
15.895 0.692304 2 1
15.9 0.692522 2 1
15.905 0.69274 2 1
15.91 0.692958 2 1
15.915 0.693176 2 1
15.92 0.693394 2 1
15.925 0.693612 2 1
15.93 0.69383 2 1
15.935 0.694048 2 1
15.94 0.694266 2 1
15.945 0.694484 2 1
15.95 0.694702 2 1
15.955 0.69492 2 1
15.96 0.695138 2 1
15.965 0.695356 2 1
15.97 0.695574 2 1
15.975 0.695792 2 1
15.98 0.69601 2 1
15.985 0.696228 2 1
15.99 0.696446 2 1
15.995 0.696664 2 1
16 0.696882 2 1
16.005 0.6971 2 1
16.01 0.697318 2 1
16.015 0.697536 2 1
16.02 0.697753 2 1
16.025 0.697971 2 1
16.03 0.698189 2 1
16.035 0.698407 2 1
16.04 0.698625 2 1
16.045 0.698843 2 1
16.05 0.699061 2 1
16.055 0.699279 2 1
16.06 0.699497 2 1
16.065 0.699715 2 1
16.07 0.699933 2 1
16.075 0.700151 2 1
16.08 0.700369 2 1
16.085 0.700587 2 1
16.09 0.700805 2 1
16.095 0.701023 2 1
16.1 0.701241 2 1
16.105 0.701459 2 1
16.11 0.701677 2 1
16.115 0.701895 2 1
16.12 0.702113 2 1
16.125 0.702331 2 1
16.13 0.702549 2 1
16.135 0.702767 2 1
16.14 0.702985 2 1
16.145 0.703203 2 1
16.15 0.703421 2 1
16.155 0.703639 2 1
16.16 0.703857 2 1
16.165 0.704074 2 1
16.17 0.704292 2 1
16.175 0.70451 2 1
16.18 0.704728 2 1
16.185 0.704946 2 1
16.19 0.705164 2 1
16.195 0.705382 2 1
16.2 0.7056 2 1
16.205 0.705818 2 1
16.21 0.706036 2 1
16.215 0.706254 2 1
16.22 0.706472 2 1
16.225 0.70669 2 1
16.23 0.706908 2 1
16.235 0.707126 2 1
16.24 0.707344 2 1
16.245 0.707562 2 1
16.25 0.70778 2 1
16.255 0.707998 2 1
16.26 0.708216 2 1
16.265 0.708434 2 1
16.27 0.708652 2 1
16.275 0.70887 2 1
16.28 0.709088 2 1
16.285 0.709306 2 1
16.29 0.709524 2 1
16.295 0.709742 2 1
16.3 0.70996 2 1
16.305 0.710178 2 1
16.31 0.710395 2 1
16.315 0.710613 2 1
16.32 0.710831 2 1
16.325 0.711049 2 1
16.33 0.711267 2 1
16.335 0.711485 2 1
16.34 0.711703 2 1
16.345 0.711921 2 1
16.35 0.712139 2 1
16.355 0.712357 2 1
16.36 0.712575 2 1
16.365 0.712793 2 1
16.37 0.713011 2 1
16.375 0.713229 2 1
16.38 0.713447 2 1
16.385 0.713665 2 1
16.39 0.713883 2 1
16.395 0.714101 2 1
16.4 0.714319 2 1
16.405 0.714537 2 1
16.41 0.714755 2 1
16.415 0.714973 2 1
16.42 0.715191 2 1
16.425 0.715409 2 1
16.43 0.715627 2 1
16.435 0.715845 2 1
16.44 0.716063 2 1
16.445 0.716281 2 1
16.45 0.716498 2 1
16.455 0.716716 2 1
16.46 0.716934 2 1
16.465 0.717152 2 1
16.47 0.71737 2 1
16.475 0.717588 2 1
16.48 0.717806 2 1
16.485 0.718024 2 1
16.49 0.718242 2 1
16.495 0.71846 2 1
16.5 0.718678 2 1
16.505 0.718896 2 1
16.51 0.719114 2 1
16.515 0.719332 2 1
16.52 0.71955 2 1
16.525 0.719768 2 1
16.53 0.719986 2 1
16.535 0.720204 2 1
16.54 0.720422 2 1
16.545 0.72064 2 1
16.55 0.720858 2 1
16.555 0.721076 2 1
16.56 0.721294 2 1
16.565 0.721512 2 1
16.57 0.72173 2 1
16.575 0.721948 2 1
16.58 0.722166 2 1
16.585 0.722384 2 1
16.59 0.722602 2 1
16.595 0.722819 2 1
16.6 0.723037 2 1
16.605 0.723255 2 1
16.61 0.723473 2 1
16.615 0.723691 2 1
16.62 0.723909 2 1
16.625 0.724127 2 1
16.63 0.724345 2 1
16.635 0.724563 2 1
16.64 0.724781 2 1
16.645 0.724999 2 1
16.65 0.725217 2 1
16.655 0.725435 2 1
16.66 0.725653 2 1
16.665 0.725871 2 1
16.67 0.726089 2 1
16.675 0.726307 2 1
16.68 0.726525 2 1
16.685 0.726743 2 1
16.69 0.726961 2 1
16.695 0.727179 2 1
16.7 0.727397 2 1
16.705 0.727615 2 1
16.71 0.727833 2 1
16.715 0.728051 2 1
16.72 0.728269 2 1
16.725 0.728487 2 1
16.73 0.728705 2 1
16.735 0.728923 2 1
16.74 0.72914 2 1
16.745 0.729358 2 1
16.75 0.729576 2 1
16.755 0.729794 2 1
16.76 0.730012 2 1
16.765 0.73023 2 1
16.77 0.730448 2 1
16.775 0.730666 2 1
16.78 0.730884 2 1
16.785 0.731102 2 1
16.79 0.73132 2 1
16.795 0.731538 2 1
16.8 0.731756 2 1
16.805 0.731974 2 1
16.81 0.732192 2 1
16.815 0.73241 2 1
16.82 0.732628 2 1
16.825 0.732846 2 1
16.83 0.733064 2 1
16.835 0.733282 2 1
16.84 0.7335 2 1
16.845 0.733718 2 1
16.85 0.733936 2 1
16.855 0.734154 2 1
16.86 0.734372 2 1
16.865 0.73459 2 1
16.87 0.734808 2 1
16.875 0.735026 2 1
16.88 0.735243 2 1
16.885 0.735461 2 1
16.89 0.735679 2 1
16.895 0.735897 2 1
16.9 0.736115 2 1
16.905 0.736333 2 1
16.91 0.736551 2 1
16.915 0.736769 2 1
16.92 0.736987 2 1
16.925 0.737205 2 1
16.93 0.737423 2 1
16.935 0.737641 2 1
16.94 0.737859 2 1
16.945 0.738077 2 1
16.95 0.738295 2 1
16.955 0.738513 2 1
16.96 0.738731 2 1
16.965 0.738949 2 1
16.97 0.739167 2 1
16.975 0.739385 2 1
16.98 0.739603 2 1
16.985 0.739821 2 1
16.99 0.740039 2 1
16.995 0.740257 2 1
17 0.740475 2 1
17.005 0.740693 2 1
17.01 0.740911 2 1
17.015 0.741129 2 1
17.02 0.741347 2 1
17.025 0.741564 2 1
17.03 0.741782 2 1
17.035 0.742 2 1
17.04 0.742218 2 1
17.045 0.742436 2 1
17.05 0.742654 2 1
17.055 0.742872 2 1
17.06 0.74309 2 1
17.065 0.743308 2 1
17.07 0.743526 2 1
17.075 0.743744 2 1
17.08 0.743962 2 1
17.085 0.74418 2 1
17.09 0.744398 2 1
17.095 0.744616 2 1
17.1 0.744834 2 1
17.105 0.745052 2 1
17.11 0.74527 2 1
17.115 0.745488 2 1
17.12 0.745706 2 1
17.125 0.745924 2 1
17.13 0.746142 2 1
17.135 0.74636 2 1
17.14 0.746578 2 1
17.145 0.746796 2 1
17.15 0.747014 2 1
17.155 0.747232 2 1
17.16 0.74745 2 1
17.165 0.747668 2 1
17.17 0.747885 2 1
17.175 0.748103 2 1
17.18 0.748321 2 1
17.185 0.748539 2 1
17.19 0.748757 2 1
17.195 0.748975 2 1
17.2 0.749193 2 1
17.205 0.749411 2 1
17.21 0.749629 2 1
17.215 0.749847 2 1
17.22 0.750065 2 1
17.225 0.750283 2 1
17.23 0.750501 2 1
17.235 0.750719 2 1
17.24 0.750937 2 1
17.245 0.751155 2 1
17.25 0.751373 2 1
17.255 0.751591 2 1
17.26 0.751809 2 1
17.265 0.752027 2 1
17.27 0.752245 2 1
17.275 0.752463 2 1
17.28 0.752681 2 1
17.285 0.752899 2 1
17.29 0.753117 2 1
17.295 0.753335 2 1
17.3 0.753553 2 1
17.305 0.753771 2 1
17.31 0.753988 2 1
17.315 0.754206 2 1
17.32 0.754424 2 1
17.325 0.754642 2 1
17.33 0.75486 2 1
17.335 0.755078 2 1
17.34 0.755296 2 1
17.345 0.755514 2 1
17.35 0.755732 2 1
17.355 0.75595 2 1
17.36 0.756168 2 1
17.365 0.756386 2 1
17.37 0.756604 2 1
17.375 0.756822 2 1
17.38 0.75704 2 1
17.385 0.757258 2 1
17.39 0.757476 2 1
17.395 0.757694 2 1
17.4 0.757912 2 1
17.405 0.75813 2 1
17.41 0.758348 2 1
17.415 0.758566 2 1
17.42 0.758784 2 1
17.425 0.759002 2 1
17.43 0.75922 2 1
17.435 0.759438 2 1
17.44 0.759656 2 1
17.445 0.759874 2 1
17.45 0.760092 2 1
17.455 0.760309 2 1
17.46 0.760527 2 1
17.465 0.760745 2 1
17.47 0.760963 2 1
17.475 0.761181 2 1
17.48 0.761399 2 1
17.485 0.761617 2 1
17.49 0.761835 2 1
17.495 0.762053 2 1
17.5 0.762271 2 1
17.505 0.762489 2 1
17.51 0.762707 2 1
17.515 0.762925 2 1
17.52 0.763143 2 1
17.525 0.763361 2 1
17.53 0.763579 2 1
17.535 0.763797 2 1
17.54 0.764015 2 1
17.545 0.764233 2 1
17.55 0.764451 2 1
17.555 0.764669 2 1
17.56 0.764887 2 1
17.565 0.765105 2 1
17.57 0.765323 2 1
17.575 0.765541 2 1
17.58 0.765759 2 1
17.585 0.765977 2 1
17.59 0.766195 2 1
17.595 0.766413 2 1
17.6 0.76663 2 1
17.605 0.766848 2 1
17.61 0.767066 2 1
17.615 0.767284 2 1
17.62 0.767502 2 1
17.625 0.76772 2 1
17.63 0.767938 2 1
17.635 0.768156 2 1
17.64 0.768374 2 1
17.645 0.768592 2 1
17.65 0.76881 2 1
17.655 0.769028 2 1
17.66 0.769246 2 1
17.665 0.769464 2 1
17.67 0.769682 2 1
17.675 0.7699 2 1
17.68 0.770118 2 1
17.685 0.770336 2 1
17.69 0.770554 2 1
17.695 0.770772 2 1
17.7 0.77099 2 1
17.705 0.771208 2 1
17.71 0.771426 2 1
17.715 0.771644 2 1
17.72 0.771862 2 1
17.725 0.77208 2 1
17.73 0.772298 2 1
17.735 0.772516 2 1
17.74 0.772734 2 1
17.745 0.772951 2 1
17.75 0.773169 2 1
17.755 0.773387 2 1
17.76 0.773605 2 1
17.765 0.773823 2 1
17.77 0.774041 2 1
17.775 0.774259 2 1
17.78 0.774477 2 1
17.785 0.774695 2 1
17.79 0.774913 2 1
17.795 0.775131 2 1
17.8 0.775349 2 1
17.805 0.775567 2 1
17.81 0.775785 2 1
17.815 0.776003 2 1
17.82 0.776221 2 1
17.825 0.776439 2 1
17.83 0.776657 2 1
17.835 0.776875 2 1
17.84 0.777093 2 1
17.845 0.777311 2 1
17.85 0.777529 2 1
17.855 0.777747 2 1
17.86 0.777965 2 1
17.865 0.778183 2 1
17.87 0.778401 2 1
17.875 0.778619 2 1
17.88 0.778837 2 1
17.885 0.779054 2 1
17.89 0.779272 2 1
17.895 0.77949 2 1
17.9 0.779708 2 1
17.905 0.779926 2 1
17.91 0.780144 2 1
17.915 0.780362 2 1
17.92 0.78058 2 1
17.925 0.780798 2 1
17.93 0.781016 2 1
17.935 0.781234 2 1
17.94 0.781452 2 1
17.945 0.78167 2 1
17.95 0.781888 2 1
17.955 0.782106 2 1
17.96 0.782324 2 1
17.965 0.782542 2 1
17.97 0.78276 2 1
17.975 0.782978 2 1
17.98 0.783196 2 1
17.985 0.783414 2 1
17.99 0.783632 2 1
17.995 0.78385 2 1
18 0.784068 2 1
18.005 0.784286 2 1
18.01 0.784504 2 1
18.015 0.784722 2 1
18.02 0.78494 2 1
18.025 0.785158 2 1
18.03 0.785375 2 1
18.035 0.785593 2 1
18.04 0.785811 2 1
18.045 0.786029 2 1
18.05 0.786247 2 1
18.055 0.786465 2 1
18.06 0.786683 2 1
18.065 0.786901 2 1
18.07 0.787119 2 1
18.075 0.787337 2 1
18.08 0.787555 2 1
18.085 0.787773 2 1
18.09 0.787991 2 1
18.095 0.788209 2 1
18.1 0.788427 2 1
18.105 0.788645 2 1
18.11 0.788863 2 1
18.115 0.789081 2 1
18.12 0.789299 2 1
18.125 0.789517 2 1
18.13 0.789735 2 1
18.135 0.789953 2 1
18.14 0.790171 2 1
18.145 0.790389 2 1
18.15 0.790607 2 1
18.155 0.790825 2 1
18.16 0.791043 2 1
18.165 0.791261 2 1
18.17 0.791479 2 1
18.175 0.791696 2 1
18.18 0.791914 2 1
18.185 0.792132 2 1
18.19 0.79235 2 1
18.195 0.792568 2 1
18.2 0.792786 2 1
18.205 0.793004 2 1
18.21 0.793222 2 1
18.215 0.79344 2 1
18.22 0.793658 2 1
18.225 0.793876 2 1
18.23 0.794094 2 1
18.235 0.794312 2 1
18.24 0.79453 2 1
18.245 0.794748 2 1
18.25 0.794966 2 1
18.255 0.795184 2 1
18.26 0.795402 2 1
18.265 0.79562 2 1
18.27 0.795838 2 1
18.275 0.796056 2 1
18.28 0.796274 2 1
18.285 0.796492 2 1
18.29 0.79671 2 1
18.295 0.796928 2 1
18.3 0.797146 2 1
18.305 0.797364 2 1
18.31 0.797582 2 1
18.315 0.797799 2 1
18.32 0.798017 2 1
18.325 0.798235 2 1
18.33 0.798453 2 1
18.335 0.798671 2 1
18.34 0.798889 2 1
18.345 0.799107 2 1
18.35 0.799325 2 1
18.355 0.799543 2 1
18.36 0.799761 2 1
18.365 0.799979 2 1
18.37 0.800197 2 1
18.375 0.800415 2 1
18.38 0.800633 2 1
18.385 0.800851 2 1
18.39 0.801069 2 1
18.395 0.801287 2 1
18.4 0.801505 2 1
18.405 0.801723 2 1
18.41 0.801941 2 1
18.415 0.802159 2 1
18.42 0.802377 2 1
18.425 0.802595 2 1
18.43 0.802813 2 1
18.435 0.803031 2 1
18.44 0.803249 2 1
18.445 0.803467 2 1
18.45 0.803685 2 1
18.455 0.803903 2 1
18.46 0.80412 2 1
18.465 0.804338 2 1
18.47 0.804556 2 1
18.475 0.804774 2 1
18.48 0.804992 2 1
18.485 0.80521 2 1
18.49 0.805428 2 1
18.495 0.805646 2 1
18.5 0.805864 2 1
18.505 0.806082 2 1
18.51 0.8063 2 1
18.515 0.806518 2 1
18.52 0.806736 2 1
18.525 0.806954 2 1
18.53 0.807172 2 1
18.535 0.80739 2 1
18.54 0.807608 2 1
18.545 0.807826 2 1
18.55 0.808044 2 1
18.555 0.808262 2 1
18.56 0.80848 2 1
18.565 0.808698 2 1
18.57 0.808916 2 1
18.575 0.809134 2 1
18.58 0.809352 2 1
18.585 0.80957 2 1
18.59 0.809788 2 1
18.595 0.810006 2 1
18.6 0.810224 2 1
18.605 0.810441 2 1
18.61 0.810659 2 1
18.615 0.810877 2 1
18.62 0.811095 2 1
18.625 0.811313 2 1
18.63 0.811531 2 1
18.635 0.811749 2 1
18.64 0.811967 2 1
18.645 0.812185 2 1
18.65 0.812403 2 1
18.655 0.812621 2 1
18.66 0.812839 2 1
18.665 0.813057 2 1
18.67 0.813275 2 1
18.675 0.813493 2 1
18.68 0.813711 2 1
18.685 0.813929 2 1
18.69 0.814147 2 1
18.695 0.814365 2 1
18.7 0.814583 2 1
18.705 0.814801 2 1
18.71 0.815019 2 1
18.715 0.815237 2 1
18.72 0.815455 2 1
18.725 0.815673 2 1
18.73 0.815891 2 1
18.735 0.816109 2 1
18.74 0.816327 2 1
18.745 0.816545 2 1
18.75 0.816762 2 1
18.755 0.81698 2 1
18.76 0.817198 2 1
18.765 0.817416 2 1
18.77 0.817634 2 1
18.775 0.817852 2 1
18.78 0.81807 2 1
18.785 0.818288 2 1
18.79 0.818506 2 1
18.795 0.818724 2 1
18.8 0.818942 2 1
18.805 0.81916 2 1
18.81 0.819378 2 1
18.815 0.819596 2 1
18.82 0.819814 2 1
18.825 0.820032 2 1
18.83 0.82025 2 1
18.835 0.820468 2 1
18.84 0.820686 2 1
18.845 0.820904 2 1
18.85 0.821122 2 1
18.855 0.82134 2 1
18.86 0.821558 2 1
18.865 0.821776 2 1
18.87 0.821994 2 1
18.875 0.822212 2 1
18.88 0.82243 2 1
18.885 0.822648 2 1
18.89 0.822865 2 1
18.895 0.823083 2 1
18.9 0.823301 2 1
18.905 0.823519 2 1
18.91 0.823737 2 1
18.915 0.823955 2 1
18.92 0.824173 2 1
18.925 0.824391 2 1
18.93 0.824609 2 1
18.935 0.824827 2 1
18.94 0.825045 2 1
18.945 0.825263 2 1
18.95 0.825481 2 1
18.955 0.825699 2 1
18.96 0.825917 2 1
18.965 0.826135 2 1
18.97 0.826353 2 1
18.975 0.826571 2 1
18.98 0.826789 2 1
18.985 0.827007 2 1
18.99 0.827225 2 1
18.995 0.827443 2 1
19 0.827661 2 1
19.005 0.827879 2 1
19.01 0.828097 2 1
19.015 0.828315 2 1
19.02 0.828533 2 1
19.025 0.828751 2 1
19.03 0.828969 2 1
19.035 0.829186 2 1
19.04 0.829404 2 1
19.045 0.829622 2 1
19.05 0.82984 2 1
19.055 0.830058 2 1
19.06 0.830276 2 1
19.065 0.830494 2 1
19.07 0.830712 2 1
19.075 0.83093 2 1
19.08 0.831148 2 1
19.085 0.831366 2 1
19.09 0.831584 2 1
19.095 0.831802 2 1
19.1 0.83202 2 1
19.105 0.832238 2 1
19.11 0.832456 2 1
19.115 0.832674 2 1
19.12 0.832892 2 1
19.125 0.83311 2 1
19.13 0.833328 2 1
19.135 0.833546 2 1
19.14 0.833764 2 1
19.145 0.833982 2 1
19.15 0.8342 2 1
19.155 0.834418 2 1
19.16 0.834636 2 1
19.165 0.834854 2 1
19.17 0.835072 2 1
19.175 0.83529 2 1
19.18 0.835507 2 1
19.185 0.835725 2 1
19.19 0.835943 2 1
19.195 0.836161 2 1
19.2 0.836379 2 1
19.205 0.836597 2 1
19.21 0.836815 2 1
19.215 0.837033 2 1
19.22 0.837251 2 1
19.225 0.837469 2 1
19.23 0.837687 2 1
19.235 0.837905 2 1
19.24 0.838123 2 1
19.245 0.838341 2 1
19.25 0.838559 2 1
19.255 0.838777 2 1
19.26 0.838995 2 1
19.265 0.839213 2 1
19.27 0.839431 2 1
19.275 0.839649 2 1
19.28 0.839867 2 1
19.285 0.840085 2 1
19.29 0.840303 2 1
19.295 0.840521 2 1
19.3 0.840739 2 1
19.305 0.840957 2 1
19.31 0.841175 2 1
19.315 0.841393 2 1
19.32 0.84161 2 1
19.325 0.841828 2 1
19.33 0.842046 2 1
19.335 0.842264 2 1
19.34 0.842482 2 1
19.345 0.8427 2 1
19.35 0.842918 2 1
19.355 0.843136 2 1
19.36 0.843354 2 1
19.365 0.843572 2 1
19.37 0.84379 2 1
19.375 0.844008 2 1
19.38 0.844226 2 1
19.385 0.844444 2 1
19.39 0.844662 2 1
19.395 0.84488 2 1
19.4 0.845098 2 1
19.405 0.845316 2 1
19.41 0.845534 2 1
19.415 0.845752 2 1
19.42 0.84597 2 1
19.425 0.846188 2 1
19.43 0.846406 2 1
19.435 0.846624 2 1
19.44 0.846842 2 1
19.445 0.84706 2 1
19.45 0.847278 2 1
19.455 0.847496 2 1
19.46 0.847714 2 1
19.465 0.847931 2 1
19.47 0.848149 2 1
19.475 0.848367 2 1
19.48 0.848585 2 1
19.485 0.848803 2 1
19.49 0.849021 2 1
19.495 0.849239 2 1
19.5 0.849457 2 1
19.505 0.849675 2 1
19.51 0.849893 2 1
19.515 0.850111 2 1
19.52 0.850329 2 1
19.525 0.850547 2 1
19.53 0.850765 2 1
19.535 0.850983 2 1
19.54 0.851201 2 1
19.545 0.851419 2 1
19.55 0.851637 2 1
19.555 0.851855 2 1
19.56 0.852073 2 1
19.565 0.852291 2 1
19.57 0.852509 2 1
19.575 0.852727 2 1
19.58 0.852945 2 1
19.585 0.853163 2 1
19.59 0.853381 2 1
19.595 0.853599 2 1
19.6 0.853817 2 1
19.605 0.854035 2 1
19.61 0.854252 2 1
19.615 0.85447 2 1
19.62 0.854688 2 1
19.625 0.854906 2 1
19.63 0.855124 2 1
19.635 0.855342 2 1
19.64 0.85556 2 1
19.645 0.855778 2 1
19.65 0.855996 2 1
19.655 0.856214 2 1
19.66 0.856432 2 1
19.665 0.85665 2 1
19.67 0.856868 2 1
19.675 0.857086 2 1
19.68 0.857304 2 1
19.685 0.857522 2 1
19.69 0.85774 2 1
19.695 0.857958 2 1
19.7 0.858176 2 1
19.705 0.858394 2 1
19.71 0.858612 2 1
19.715 0.85883 2 1
19.72 0.859048 2 1
19.725 0.859266 2 1
19.73 0.859484 2 1
19.735 0.859702 2 1
19.74 0.85992 2 1
19.745 0.860138 2 1
19.75 0.860355 2 1
19.755 0.860573 2 1
19.76 0.860791 2 1
19.765 0.861009 2 1
19.77 0.861227 2 1
19.775 0.861445 2 1
19.78 0.861663 2 1
19.785 0.861881 2 1
19.79 0.862099 2 1
19.795 0.862317 2 1
19.8 0.862535 2 1
19.805 0.862753 2 1
19.81 0.862971 2 1
19.815 0.863189 2 1
19.82 0.863407 2 1
19.825 0.863625 2 1
19.83 0.863843 2 1
19.835 0.864061 2 1
19.84 0.864279 2 1
19.845 0.864497 2 1
19.85 0.864715 2 1
19.855 0.864933 2 1
19.86 0.865151 2 1
19.865 0.865369 2 1
19.87 0.865587 2 1
19.875 0.865805 2 1
19.88 0.866023 2 1
19.885 0.866241 2 1
19.89 0.866459 2 1
19.895 0.866676 2 1
19.9 0.866894 2 1
19.905 0.867112 2 1
19.91 0.86733 2 1
19.915 0.867548 2 1
19.92 0.867766 2 1
19.925 0.867984 2 1
19.93 0.868202 2 1
19.935 0.86842 2 1
19.94 0.868638 2 1
19.945 0.868856 2 1
19.95 0.869074 2 1
19.955 0.869292 2 1
19.96 0.86951 2 1
19.965 0.869728 2 1
19.97 0.869946 2 1
19.975 0.870164 2 1
19.98 0.870382 2 1
19.985 0.8706 2 1
19.99 0.870818 2 1
19.995 0.871036 2 1
20 0.871254 2 1
20.005 0.871472 2 1
20.01 0.87169 2 1
20.015 0.871908 2 1
20.02 0.872126 2 1
20.025 0.872344 2 1
20.03 0.872562 2 1
20.035 0.87278 2 1
20.04 0.872997 2 1
20.045 0.873215 2 1
20.05 0.873433 2 1
20.055 0.873651 2 1
20.06 0.873869 2 1
20.065 0.874087 2 1
20.07 0.874305 2 1
20.075 0.874523 2 1
20.08 0.874741 2 1
20.085 0.874959 2 1
20.09 0.875177 2 1
20.095 0.875395 2 1
20.1 0.875613 2 1
20.105 0.875831 2 1
20.11 0.876049 2 1
20.115 0.876267 2 1
20.12 0.876485 2 1
20.125 0.876703 2 1
20.13 0.876921 2 1
20.135 0.877139 2 1
20.14 0.877357 2 1
20.145 0.877575 2 1
20.15 0.877793 2 1
20.155 0.878011 2 1
20.16 0.878229 2 1
20.165 0.878447 2 1
20.17 0.878665 2 1
20.175 0.878883 2 1
20.18 0.879101 2 1
20.185 0.879318 2 1
20.19 0.879536 2 1
20.195 0.879754 2 1
20.2 0.879972 2 1
20.205 0.88019 2 1
20.21 0.880408 2 1
20.215 0.880626 2 1
20.22 0.880844 2 1
20.225 0.881062 2 1
20.23 0.88128 2 1
20.235 0.881498 2 1
20.24 0.881716 2 1
20.245 0.881934 2 1
20.25 0.882152 2 1
20.255 0.88237 2 1
20.26 0.882588 2 1
20.265 0.882806 2 1
20.27 0.883024 2 1
20.275 0.883242 2 1
20.28 0.88346 2 1
20.285 0.883678 2 1
20.29 0.883896 2 1
20.295 0.884114 2 1
20.3 0.884332 2 1
20.305 0.88455 2 1
20.31 0.884768 2 1
20.315 0.884986 2 1
20.32 0.885204 2 1
20.325 0.885421 2 1
20.33 0.885639 2 1
20.335 0.885857 2 1
20.34 0.886075 2 1
20.345 0.886293 2 1
20.35 0.886511 2 1
20.355 0.886729 2 1
20.36 0.886947 2 1
20.365 0.887165 2 1
20.37 0.887383 2 1
20.375 0.887601 2 1
20.38 0.887819 2 1
20.385 0.888037 2 1
20.39 0.888255 2 1
20.395 0.888473 2 1
20.4 0.888691 2 1
20.405 0.888909 2 1
20.41 0.889127 2 1
20.415 0.889345 2 1
20.42 0.889563 2 1
20.425 0.889781 2 1
20.43 0.889999 2 1
20.435 0.890217 2 1
20.44 0.890435 2 1
20.445 0.890653 2 1
20.45 0.890871 2 1
20.455 0.891089 2 1
20.46 0.891307 2 1
20.465 0.891525 2 1
20.47 0.891742 2 1
20.475 0.89196 2 1
20.48 0.892178 2 1
20.485 0.892396 2 1
20.49 0.892614 2 1
20.495 0.892832 2 1
20.5 0.89305 2 1
20.505 0.893268 2 1
20.51 0.893486 2 1
20.515 0.893704 2 1
20.52 0.893922 2 1
20.525 0.89414 2 1
20.53 0.894358 2 1
20.535 0.894576 2 1
20.54 0.894794 2 1
20.545 0.895012 2 1
20.55 0.89523 2 1
20.555 0.895448 2 1
20.56 0.895666 2 1
20.565 0.895884 2 1
20.57 0.896102 2 1
20.575 0.89632 2 1
20.58 0.896538 2 1
20.585 0.896756 2 1
20.59 0.896974 2 1
20.595 0.897192 2 1
20.6 0.89741 2 1
20.605 0.897628 2 1
20.61 0.897846 2 1
20.615 0.898063 2 1
20.62 0.898281 2 1
20.625 0.898499 2 1
20.63 0.898717 2 1
20.635 0.898935 2 1
20.64 0.899153 2 1
20.645 0.899371 2 1
20.65 0.899589 2 1
20.655 0.899807 2 1
20.66 0.900025 2 1
20.665 0.900243 2 1
20.67 0.900461 2 1
20.675 0.900679 2 1
20.68 0.900897 2 1
20.685 0.901115 2 1
20.69 0.901333 2 1
20.695 0.901551 2 1
20.7 0.901769 2 1
20.705 0.901987 2 1
20.71 0.902205 2 1
20.715 0.902423 2 1
20.72 0.902641 2 1
20.725 0.902859 2 1
20.73 0.903077 2 1
20.735 0.903295 2 1
20.74 0.903513 2 1
20.745 0.903731 2 1
20.75 0.903949 2 1
20.755 0.904166 2 1
20.76 0.904384 2 1
20.765 0.904602 2 1
20.77 0.90482 2 1
20.775 0.905038 2 1
20.78 0.905256 2 1
20.785 0.905474 2 1
20.79 0.905692 2 1
20.795 0.90591 2 1
20.8 0.906128 2 1
20.805 0.906346 2 1
20.81 0.906564 2 1
20.815 0.906782 2 1
20.82 0.907 2 1
20.825 0.907218 2 1
20.83 0.907436 2 1
20.835 0.907654 2 1
20.84 0.907872 2 1
20.845 0.90809 2 1
20.85 0.908308 2 1
20.855 0.908526 2 1
20.86 0.908744 2 1
20.865 0.908962 2 1
20.87 0.90918 2 1
20.875 0.909398 2 1
20.88 0.909616 2 1
20.885 0.909834 2 1
20.89 0.910052 2 1
20.895 0.91027 2 1
20.9 0.910487 2 1
20.905 0.910705 2 1
20.91 0.910923 2 1
20.915 0.911141 2 1
20.92 0.911359 2 1
20.925 0.911577 2 1
20.93 0.911795 2 1
20.935 0.912013 2 1
20.94 0.912231 2 1
20.945 0.912449 2 1
20.95 0.912667 2 1
20.955 0.912885 2 1
20.96 0.913103 2 1
20.965 0.913321 2 1
20.97 0.913539 2 1
20.975 0.913757 2 1
20.98 0.913975 2 1
20.985 0.914193 2 1
20.99 0.914411 2 1
20.995 0.914629 2 1
21 0.914847 2 1
21.005 0.915065 2 1
21.01 0.915283 2 1
21.015 0.915501 2 1
21.02 0.915719 2 1
21.025 0.915937 2 1
21.03 0.916155 2 1
21.035 0.916373 2 1
21.04 0.916591 2 1
21.045 0.916808 2 1
21.05 0.917026 2 1
21.055 0.917244 2 1
21.06 0.917462 2 1
21.065 0.91768 2 1
21.07 0.917898 2 1
21.075 0.918116 2 1
21.08 0.918334 2 1
21.085 0.918552 2 1
21.09 0.91877 2 1
21.095 0.918988 2 1
21.1 0.919206 2 1
21.105 0.919424 2 1
21.11 0.919642 2 1
21.115 0.91986 2 1
21.12 0.920078 2 1
21.125 0.920296 2 1
21.13 0.920514 2 1
21.135 0.920732 2 1
21.14 0.92095 2 1
21.145 0.921168 2 1
21.15 0.921386 2 1
21.155 0.921604 2 1
21.16 0.921822 2 1
21.165 0.92204 2 1
21.17 0.922258 2 1
21.175 0.922476 2 1
21.18 0.922694 2 1
21.185 0.922912 2 1
21.19 0.923129 2 1
21.195 0.923347 2 1
21.2 0.923565 2 1
21.205 0.923783 2 1
21.21 0.924001 2 1
21.215 0.924219 2 1
21.22 0.924437 2 1
21.225 0.924655 2 1
21.23 0.924873 2 1
21.235 0.925091 2 1
21.24 0.925309 2 1
21.245 0.925527 2 1
21.25 0.925745 2 1
21.255 0.925963 2 1
21.26 0.926181 2 1
21.265 0.926399 2 1
21.27 0.926617 2 1
21.275 0.926835 2 1
21.28 0.927053 2 1
21.285 0.927271 2 1
21.29 0.927489 2 1
21.295 0.927707 2 1
21.3 0.927925 2 1
21.305 0.928143 2 1
21.31 0.928361 2 1
21.315 0.928579 2 1
21.32 0.928797 2 1
21.325 0.929015 2 1
21.33 0.929232 2 1
21.335 0.92945 2 1
21.34 0.929668 2 1
21.345 0.929886 2 1
21.35 0.930104 2 1
21.355 0.930322 2 1
21.36 0.93054 2 1
21.365 0.930758 2 1
21.37 0.930976 2 1
21.375 0.931194 2 1
21.38 0.931412 2 1
21.385 0.93163 2 1
21.39 0.931848 2 1
21.395 0.932066 2 1
21.4 0.932284 2 1
21.405 0.932502 2 1
21.41 0.93272 2 1
21.415 0.932938 2 1
21.42 0.933156 2 1
21.425 0.933374 2 1
21.43 0.933592 2 1
21.435 0.93381 2 1
21.44 0.934028 2 1
21.445 0.934246 2 1
21.45 0.934464 2 1
21.455 0.934682 2 1
21.46 0.9349 2 1
21.465 0.935118 2 1
21.47 0.935336 2 1
21.475 0.935553 2 1
21.48 0.935771 2 1
21.485 0.935989 2 1
21.49 0.936207 2 1
21.495 0.936425 2 1
21.5 0.936643 2 1
21.505 0.936861 2 1
21.51 0.937079 2 1
21.515 0.937297 2 1
21.52 0.937515 2 1
21.525 0.937733 2 1
21.53 0.937951 2 1
21.535 0.938169 2 1
21.54 0.938387 2 1
21.545 0.938605 2 1
21.55 0.938823 2 1
21.555 0.939041 2 1
21.56 0.939259 2 1
21.565 0.939477 2 1
21.57 0.939695 2 1
21.575 0.939913 2 1
21.58 0.940131 2 1
21.585 0.940349 2 1
21.59 0.940567 2 1
21.595 0.940785 2 1
21.6 0.941003 2 1
21.605 0.941221 2 1
21.61 0.941439 2 1
21.615 0.941657 2 1
21.62 0.941874 2 1
21.625 0.942092 2 1
21.63 0.94231 2 1
21.635 0.942528 2 1
21.64 0.942746 2 1
21.645 0.942964 2 1
21.65 0.943182 2 1
21.655 0.9434 2 1
21.66 0.943618 2 1
21.665 0.943836 2 1
21.67 0.944054 2 1
21.675 0.944272 2 1
21.68 0.94449 2 1
21.685 0.944708 2 1
21.69 0.944926 2 1
21.695 0.945144 2 1
21.7 0.945362 2 1
21.705 0.94558 2 1
21.71 0.945798 2 1
21.715 0.946016 2 1
21.72 0.946234 2 1
21.725 0.946452 2 1
21.73 0.94667 2 1
21.735 0.946888 2 1
21.74 0.947106 2 1
21.745 0.947324 2 1
21.75 0.947542 2 1
21.755 0.94776 2 1
21.76 0.947977 2 1
21.765 0.948195 2 1
21.77 0.948413 2 1
21.775 0.948631 2 1
21.78 0.948849 2 1
21.785 0.949067 2 1
21.79 0.949285 2 1
21.795 0.949503 2 1
21.8 0.949721 2 1
21.805 0.949939 2 1
21.81 0.950157 2 1
21.815 0.950375 2 1
21.82 0.950593 2 1
21.825 0.950811 2 1
21.83 0.951029 2 1
21.835 0.951247 2 1
21.84 0.951465 2 1
21.845 0.951683 2 1
21.85 0.951901 2 1
21.855 0.952119 2 1
21.86 0.952337 2 1
21.865 0.952555 2 1
21.87 0.952773 2 1
21.875 0.952991 2 1
21.88 0.953209 2 1
21.885 0.953427 2 1
21.89 0.953645 2 1
21.895 0.953863 2 1
21.9 0.954081 2 1
21.905 0.954298 2 1
21.91 0.954516 2 1
21.915 0.954734 2 1
21.92 0.954952 2 1
21.925 0.95517 2 1
21.93 0.955388 2 1
21.935 0.955606 2 1
21.94 0.955824 2 1
21.945 0.956042 2 1
21.95 0.95626 2 1
21.955 0.956478 2 1
21.96 0.956696 2 1
21.965 0.956914 2 1
21.97 0.957132 2 1
21.975 0.95735 2 1
21.98 0.957568 2 1
21.985 0.957786 2 1
21.99 0.958004 2 1
21.995 0.958222 2 1
22 0.95844 2 1
22.005 0.958658 2 1
22.01 0.958876 2 1
22.015 0.959094 2 1
22.02 0.959312 2 1
22.025 0.95953 2 1
22.03 0.959748 2 1
22.035 0.959966 2 1
22.04 0.960184 2 1
22.045 0.960402 2 1
22.05 0.960619 2 1
22.055 0.960837 2 1
22.06 0.961055 2 1
22.065 0.961273 2 1
22.07 0.961491 2 1
22.075 0.961709 2 1
22.08 0.961927 2 1
22.085 0.962145 2 1
22.09 0.962363 2 1
22.095 0.962581 2 1
22.1 0.962799 2 1
22.105 0.963017 2 1
22.11 0.963235 2 1
22.115 0.963453 2 1
22.12 0.963671 2 1
22.125 0.963889 2 1
22.13 0.964107 2 1
22.135 0.964325 2 1
22.14 0.964543 2 1
22.145 0.964761 2 1
22.15 0.964979 2 1
22.155 0.965197 2 1
22.16 0.965415 2 1
22.165 0.965633 2 1
22.17 0.965851 2 1
22.175 0.966069 2 1
22.18 0.966287 2 1
22.185 0.966505 2 1
22.19 0.966722 2 1
22.195 0.96694 2 1
22.2 0.967158 2 1
22.205 0.967376 2 1
22.21 0.967594 2 1
22.215 0.967812 2 1
22.22 0.96803 2 1
22.225 0.968248 2 1
22.23 0.968466 2 1
22.235 0.968684 2 1
22.24 0.968902 2 1
22.245 0.96912 2 1
22.25 0.969338 2 1
22.255 0.969556 2 1
22.26 0.969774 2 1
22.265 0.969992 2 1
22.27 0.97021 2 1
22.275 0.970428 2 1
22.28 0.970646 2 1
22.285 0.970864 2 1
22.29 0.971082 2 1
22.295 0.9713 2 1
22.3 0.971518 2 1
22.305 0.971736 2 1
22.31 0.971954 2 1
22.315 0.972172 2 1
22.32 0.97239 2 1
22.325 0.972608 2 1
22.33 0.972826 2 1
22.335 0.973043 2 1
22.34 0.973261 2 1
22.345 0.973479 2 1
22.35 0.973697 2 1
22.355 0.973915 2 1
22.36 0.974133 2 1
22.365 0.974351 2 1
22.37 0.974569 2 1
22.375 0.974787 2 1
22.38 0.975005 2 1
22.385 0.975223 2 1
22.39 0.975441 2 1
22.395 0.975659 2 1
22.4 0.975877 2 1
22.405 0.976095 2 1
22.41 0.976313 2 1
22.415 0.976531 2 1
22.42 0.976749 2 1
22.425 0.976967 2 1
22.43 0.977185 2 1
22.435 0.977403 2 1
22.44 0.977621 2 1
22.445 0.977839 2 1
22.45 0.978057 2 1
22.455 0.978275 2 1
22.46 0.978493 2 1
22.465 0.978711 2 1
22.47 0.978929 2 1
22.475 0.979147 2 1
22.48 0.979364 2 1
22.485 0.979582 2 1
22.49 0.9798 2 1
22.495 0.980018 2 1
22.5 0.980236 2 1
22.505 0.980454 2 1
22.51 0.980672 2 1
22.515 0.98089 2 1
22.52 0.981108 2 1
22.525 0.981326 2 1
22.53 0.981544 2 1
22.535 0.981762 2 1
22.54 0.98198 2 1
22.545 0.982198 2 1
22.55 0.982416 2 1
22.555 0.982634 2 1
22.56 0.982852 2 1
22.565 0.98307 2 1
22.57 0.983288 2 1
22.575 0.983506 2 1
22.58 0.983724 2 1
22.585 0.983942 2 1
22.59 0.98416 2 1
22.595 0.984378 2 1
22.6 0.984596 2 1
22.605 0.984814 2 1
22.61 0.985032 2 1
22.615 0.98525 2 1
22.62 0.985468 2 1
22.625 0.985685 2 1
22.63 0.985903 2 1
22.635 0.986121 2 1
22.64 0.986339 2 1
22.645 0.986557 2 1
22.65 0.986775 2 1
22.655 0.986993 2 1
22.66 0.987211 2 1
22.665 0.987429 2 1
22.67 0.987647 2 1
22.675 0.987865 2 1
22.68 0.988083 2 1
22.685 0.988301 2 1
22.69 0.988519 2 1
22.695 0.988737 2 1
22.7 0.988955 2 1
22.705 0.989173 2 1
22.71 0.989391 2 1
22.715 0.989609 2 1
22.72 0.989827 2 1
22.725 0.990045 2 1
22.73 0.990263 2 1
22.735 0.990481 2 1
22.74 0.990699 2 1
22.745 0.990917 2 1
22.75 0.991135 2 1
22.755 0.991353 2 1
22.76 0.991571 2 1
22.765 0.991788 2 1
22.77 0.992006 2 1
22.775 0.992224 2 1
22.78 0.992442 2 1
22.785 0.99266 2 1
22.79 0.992878 2 1
22.795 0.993096 2 1
22.8 0.993314 2 1
22.805 0.993532 2 1
22.81 0.99375 2 1
22.815 0.993968 2 1
22.82 0.994186 2 1
22.825 0.994404 2 1
22.83 0.994622 2 1
22.835 0.99484 2 1
22.84 0.995058 2 1
22.845 0.995276 2 1
22.85 0.995494 2 1
22.855 0.995712 2 1
22.86 0.99593 2 1
22.865 0.996148 2 1
22.87 0.996366 2 1
22.875 0.996584 2 1
22.88 0.996802 2 1
22.885 0.99702 2 1
22.89 0.997238 2 1
22.895 0.997456 2 1
22.9 0.997674 2 1
22.905 0.997892 2 1
22.91 0.998109 2 1
22.915 0.998327 2 1
22.92 0.998545 2 1
22.925 0.998763 2 1
22.93 0.998981 2 1
22.935 0.999199 2 1
22.94 0.999417 2 1
22.945 0.999635 2 1
22.95 0.999853 2 1
