0 0 2 0
0.005 0.00050799 2 0
0.01 0.00101598 2 0
0.015 0.00152397 2 0
0.02 0.00203196 2 0
0.025 0.00253995 2 0
0.03 0.00304794 2 0
0.035 0.00355593 2 0
0.04 0.00406392 2 0
0.045 0.00457191 2 0
0.05 0.0050799 2 0
0.055 0.0055879 2 0
0.06 0.00609589 2 0
0.065 0.00660388 2 0
0.07 0.00711187 2 0
0.075 0.00761986 2 0
0.08 0.00812785 2 0
0.085 0.00863584 2 0
0.09 0.00914383 2 0
0.095 0.00965182 2 0
0.1 0.0101598 2 0
0.105 0.0106678 2 0
0.11 0.0111758 2 0
0.115 0.0116838 2 0
0.12 0.0121918 2 0
0.125 0.0126998 2 0
0.13 0.0132078 2 0
0.135 0.0137157 2 0
0.14 0.0142237 2 0
0.145 0.0147317 2 0
0.15 0.0152397 2 0
0.155 0.0157477 2 0
0.16 0.0162557 2 0
0.165 0.0167637 2 0
0.17 0.0172717 2 0
0.175 0.0177797 2 0
0.18 0.0182877 2 0
0.185 0.0187956 2 0
0.19 0.0193036 2 0
0.195 0.0198116 2 0
0.2 0.0203196 2 0
0.205 0.0208276 2 0
0.21 0.0213356 2 0
0.215 0.0218436 2 0
0.22 0.0223516 2 0
0.225 0.0228596 2 0
0.23 0.0233676 2 0
0.235 0.0238756 2 0
0.24 0.0243835 2 0
0.245 0.0248915 2 0
0.25 0.0253995 2 0
0.255 0.0259075 2 0
0.26 0.0264155 2 0
0.265 0.0269235 2 0
0.27 0.0274315 2 0
0.275 0.0279395 2 0
0.28 0.0284475 2 0
0.285 0.0289555 2 0
0.29 0.0294634 2 0
0.295 0.0299714 2 0
0.3 0.0304794 2 0
0.305 0.0309874 2 0
0.31 0.0314954 2 0
0.315 0.0320034 2 0
0.32 0.0325114 2 0
0.325 0.0330194 2 0
0.33 0.0335274 2 0
0.335 0.0340354 2 0
0.34 0.0345434 2 0
0.345 0.0350513 2 0
0.35 0.0355593 2 0
0.355 0.0360673 2 0
0.36 0.0365753 2 0
0.365 0.0370833 2 0
0.37 0.0375913 2 0
0.375 0.0380993 2 0
0.38 0.0386073 2 0
0.385 0.0391153 2 0
0.39 0.0396233 2 0
0.395 0.0401312 2 0
0.4 0.0406392 2 0
0.405 0.0411472 2 0
0.41 0.0416552 2 0
0.415 0.0421632 2 0
0.42 0.0426712 2 0
0.425 0.0431792 2 0
0.43 0.0436872 2 0
0.435 0.0441952 2 0
0.44 0.0447032 2 0
0.445 0.0452112 2 0
0.45 0.0457191 2 0
0.455 0.0462271 2 0
0.46 0.0467351 2 0
0.465 0.0472431 2 0
0.47 0.0477511 2 0
0.475 0.0482591 2 0
0.48 0.0487671 2 0
0.485 0.0492751 2 0
0.49 0.0497831 2 0
0.495 0.0502911 2 0
0.5 0.050799 2 0
0.505 0.051307 2 0
0.51 0.051815 2 0
0.515 0.052323 2 0
0.52 0.052831 2 0
0.525 0.053339 2 0
0.53 0.053847 2 0
0.535 0.054355 2 0
0.54 0.054863 2 0
0.545 0.055371 2 0
0.55 0.055879 2 0
0.555 0.0563869 2 0
0.56 0.0568949 2 0
0.565 0.0574029 2 0
0.57 0.0579109 2 0
0.575 0.0584189 2 0
0.58 0.0589269 2 0
0.585 0.0594349 2 0
0.59 0.0599429 2 0
0.595 0.0604509 2 0
0.6 0.0609589 2 0
0.605 0.0614668 2 0
0.61 0.0619748 2 0
0.615 0.0624828 2 0
0.62 0.0629908 2 0
0.625 0.0634988 2 0
0.63 0.0640068 2 0
0.635 0.0645148 2 0
0.64 0.0650228 2 0
0.645 0.0655308 2 0
0.65 0.0660388 2 0
0.655 0.0665468 2 0
0.66 0.0670547 2 0
0.665 0.0675627 2 0
0.67 0.0680707 2 0
0.675 0.0685787 2 0
0.68 0.0690867 2 0
0.685 0.0695947 2 0
0.69 0.0701027 2 0
0.695 0.0706107 2 0
0.7 0.0711187 2 0
0.705 0.0716267 2 0
0.71 0.0721346 2 0
0.715 0.0726426 2 0
0.72 0.0731506 2 0
0.725 0.0736586 2 0
0.73 0.0741666 2 0
0.735 0.0746746 2 0
0.74 0.0751826 2 0
0.745 0.0756906 2 0
0.75 0.0761986 2 0
0.755 0.0767066 2 0
0.76 0.0772146 2 0
0.765 0.0777225 2 0
0.77 0.0782305 2 0
0.775 0.0787385 2 0
0.78 0.0792465 2 0
0.785 0.0797545 2 0
0.79 0.0802625 2 0
0.795 0.0807705 2 0
0.8 0.0812785 2 0
0.805 0.0817865 2 0
0.81 0.0822945 2 0
0.815 0.0828024 2 0
0.82 0.0833104 2 0
0.825 0.0838184 2 0
0.83 0.0843264 2 0
0.835 0.0848344 2 0
0.84 0.0853424 2 0
0.845 0.0858504 2 0
0.85 0.0863584 2 0
0.855 0.0868664 2 0
0.86 0.0873744 2 0
0.865 0.0878824 2 0
0.87 0.0883903 2 0
0.875 0.0888983 2 0
0.88 0.0894063 2 0
0.885 0.0899143 2 0
0.89 0.0904223 2 0
0.895 0.0909303 2 0
0.9 0.0914383 2 0
0.905 0.0919463 2 0
0.91 0.0924543 2 0
0.915 0.0929623 2 0
0.92 0.0934703 2 0
0.925 0.0939782 2 0
0.93 0.0944862 2 0
0.935 0.0949942 2 0
0.94 0.0955022 2 0
0.945 0.0960102 2 0
0.95 0.0965182 2 0
0.955 0.0970262 2 0
0.96 0.0975342 2 0
0.965 0.0980422 2 0
0.97 0.0985502 2 0
0.975 0.0990581 2 0
0.98 0.0995661 2 0
0.985 0.100074 2 0
0.99 0.100582 2 0
0.995 0.10109 2 0
1 0.102099 2 0
1.005 0.102612 2 0
1.01 0.103126 2 0
1.015 0.103639 2 0
1.02 0.104153 2 0
1.025 0.104666 2 0
1.03 0.10518 2 0
1.035 0.105693 2 0
1.04 0.106207 2 0
1.045 0.106721 2 0
1.05 0.107234 2 0
1.055 0.107748 2 0
1.06 0.108261 2 0
1.065 0.108775 2 0
1.07 0.109288 2 0
1.075 0.109802 2 0
1.08 0.110315 2 0
1.085 0.110829 2 0
1.09 0.111342 2 0
1.095 0.111856 2 0
1.1 0.112369 2 0
1.105 0.112883 2 0
1.11 0.113396 2 0
1.115 0.11391 2 0
1.12 0.114423 2 0
1.125 0.114937 2 0
1.13 0.115451 2 0
1.135 0.115964 2 0
1.14 0.116478 2 0
1.145 0.116991 2 0
1.15 0.117505 2 0
1.155 0.118018 2 0
1.16 0.118532 2 0
1.165 0.119045 2 0
1.17 0.119559 2 0
1.175 0.120072 2 0
1.18 0.120586 2 0
1.185 0.121099 2 0
1.19 0.121613 2 0
1.195 0.122126 2 0
1.2 0.12264 2 0
1.205 0.123153 2 0
1.21 0.123667 2 0
1.215 0.12418 2 0
1.22 0.124694 2 0
1.225 0.125208 2 0
1.23 0.125721 2 0
1.235 0.126235 2 0
1.24 0.126748 2 0
1.245 0.127262 2 0
1.25 0.127775 2 0
1.255 0.128289 2 0
1.26 0.128802 2 0
1.265 0.129316 2 0
1.27 0.129829 2 0
1.275 0.130343 2 0
1.28 0.130856 2 0
1.285 0.13137 2 0
1.29 0.131883 2 0
1.295 0.132397 2 0
1.3 0.13291 2 0
1.305 0.133424 2 0
1.31 0.133938 2 0
1.315 0.134451 2 0
1.32 0.134965 2 0
1.325 0.135478 2 0
1.33 0.135992 2 0
1.335 0.136505 2 0
1.34 0.137019 2 0
1.345 0.137532 2 0
1.35 0.138046 2 0
1.355 0.138559 2 0
1.36 0.139073 2 0
1.365 0.139586 2 0
1.37 0.1401 2 0
1.375 0.140613 2 0
1.38 0.141127 2 0
1.385 0.14164 2 0
1.39 0.142154 2 0
1.395 0.142668 2 0
1.4 0.143181 2 0
1.405 0.143695 2 0
1.41 0.144208 2 0
1.415 0.144722 2 0
1.42 0.145235 2 0
1.425 0.145749 2 0
1.43 0.146262 2 0
1.435 0.146776 2 0
1.44 0.147289 2 0
1.445 0.147803 2 0
1.45 0.148316 2 0
1.455 0.14883 2 0
1.46 0.149343 2 0
1.465 0.149857 2 0
1.47 0.15037 2 0
1.475 0.150884 2 0
1.48 0.151397 2 0
1.485 0.151911 2 0
1.49 0.152425 2 0
1.495 0.152938 2 0
1.5 0.153452 2 0
1.505 0.153965 2 0
1.51 0.154479 2 0
1.515 0.154992 2 0
1.52 0.155506 2 0
1.525 0.156019 2 0
1.53 0.156533 2 0
1.535 0.157046 2 0
1.54 0.15756 2 0
1.545 0.158073 2 0
1.55 0.158587 2 0
1.555 0.1591 2 0
1.56 0.159614 2 0
1.565 0.160127 2 0
1.57 0.160641 2 0
1.575 0.161155 2 0
1.58 0.161668 2 0
1.585 0.162182 2 0
1.59 0.162695 2 0
1.595 0.163209 2 0
1.6 0.163722 2 0
1.605 0.164236 2 0
1.61 0.164749 2 0
1.615 0.165263 2 0
1.62 0.165776 2 0
1.625 0.16629 2 0
1.63 0.166803 2 0
1.635 0.167317 2 0
1.64 0.16783 2 0
1.645 0.168344 2 0
1.65 0.168857 2 0
1.655 0.169371 2 0
1.66 0.169885 2 0
1.665 0.170398 2 0
1.67 0.170912 2 0
1.675 0.171425 2 0
1.68 0.171939 2 0
1.685 0.172452 2 0
1.69 0.172966 2 0
1.695 0.173479 2 0
1.7 0.173993 2 0
1.705 0.174506 2 0
1.71 0.17502 2 0
1.715 0.175533 2 0
1.72 0.176047 2 0
1.725 0.17656 2 0
1.73 0.177074 2 0
1.735 0.177587 2 0
1.74 0.178101 2 0
1.745 0.178614 2 0
1.75 0.179128 2 0
1.755 0.179642 2 0
1.76 0.180155 2 0
1.765 0.180669 2 0
1.77 0.181182 2 0
1.775 0.181696 2 0
1.78 0.182209 2 0
1.785 0.182723 2 0
1.79 0.183236 2 0
1.795 0.18375 2 0
1.8 0.184263 2 0
1.805 0.184777 2 0
1.81 0.18529 2 0
1.815 0.185804 2 0
1.82 0.186317 2 0
1.825 0.186831 2 0
1.83 0.187344 2 0
1.835 0.187858 2 0
1.84 0.188372 2 0
1.845 0.188885 2 0
1.85 0.189399 2 0
1.855 0.189912 2 0
1.86 0.190426 2 0
1.865 0.190939 2 0
1.87 0.191453 2 0
1.875 0.191966 2 0
1.88 0.19248 2 0
1.885 0.192993 2 0
1.89 0.193507 2 0
1.895 0.19402 2 0
1.9 0.194534 2 0
1.905 0.195047 2 0
1.91 0.195561 2 0
1.915 0.196074 2 0
1.92 0.196588 2 0
1.925 0.197102 2 0
1.93 0.197615 2 0
1.935 0.198129 2 0
1.94 0.198642 2 0
1.945 0.199156 2 0
1.95 0.199669 2 0
1.955 0.200183 2 0
1.96 0.200696 2 0
1.965 0.20121 2 0
1.97 0.201723 2 0
1.975 0.202237 2 0
1.98 0.20275 2 0
1.985 0.203264 2 0
1.99 0.203777 2 0
1.995 0.204291 2 0
2 0.204804 2 0
2.005 0.205318 2 0
2.01 0.205831 2 0
2.015 0.206345 2 0
2.02 0.206859 2 0
2.025 0.207372 2 0
2.03 0.207886 2 0
2.035 0.208399 2 0
2.04 0.208913 2 0
2.045 0.209426 2 0
2.05 0.20994 2 0
2.055 0.210453 2 0
2.06 0.210967 2 0
2.065 0.21148 2 0
2.07 0.211994 2 0
2.075 0.212507 2 0
2.08 0.213021 2 0
2.085 0.213534 2 0
2.09 0.214048 2 0
2.095 0.214561 2 0
2.1 0.215075 2 0
2.105 0.215589 2 0
2.11 0.216102 2 0
2.115 0.216616 2 0
2.12 0.217129 2 0
2.125 0.217643 2 0
2.13 0.218156 2 0
2.135 0.21867 2 0
2.14 0.219183 2 0
2.145 0.219697 2 0
2.15 0.22021 2 0
2.155 0.220724 2 0
2.16 0.221237 2 0
2.165 0.221751 2 0
2.17 0.222264 2 0
2.175 0.222778 2 0
2.18 0.223291 2 0
2.185 0.223805 2 0
2.19 0.224319 2 0
2.195 0.224832 2 0
2.2 0.225346 2 0
2.205 0.225859 2 0
2.21 0.226373 2 0
2.215 0.226886 2 0
2.22 0.2274 2 0
2.225 0.227913 2 0
2.23 0.228427 2 0
2.235 0.22894 2 0
2.24 0.229454 2 0
2.245 0.229967 2 0
2.25 0.230481 2 0
2.255 0.230994 2 0
2.26 0.231508 2 0
2.265 0.232021 2 0
2.27 0.232535 2 0
2.275 0.233048 2 0
2.28 0.233562 2 0
2.285 0.234076 2 0
2.29 0.234589 2 0
2.295 0.235103 2 0
2.3 0.235616 2 0
2.305 0.23613 2 0
2.31 0.236643 2 0
2.315 0.237157 2 0
2.32 0.23767 2 0
2.325 0.238184 2 0
2.33 0.238697 2 0
2.335 0.239211 2 0
2.34 0.239724 2 0
2.345 0.240238 2 0
2.35 0.240751 2 0
2.355 0.241265 2 0
2.36 0.241778 2 0
2.365 0.242292 2 0
2.37 0.242806 2 0
2.375 0.243319 2 0
2.38 0.243833 2 0
2.385 0.244346 2 0
2.39 0.24486 2 0
2.395 0.245373 2 0
2.4 0.245887 2 0
2.405 0.2464 2 0
2.41 0.246914 2 0
2.415 0.247427 2 0
2.42 0.247941 2 0
2.425 0.248454 2 0
2.43 0.248968 2 0
2.435 0.249481 2 0
2.44 0.249995 2 0
2.445 0.250508 2 0
2.45 0.251022 2 0
2.455 0.251536 2 0
2.46 0.252049 2 0
2.465 0.252563 2 0
2.47 0.253076 2 0
2.475 0.25359 2 0
2.48 0.254103 2 0
2.485 0.254617 2 0
2.49 0.25513 2 0
2.495 0.255644 2 0
2.5 0.256157 2 0
2.505 0.256671 2 0
2.51 0.257184 2 0
2.515 0.257698 2 0
2.52 0.258211 2 0
2.525 0.258725 2 0
2.53 0.259238 2 0
2.535 0.259752 2 0
2.54 0.260265 2 0
2.545 0.260779 2 0
2.55 0.261293 2 0
2.555 0.261806 2 0
2.56 0.26232 2 0
2.565 0.262833 2 0
2.57 0.263347 2 0
2.575 0.26386 2 0
2.58 0.264374 2 0
2.585 0.264887 2 0
2.59 0.265401 2 0
2.595 0.265914 2 0
2.6 0.266428 2 0
2.605 0.266941 2 0
2.61 0.267455 2 0
2.615 0.267968 2 0
2.62 0.268482 2 0
2.625 0.268995 2 0
2.63 0.269509 2 0
2.635 0.270023 2 0
2.64 0.270536 2 0
2.645 0.27105 2 0
2.65 0.271563 2 0
2.655 0.272077 2 0
2.66 0.27259 2 0
2.665 0.273104 2 0
2.67 0.273617 2 0
2.675 0.274131 2 0
2.68 0.274644 2 0
2.685 0.275158 2 0
2.69 0.275671 2 0
2.695 0.276185 2 0
2.7 0.276698 2 0
2.705 0.277212 2 0
2.71 0.277725 2 0
2.715 0.278239 2 0
2.72 0.278753 2 0
2.725 0.279266 2 0
2.73 0.27978 2 0
2.735 0.280293 2 0
2.74 0.280807 2 0
2.745 0.28132 2 0
2.75 0.281834 2 0
2.755 0.282347 2 0
2.76 0.282861 2 0
2.765 0.283374 2 0
2.77 0.283888 2 0
2.775 0.284401 2 0
2.78 0.284915 2 0
2.785 0.285428 2 0
2.79 0.285942 2 0
2.795 0.286455 2 0
2.8 0.286969 2 0
2.805 0.287482 2 0
2.81 0.287996 2 0
2.815 0.28851 2 0
2.82 0.289023 2 0
2.825 0.289537 2 0
2.83 0.29005 2 0
2.835 0.290564 2 0
2.84 0.291077 2 0
2.845 0.291591 2 0
2.85 0.292104 2 0
2.855 0.292618 2 0
2.86 0.293131 2 0
2.865 0.293645 2 0
2.87 0.294158 2 0
2.875 0.294672 2 0
2.88 0.295185 2 0
2.885 0.295699 2 0
2.89 0.296212 2 0
2.895 0.296726 2 0
2.9 0.29724 2 0
2.905 0.297753 2 0
2.91 0.298267 2 0
2.915 0.29878 2 0
2.92 0.299294 2 0
2.925 0.299807 2 0
2.93 0.300321 2 0
2.935 0.300834 2 0
2.94 0.301348 2 0
2.945 0.301861 2 0
2.95 0.302375 2 0
2.955 0.302888 2 0
2.96 0.303402 2 0
2.965 0.303915 2 0
2.97 0.304429 2 0
2.975 0.304942 2 0
2.98 0.305456 2 0
2.985 0.30597 2 0
2.99 0.306483 2 0
2.995 0.306997 2 0
3 0.30751 2 0
3.005 0.308024 2 0
3.01 0.308537 2 0
3.015 0.309051 2 0
3.02 0.309564 2 0
3.025 0.310078 2 0
3.03 0.310591 2 0
3.035 0.311105 2 0
3.04 0.311618 2 0
3.045 0.312132 2 0
3.05 0.312645 2 0
3.055 0.313159 2 0
3.06 0.313672 2 0
3.065 0.314186 2 0
3.07 0.314699 2 0
3.075 0.315213 2 0
3.08 0.315727 2 0
3.085 0.31624 2 0
3.09 0.316754 2 0
3.095 0.317267 2 0
3.1 0.317781 2 0
3.105 0.318294 2 0
3.11 0.318808 2 0
3.115 0.319321 2 0
3.12 0.319835 2 0
3.125 0.320348 2 0
3.13 0.320862 2 0
3.135 0.321375 2 0
3.14 0.321889 2 0
3.145 0.322402 2 0
3.15 0.322916 2 0
3.155 0.323429 2 0
3.16 0.323943 2 0
3.165 0.324457 2 0
3.17 0.32497 2 0
3.175 0.325484 2 0
3.18 0.325997 2 0
3.185 0.326511 2 0
3.19 0.327024 2 0
3.195 0.327538 2 0
3.2 0.328051 2 0
3.205 0.328565 2 0
3.21 0.329078 2 0
3.215 0.329592 2 0
3.22 0.330105 2 0
3.225 0.330619 2 0
3.23 0.331132 2 0
3.235 0.331646 2 0
3.24 0.332159 2 0
3.245 0.332673 2 0
3.25 0.333187 2 0
3.255 0.3337 2 0
3.26 0.334214 2 0
3.265 0.334727 2 0
3.27 0.335241 2 0
3.275 0.335754 2 0
3.28 0.336268 2 0
3.285 0.336781 2 0
3.29 0.337295 2 0
3.295 0.337808 2 0
3.3 0.338322 2 0
3.305 0.338835 2 0
3.31 0.339349 2 0
3.315 0.339862 2 0
3.32 0.340376 2 0
3.325 0.340889 2 0
3.33 0.341403 2 0
3.335 0.341916 2 0
3.34 0.34243 2 0
3.345 0.342944 2 0
3.35 0.343457 2 0
3.355 0.343971 2 0
3.36 0.344484 2 0
3.365 0.344998 2 0
3.37 0.345511 2 0
3.375 0.346025 2 0
3.38 0.346538 2 0
3.385 0.347052 2 0
3.39 0.347565 2 0
3.395 0.348079 2 0
3.4 0.348592 2 0
3.405 0.349106 2 0
3.41 0.349619 2 0
3.415 0.350133 2 0
3.42 0.350646 2 0
3.425 0.35116 2 0
3.43 0.351674 2 0
3.435 0.352187 2 0
3.44 0.352701 2 0
3.445 0.353214 2 0
3.45 0.353728 2 0
3.455 0.354241 2 0
3.46 0.354755 2 0
3.465 0.355268 2 0
3.47 0.355782 2 0
3.475 0.356295 2 0
3.48 0.356809 2 0
3.485 0.357322 2 0
3.49 0.357836 2 0
3.495 0.358349 2 0
3.5 0.358863 2 0
3.505 0.359376 2 0
3.51 0.35989 2 0
3.515 0.360404 2 0
3.52 0.360917 2 0
3.525 0.361431 2 0
3.53 0.361944 2 0
3.535 0.362458 2 0
3.54 0.362971 2 0
3.545 0.363485 2 0
3.55 0.363998 2 0
3.555 0.364512 2 0
3.56 0.365025 2 0
3.565 0.365539 2 0
3.57 0.366052 2 0
3.575 0.366566 2 0
3.58 0.367079 2 0
3.585 0.367593 2 0
3.59 0.368106 2 0
3.595 0.36862 2 0
3.6 0.369133 2 0
3.605 0.369647 2 0
3.61 0.370161 2 0
3.615 0.370674 2 0
3.62 0.371188 2 0
3.625 0.371701 2 0
3.63 0.372215 2 0
3.635 0.372728 2 0
3.64 0.373242 2 0
3.645 0.373755 2 0
3.65 0.374269 2 0
3.655 0.374782 2 0
3.66 0.375296 2 0
3.665 0.375809 2 0
3.67 0.376323 2 0
3.675 0.376836 2 0
3.68 0.37735 2 0
3.685 0.377863 2 0
3.69 0.378377 2 0
3.695 0.378891 2 0
3.7 0.379404 2 0
3.705 0.379918 2 0
3.71 0.380431 2 0
3.715 0.380945 2 0
3.72 0.381458 2 0
3.725 0.381972 2 0
3.73 0.382485 2 0
3.735 0.382999 2 0
3.74 0.383512 2 0
3.745 0.384026 2 0
3.75 0.384539 2 0
3.755 0.385053 2 0
3.76 0.385566 2 0
3.765 0.38608 2 0
3.77 0.386593 2 0
3.775 0.387107 2 0
3.78 0.387621 2 0
3.785 0.388134 2 0
3.79 0.388648 2 0
3.795 0.389161 2 0
3.8 0.389675 2 0
3.805 0.390188 2 0
3.81 0.390702 2 0
3.815 0.391215 2 0
3.82 0.391729 2 0
3.825 0.392242 2 0
3.83 0.392756 2 0
3.835 0.393269 2 0
3.84 0.393783 2 0
3.845 0.394296 2 0
3.85 0.39481 2 0
3.855 0.395323 2 0
3.86 0.395837 2 0
3.865 0.39635 2 0
3.87 0.396864 2 0
3.875 0.397378 2 0
3.88 0.397891 2 0
3.885 0.398405 2 0
3.89 0.398918 2 0
3.895 0.399432 2 0
3.9 0.399945 2 0
3.905 0.400459 2 0
3.91 0.400972 2 0
3.915 0.401486 2 0
3.92 0.401999 2 0
3.925 0.402513 2 0
3.93 0.403026 2 0
3.935 0.40354 2 0
3.94 0.404053 2 0
3.945 0.404567 2 0
3.95 0.40508 2 0
3.955 0.405594 2 0
3.96 0.406108 2 0
3.965 0.406621 2 0
3.97 0.407135 2 0
3.975 0.407648 2 0
3.98 0.408162 2 0
3.985 0.408675 2 0
3.99 0.409189 2 0
3.995 0.409702 2 0
4 0.410216 2 0
4.005 0.410729 2 0
4.01 0.411243 2 0
4.015 0.411756 2 0
4.02 0.41227 2 0
4.025 0.412783 2 0
4.03 0.413297 2 0
4.035 0.41381 2 0
4.04 0.414324 2 0
4.045 0.414838 2 0
4.05 0.415351 2 0
4.055 0.415865 2 0
4.06 0.416378 2 0
4.065 0.416892 2 0
4.07 0.417405 2 0
4.075 0.417919 2 0
4.08 0.418432 2 0
4.085 0.418946 2 0
4.09 0.419459 2 0
4.095 0.419973 2 0
4.1 0.420486 2 0
4.105 0.421 2 0
4.11 0.421513 2 0
4.115 0.422027 2 0
4.12 0.42254 2 0
4.125 0.423054 2 0
4.13 0.423567 2 0
4.135 0.424081 2 0
4.14 0.424595 2 0
4.145 0.425108 2 0
4.15 0.425622 2 0
4.155 0.426135 2 0
4.16 0.426649 2 0
4.165 0.427162 2 0
4.17 0.427676 2 0
4.175 0.428189 2 0
4.18 0.428703 2 0
4.185 0.429216 2 0
4.19 0.42973 2 0
4.195 0.430243 2 0
4.2 0.430757 2 0
4.205 0.43127 2 0
4.21 0.431784 2 0
4.215 0.432297 2 0
4.22 0.432811 2 0
4.225 0.433325 2 0
4.23 0.433838 2 0
4.235 0.434352 2 0
4.24 0.434865 2 0
4.245 0.435379 2 0
4.25 0.435892 2 0
4.255 0.436406 2 0
4.26 0.436919 2 0
4.265 0.437433 2 0
4.27 0.437946 2 0
4.275 0.43846 2 0
4.28 0.438973 2 0
4.285 0.439487 2 0
4.29 0.44 2 0
4.295 0.440514 2 0
4.3 0.441027 2 0
4.305 0.441541 2 0
4.31 0.442055 2 0
4.315 0.442568 2 0
4.32 0.443082 2 0
4.325 0.443595 2 0
4.33 0.444109 2 0
4.335 0.444622 2 0
4.34 0.445136 2 0
4.345 0.445649 2 0
4.35 0.446163 2 0
4.355 0.446676 2 0
4.36 0.44719 2 0
4.365 0.447703 2 0
4.37 0.448217 2 0
4.375 0.44873 2 0
4.38 0.449244 2 0
4.385 0.449757 2 0
4.39 0.450271 2 0
4.395 0.450784 2 0
4.4 0.451298 2 0
4.405 0.451812 2 0
4.41 0.452325 2 0
4.415 0.452839 2 0
4.42 0.453352 2 0
4.425 0.453866 2 0
4.43 0.454379 2 0
4.435 0.454893 2 0
4.44 0.455406 2 0
4.445 0.45592 2 0
4.45 0.456433 2 0
4.455 0.456947 2 0
4.46 0.45746 2 0
4.465 0.457974 2 0
4.47 0.458487 2 0
4.475 0.459001 2 0
4.48 0.459514 2 0
4.485 0.460028 2 0
4.49 0.460542 2 0
4.495 0.461055 2 0
4.5 0.461569 2 0
4.505 0.462082 2 0
4.51 0.462596 2 0
4.515 0.463109 2 0
4.52 0.463623 2 0
4.525 0.464136 2 0
4.53 0.46465 2 0
4.535 0.465163 2 0
4.54 0.465677 2 0
4.545 0.46619 2 0
4.55 0.466704 2 0
4.555 0.467217 2 0
4.56 0.467731 2 0
4.565 0.468244 2 0
4.57 0.468758 2 0
4.575 0.469272 2 0
4.58 0.469785 2 0
4.585 0.470299 2 0
4.59 0.470812 2 0
4.595 0.471326 2 0
4.6 0.471839 2 0
4.605 0.472353 2 0
4.61 0.472866 2 0
4.615 0.47338 2 0
4.62 0.473893 2 0
4.625 0.474407 2 0
4.63 0.47492 2 0
4.635 0.475434 2 0
4.64 0.475947 2 0
4.645 0.476461 2 0
4.65 0.476974 2 0
4.655 0.477488 2 0
4.66 0.478001 2 0
4.665 0.478515 2 0
4.67 0.479029 2 0
4.675 0.479542 2 0
4.68 0.480056 2 0
4.685 0.480569 2 0
4.69 0.481083 2 0
4.695 0.481596 2 0
4.7 0.48211 2 0
4.705 0.482623 2 0
4.71 0.483137 2 0
4.715 0.48365 2 0
4.72 0.484164 2 0
4.725 0.484677 2 0
4.73 0.485191 2 0
4.735 0.485704 2 0
4.74 0.486218 2 0
4.745 0.486731 2 0
4.75 0.487245 2 0
4.755 0.487759 2 0
4.76 0.488272 2 0
4.765 0.488786 2 0
4.77 0.489299 2 0
4.775 0.489813 2 0
4.78 0.490326 2 0
4.785 0.49084 2 0
4.79 0.491353 2 0
4.795 0.491867 2 0
4.8 0.49238 2 0
4.805 0.492894 2 0
4.81 0.493407 2 0
4.815 0.493921 2 0
4.82 0.494434 2 0
4.825 0.494948 2 0
4.83 0.495461 2 0
4.835 0.495975 2 0
4.84 0.496489 2 0
4.845 0.497002 2 0
4.85 0.497516 2 0
4.855 0.498029 2 0
4.86 0.498543 2 0
4.865 0.499056 2 0
4.87 0.49957 2 0
4.875 0.500083 2 0
4.88 0.500597 2 0
4.885 0.50111 2 0
4.89 0.501624 2 0
4.895 0.502137 2 0
4.9 0.502651 2 0
4.905 0.503164 2 0
4.91 0.503678 2 0
4.915 0.504191 2 0
4.92 0.504705 2 0
4.925 0.505218 2 0
4.93 0.505732 2 0
4.935 0.506246 2 0
4.94 0.506759 2 0
4.945 0.507273 2 0
4.95 0.507786 2 0
4.955 0.5083 2 0
4.96 0.508813 2 0
4.965 0.509327 2 0
4.97 0.50984 2 0
4.975 0.510354 2 0
4.98 0.510867 2 0
4.985 0.511381 2 0
4.99 0.511894 2 0
4.995 0.512408 2 0
5 0.512921 2 0
5.005 0.513435 2 0
5.01 0.513948 2 0
5.015 0.514462 2 0
5.02 0.514976 2 0
5.025 0.515489 2 0
5.03 0.516003 2 0
5.035 0.516516 2 0
5.04 0.51703 2 0
5.045 0.517543 2 0
5.05 0.518057 2 0
5.055 0.51857 2 0
5.06 0.519084 2 0
5.065 0.519597 2 0
5.07 0.520111 2 0
5.075 0.520624 2 0
5.08 0.521138 2 0
5.085 0.521651 2 0
5.09 0.522165 2 0
5.095 0.522678 2 0
5.1 0.523192 2 0
5.105 0.523706 2 0
5.11 0.524219 2 0
5.115 0.524733 2 0
5.12 0.525246 2 0
5.125 0.52576 2 0
5.13 0.526273 2 0
5.135 0.526787 2 0
5.14 0.5273 2 0
5.145 0.527814 2 0
5.15 0.528327 2 0
5.155 0.528841 2 0
5.16 0.529354 2 0
5.165 0.529868 2 0
5.17 0.530381 2 0
5.175 0.530895 2 0
5.18 0.531408 2 0
5.185 0.531922 2 0
5.19 0.532435 2 0
5.195 0.532949 2 0
5.2 0.533463 2 0
5.205 0.533976 2 0
5.21 0.53449 2 0
5.215 0.535003 2 0
5.22 0.535517 2 0
5.225 0.53603 2 0
5.23 0.536544 2 0
5.235 0.537057 2 0
5.24 0.537571 2 0
5.245 0.538084 2 0
5.25 0.538598 2 0
5.255 0.539111 2 0
5.26 0.539625 2 0
5.265 0.540138 2 0
5.27 0.540652 2 0
5.275 0.541165 2 0
5.28 0.541679 2 0
5.285 0.542193 2 0
5.29 0.542706 2 0
5.295 0.54322 2 0
5.3 0.543733 2 0
5.305 0.544247 2 0
5.31 0.54476 2 0
5.315 0.545274 2 0
5.32 0.545787 2 0
5.325 0.546301 2 0
5.33 0.546814 2 0
5.335 0.547328 2 0
5.34 0.547841 2 0
5.345 0.548355 2 0
5.35 0.548868 2 0
5.355 0.549382 2 0
5.36 0.549895 2 0
5.365 0.550409 2 0
5.37 0.550923 2 0
5.375 0.551436 2 0
5.38 0.55195 2 0
5.385 0.552463 2 0
5.39 0.552977 2 0
5.395 0.55349 2 0
5.4 0.554004 2 0
5.405 0.554517 2 0
5.41 0.555031 2 0
5.415 0.555544 2 0
5.42 0.556058 2 0
5.425 0.556571 2 0
5.43 0.557085 2 0
5.435 0.557598 2 0
5.44 0.558112 2 0
5.445 0.558625 2 0
5.45 0.559139 2 0
5.455 0.559652 2 0
5.46 0.560166 2 0
5.465 0.56068 2 0
5.47 0.561193 2 0
5.475 0.561707 2 0
5.48 0.56222 2 0
5.485 0.562734 2 0
5.49 0.563247 2 0
5.495 0.563761 2 0
5.5 0.564274 2 0
5.505 0.564788 2 0
5.51 0.565301 2 0
5.515 0.565815 2 0
5.52 0.566328 2 0
5.525 0.566842 2 0
5.53 0.567355 2 0
5.535 0.567869 2 0
5.54 0.568382 2 0
5.545 0.568896 2 0
5.55 0.56941 2 0
5.555 0.569923 2 0
5.56 0.570437 2 0
5.565 0.57095 2 0
5.57 0.571464 2 0
5.575 0.571977 2 0
5.58 0.572491 2 0
5.585 0.573004 2 0
5.59 0.573518 2 0
5.595 0.574031 2 0
5.6 0.574545 2 0
5.605 0.575058 2 0
5.61 0.575572 2 0
5.615 0.576085 2 0
5.62 0.576599 2 0
5.625 0.577112 2 0
5.63 0.577626 2 0
5.635 0.57814 2 0
5.64 0.578653 2 0
5.645 0.579167 2 0
5.65 0.57968 2 0
5.655 0.580194 2 0
5.66 0.580707 2 0
5.665 0.581221 2 0
5.67 0.581734 2 0
5.675 0.582248 2 0
5.68 0.582761 2 0
5.685 0.583275 2 0
5.69 0.583788 2 0
5.695 0.584302 2 0
5.7 0.584815 2 0
5.705 0.585329 2 0
5.71 0.585842 2 0
5.715 0.586356 2 0
5.72 0.586869 2 0
5.725 0.587383 2 0
5.73 0.587897 2 0
5.735 0.58841 2 0
5.74 0.588924 2 0
5.745 0.589437 2 0
5.75 0.589951 2 0
5.755 0.590464 2 0
5.76 0.590978 2 0
5.765 0.591491 2 0
5.77 0.592005 2 0
5.775 0.592518 2 0
5.78 0.593032 2 0
5.785 0.593545 2 0
5.79 0.594059 2 0
5.795 0.594572 2 0
5.8 0.595086 2 0
5.805 0.595599 2 0
5.81 0.596113 2 0
5.815 0.596627 2 0
5.82 0.59714 2 0
5.825 0.597654 2 0
5.83 0.598167 2 0
5.835 0.598681 2 0
5.84 0.599194 2 0
5.845 0.599708 2 0
5.85 0.600221 2 0
5.855 0.600735 2 0
5.86 0.601248 2 0
5.865 0.601762 2 0
5.87 0.602275 2 0
5.875 0.602789 2 0
5.88 0.603302 2 0
5.885 0.603816 2 0
5.89 0.604329 2 0
5.895 0.604843 2 0
5.9 0.605357 2 0
5.905 0.60587 2 0
5.91 0.606384 2 0
5.915 0.606897 2 0
5.92 0.607411 2 0
5.925 0.607924 2 0
5.93 0.608438 2 0
5.935 0.608951 2 0
5.94 0.609465 2 0
5.945 0.609978 2 0
5.95 0.610492 2 0
5.955 0.611005 2 0
5.96 0.611519 2 0
5.965 0.612032 2 0
5.97 0.612546 2 0
5.975 0.613059 2 0
5.98 0.613573 2 0
5.985 0.614086 2 0
5.99 0.6146 2 0
5.995 0.615114 2 0
6 0.615627 2 0
6.005 0.616141 2 0
6.01 0.616654 2 0
6.015 0.617168 2 0
6.02 0.617681 2 0
6.025 0.618195 2 0
6.03 0.618708 2 0
6.035 0.619222 2 0
6.04 0.619735 2 0
6.045 0.620249 2 0
6.05 0.620762 2 0
6.055 0.621276 2 0
6.06 0.621789 2 0
6.065 0.622303 2 0
6.07 0.622816 2 0
6.075 0.62333 2 0
6.08 0.623844 2 0
6.085 0.624357 2 0
6.09 0.624871 2 0
6.095 0.625384 2 0
6.1 0.625898 2 0
6.105 0.626411 2 0
6.11 0.626925 2 0
6.115 0.627438 2 0
6.12 0.627952 2 0
6.125 0.628465 2 0
6.13 0.628979 2 0
6.135 0.629492 2 0
6.14 0.630006 2 0
6.145 0.630519 2 0
6.15 0.631033 2 0
6.155 0.631546 2 0
6.16 0.63206 2 0
6.165 0.632574 2 0
6.17 0.633087 2 0
6.175 0.633601 2 0
6.18 0.634114 2 0
6.185 0.634628 2 0
6.19 0.635141 2 0
6.195 0.635655 2 0
6.2 0.636168 2 0
6.205 0.636682 2 0
6.21 0.637195 2 0
6.215 0.637709 2 0
6.22 0.638222 2 0
6.225 0.638736 2 0
6.23 0.639249 2 0
6.235 0.639763 2 0
6.24 0.640276 2 0
6.245 0.64079 2 0
6.25 0.641303 2 0
6.255 0.641817 2 0
6.26 0.642331 2 0
6.265 0.642844 2 0
6.27 0.643358 2 0
6.275 0.643871 2 0
6.28 0.644385 2 0
6.285 0.644898 2 0
6.29 0.645412 2 0
6.295 0.645925 2 0
6.3 0.646439 2 0
6.305 0.646952 2 0
6.31 0.647466 2 0
6.315 0.647979 2 0
6.32 0.648493 2 0
6.325 0.649006 2 0
6.33 0.64952 2 0
6.335 0.650033 2 0
6.34 0.650547 2 0
6.345 0.651061 2 0
6.35 0.651574 2 0
6.355 0.652088 2 0
6.36 0.652601 2 0
6.365 0.653115 2 0
6.37 0.653628 2 0
6.375 0.654142 2 0
6.38 0.654655 2 0
6.385 0.655169 2 0
6.39 0.655682 2 0
6.395 0.656196 2 0
6.4 0.656709 2 0
6.405 0.657223 2 0
6.41 0.657736 2 0
6.415 0.65825 2 0
6.42 0.658763 2 0
6.425 0.659277 2 0
6.43 0.659791 2 0
6.435 0.660304 2 0
6.44 0.660818 2 0
6.445 0.661331 2 0
6.45 0.661845 2 0
6.455 0.662358 2 0
6.46 0.662872 2 0
6.465 0.663385 2 0
6.47 0.663899 2 0
6.475 0.664412 2 0
6.48 0.664926 2 0
6.485 0.665439 2 0
6.49 0.665953 2 0
6.495 0.666466 2 0
6.5 0.66698 2 0
6.505 0.667493 2 0
6.51 0.668007 2 0
6.515 0.66852 2 0
6.52 0.669034 2 0
6.525 0.669548 2 0
6.53 0.670061 2 0
6.535 0.670575 2 0
6.54 0.671088 2 0
6.545 0.671602 2 0
6.55 0.672115 2 0
6.555 0.672629 2 0
6.56 0.673142 2 0
6.565 0.673656 2 0
6.57 0.674169 2 0
6.575 0.674683 2 0
6.58 0.675196 2 0
6.585 0.67571 2 0
6.59 0.676223 2 0
6.595 0.676737 2 0
6.6 0.67725 2 0
6.605 0.677764 2 0
6.61 0.678278 2 0
6.615 0.678791 2 0
6.62 0.679305 2 0
6.625 0.679818 2 0
6.63 0.680332 2 0
6.635 0.680845 2 0
6.64 0.681359 2 0
6.645 0.681872 2 0
6.65 0.682386 2 0
6.655 0.682899 2 0
6.66 0.683413 2 0
6.665 0.683926 2 0
6.67 0.68444 2 0
6.675 0.684953 2 0
6.68 0.685467 2 0
6.685 0.68598 2 0
6.69 0.686494 2 0
6.695 0.687008 2 0
6.7 0.687521 2 0
6.705 0.688035 2 0
6.71 0.688548 2 0
6.715 0.689062 2 0
6.72 0.689575 2 0
6.725 0.690089 2 0
6.73 0.690602 2 0
6.735 0.691116 2 0
6.74 0.691629 2 0
6.745 0.692143 2 0
6.75 0.692656 2 0
6.755 0.69317 2 0
6.76 0.693683 2 0
6.765 0.694197 2 0
6.77 0.69471 2 0
6.775 0.695224 2 0
6.78 0.695737 2 0
6.785 0.696251 2 0
6.79 0.696765 2 0
6.795 0.697278 2 0
6.8 0.697792 2 0
6.805 0.698305 2 0
6.81 0.698819 2 0
6.815 0.699332 2 0
6.82 0.699846 2 0
6.825 0.700359 2 0
6.83 0.700873 2 0
6.835 0.701386 2 0
6.84 0.7019 2 0
6.845 0.702413 2 0
6.85 0.702927 2 0
6.855 0.70344 2 0
6.86 0.703954 2 0
6.865 0.704467 2 0
6.87 0.704981 2 0
6.875 0.705495 2 0
6.88 0.706008 2 0
6.885 0.706522 2 0
6.89 0.707035 2 0
6.895 0.707549 2 0
6.9 0.708062 2 0
6.905 0.708576 2 0
6.91 0.709089 2 0
6.915 0.709603 2 0
6.92 0.710116 2 0
6.925 0.71063 2 0
6.93 0.711143 2 0
6.935 0.711657 2 0
6.94 0.71217 2 0
6.945 0.712684 2 0
6.95 0.713197 2 0
6.955 0.713711 2 0
6.96 0.714225 2 0
6.965 0.714738 2 0
6.97 0.715252 2 0
6.975 0.715765 2 0
6.98 0.716279 2 0
6.985 0.716792 2 0
6.99 0.717306 2 0
6.995 0.717819 2 0
7 0.718333 2 0
7.005 0.718846 2 0
7.01 0.71936 2 0
7.015 0.719873 2 0
7.02 0.720387 2 0
7.025 0.7209 2 0
7.03 0.721414 2 0
7.035 0.721927 2 0
7.04 0.722441 2 0
7.045 0.722954 2 0
7.05 0.723468 2 0
7.055 0.723982 2 0
7.06 0.724495 2 0
7.065 0.725009 2 0
7.07 0.725522 2 0
7.075 0.726036 2 0
7.08 0.726549 2 0
7.085 0.727063 2 0
7.09 0.727576 2 0
7.095 0.72809 2 0
7.1 0.728603 2 0
7.105 0.729117 2 0
7.11 0.72963 2 0
7.115 0.730144 2 0
7.12 0.730657 2 0
7.125 0.731171 2 0
7.13 0.731684 2 0
7.135 0.732198 2 0
7.14 0.732712 2 0
7.145 0.733225 2 0
7.15 0.733739 2 0
7.155 0.734252 2 0
7.16 0.734766 2 0
7.165 0.735279 2 0
7.17 0.735793 2 0
7.175 0.736306 2 0
7.18 0.73682 2 0
7.185 0.737333 2 0
7.19 0.737847 2 0
7.195 0.73836 2 0
7.2 0.738874 2 0
7.205 0.739387 2 0
7.21 0.739901 2 0
7.215 0.740414 2 0
7.22 0.740928 2 0
7.225 0.741442 2 0
7.23 0.741955 2 0
7.235 0.742469 2 0
7.24 0.742982 2 0
7.245 0.743496 2 0
7.25 0.744009 2 0
7.255 0.744523 2 0
7.26 0.745036 2 0
7.265 0.74555 2 0
7.27 0.746063 2 0
7.275 0.746577 2 0
7.28 0.74709 2 0
7.285 0.747604 2 0
7.29 0.748117 2 0
7.295 0.748631 2 0
7.3 0.749144 2 0
7.305 0.749658 2 0
7.31 0.750171 2 0
7.315 0.750685 2 0
7.32 0.751199 2 0
7.325 0.751712 2 0
7.33 0.752226 2 0
7.335 0.752739 2 0
7.34 0.753253 2 0
7.345 0.753766 2 0
7.35 0.75428 2 0
7.355 0.754793 2 0
7.36 0.755307 2 0
7.365 0.75582 2 0
7.37 0.756334 2 0
7.375 0.756847 2 0
7.38 0.757361 2 0
7.385 0.757874 2 0
7.39 0.758388 2 0
7.395 0.758901 2 0
7.4 0.759415 2 0
7.405 0.759929 2 0
7.41 0.760442 2 0
7.415 0.760956 2 0
7.42 0.761469 2 0
7.425 0.761983 2 0
7.43 0.762496 2 0
7.435 0.76301 2 0
7.44 0.763523 2 0
7.445 0.764037 2 0
7.45 0.76455 2 0
7.455 0.765064 2 0
7.46 0.765577 2 0
7.465 0.766091 2 0
7.47 0.766604 2 0
7.475 0.767118 2 0
7.48 0.767631 2 0
7.485 0.768145 2 0
7.49 0.768659 2 0
7.495 0.769172 2 0
7.5 0.769686 2 0
7.505 0.770199 2 0
7.51 0.770713 2 0
7.515 0.771226 2 0
7.52 0.77174 2 0
7.525 0.772253 2 0
7.53 0.772767 2 0
7.535 0.77328 2 0
7.54 0.773794 2 0
7.545 0.774307 2 0
7.55 0.774821 2 0
7.555 0.775334 2 0
7.56 0.775848 2 0
7.565 0.776361 2 0
7.57 0.776875 2 0
7.575 0.777388 2 0
7.58 0.777902 2 0
7.585 0.778416 2 0
7.59 0.778929 2 0
7.595 0.779443 2 0
7.6 0.779956 2 0
7.605 0.78047 2 0
7.61 0.780983 2 0
7.615 0.781497 2 0
7.62 0.78201 2 0
7.625 0.782524 2 0
7.63 0.783037 2 0
7.635 0.783551 2 0
7.64 0.784064 2 0
7.645 0.784578 2 0
7.65 0.785091 2 0
7.655 0.785605 2 0
7.66 0.786118 2 0
7.665 0.786632 2 0
7.67 0.787146 2 0
7.675 0.787659 2 0
7.68 0.788173 2 0
7.685 0.788686 2 0
7.69 0.7892 2 0
7.695 0.789713 2 0
7.7 0.790227 2 0
7.705 0.79074 2 0
7.71 0.791254 2 0
7.715 0.791767 2 0
7.72 0.792281 2 0
7.725 0.792794 2 0
7.73 0.793308 2 0
7.735 0.793821 2 0
7.74 0.794335 2 0
7.745 0.794848 2 0
7.75 0.795362 2 0
7.755 0.795876 2 0
7.76 0.796389 2 0
7.765 0.796903 2 0
7.77 0.797416 2 0
7.775 0.79793 2 0
7.78 0.798443 2 0
7.785 0.798957 2 0
7.79 0.79947 2 0
7.795 0.799984 2 0
7.8 0.800497 2 0
7.805 0.801011 2 0
7.81 0.801524 2 0
7.815 0.802038 2 0
7.82 0.802551 2 0
7.825 0.803065 2 0
7.83 0.803578 2 0
7.835 0.804092 2 0
7.84 0.804605 2 0
7.845 0.805119 2 0
7.85 0.805633 2 0
7.855 0.806146 2 0
7.86 0.80666 2 0
7.865 0.807173 2 0
7.87 0.807687 2 0
7.875 0.8082 2 0
7.88 0.808714 2 0
7.885 0.809227 2 0
7.89 0.809741 2 0
7.895 0.810254 2 0
7.9 0.810768 2 0
7.905 0.811281 2 0
7.91 0.811795 2 0
7.915 0.812308 2 0
7.92 0.812822 2 0
7.925 0.813335 2 0
7.93 0.813849 2 0
7.935 0.814363 2 0
7.94 0.814876 2 0
7.945 0.81539 2 0
7.95 0.815903 2 0
7.955 0.816417 2 0
7.96 0.81693 2 0
7.965 0.817444 2 0
7.97 0.817957 2 0
7.975 0.818471 2 0
7.98 0.818984 2 0
7.985 0.819498 2 0
7.99 0.820011 2 0
7.995 0.820525 2 0
8 0.821038 2 0
8.005 0.821552 2 0
8.01 0.822065 2 0
8.015 0.822579 2 0
8.02 0.823093 2 0
8.025 0.823606 2 0
8.03 0.82412 2 0
8.035 0.824633 2 0
8.04 0.825147 2 0
8.045 0.82566 2 0
8.05 0.826174 2 0
8.055 0.826687 2 0
8.06 0.827201 2 0
8.065 0.827714 2 0
8.07 0.828228 2 0
8.075 0.828741 2 0
8.08 0.829255 2 0
8.085 0.829768 2 0
8.09 0.830282 2 0
8.095 0.830795 2 0
8.1 0.831309 2 0
8.105 0.831823 2 0
8.11 0.832336 2 0
8.115 0.83285 2 0
8.12 0.833363 2 0
8.125 0.833877 2 0
8.13 0.83439 2 0
8.135 0.834904 2 0
8.14 0.835417 2 0
8.145 0.835931 2 0
8.15 0.836444 2 0
8.155 0.836958 2 0
8.16 0.837471 2 0
8.165 0.837985 2 0
8.17 0.838498 2 0
8.175 0.839012 2 0
8.18 0.839525 2 0
8.185 0.840039 2 0
8.19 0.840552 2 0
8.195 0.841066 2 0
8.2 0.84158 2 0
8.205 0.842093 2 0
8.21 0.842607 2 0
8.215 0.84312 2 0
8.22 0.843634 2 0
8.225 0.844147 2 0
8.23 0.844661 2 0
8.235 0.845174 2 0
8.24 0.845688 2 0
8.245 0.846201 2 0
8.25 0.846715 2 0
8.255 0.847228 2 0
8.26 0.847742 2 0
8.265 0.848255 2 0
8.27 0.848769 2 0
8.275 0.849282 2 0
8.28 0.849796 2 0
8.285 0.85031 2 0
8.29 0.850823 2 0
8.295 0.851337 2 0
8.3 0.85185 2 0
8.305 0.852364 2 0
8.31 0.852877 2 0
8.315 0.853391 2 0
8.32 0.853904 2 0
8.325 0.854418 2 0
8.33 0.854931 2 0
8.335 0.855445 2 0
8.34 0.855958 2 0
8.345 0.856472 2 0
8.35 0.856985 2 0
8.355 0.857499 2 0
8.36 0.858012 2 0
8.365 0.858526 2 0
8.37 0.85904 2 0
8.375 0.859553 2 0
8.38 0.860067 2 0
8.385 0.86058 2 0
8.39 0.861094 2 0
8.395 0.861607 2 0
8.4 0.862121 2 0
8.405 0.862634 2 0
8.41 0.863148 2 0
8.415 0.863661 2 0
8.42 0.864175 2 0
8.425 0.864688 2 0
8.43 0.865202 2 0
8.435 0.865715 2 0
8.44 0.866229 2 0
8.445 0.866742 2 0
8.45 0.867256 2 0
8.455 0.867769 2 0
8.46 0.868283 2 0
8.465 0.868797 2 0
8.47 0.86931 2 0
8.475 0.869824 2 0
8.48 0.870337 2 0
8.485 0.870851 2 0
8.49 0.871364 2 0
8.495 0.871878 2 0
8.5 0.872391 2 0
8.505 0.872905 2 0
8.51 0.873418 2 0
8.515 0.873932 2 0
8.52 0.874445 2 0
8.525 0.874959 2 0
8.53 0.875472 2 0
8.535 0.875986 2 0
8.54 0.876499 2 0
8.545 0.877013 2 0
8.55 0.877527 2 0
8.555 0.87804 2 0
8.56 0.878554 2 0
8.565 0.879067 2 0
8.57 0.879581 2 0
8.575 0.880094 2 0
8.58 0.880608 2 0
8.585 0.881121 2 0
8.59 0.881635 2 0
8.595 0.882148 2 0
8.6 0.882662 2 0
8.605 0.883175 2 0
8.61 0.883689 2 0
8.615 0.884202 2 0
8.62 0.884716 2 0
8.625 0.885229 2 0
8.63 0.885743 2 0
8.635 0.886257 2 0
8.64 0.88677 2 0
8.645 0.887284 2 0
8.65 0.887797 2 0
8.655 0.888311 2 0
8.66 0.888824 2 0
8.665 0.889338 2 0
8.67 0.889851 2 0
8.675 0.890365 2 0
8.68 0.890878 2 0
8.685 0.891392 2 0
8.69 0.891905 2 0
8.695 0.892419 2 0
8.7 0.892932 2 0
8.705 0.893446 2 0
8.71 0.893959 2 0
8.715 0.894473 2 0
8.72 0.894986 2 0
8.725 0.8955 2 0
8.73 0.896014 2 0
8.735 0.896527 2 0
8.74 0.897041 2 0
8.745 0.897554 2 0
8.75 0.898068 2 0
8.755 0.898581 2 0
8.76 0.899095 2 0
8.765 0.899608 2 0
8.77 0.900122 2 0
8.775 0.900635 2 0
8.78 0.901149 2 0
8.785 0.901662 2 0
8.79 0.902176 2 0
8.795 0.902689 2 0
8.8 0.903203 2 0
8.805 0.903716 2 0
8.81 0.90423 2 0
8.815 0.904744 2 0
8.82 0.905257 2 0
8.825 0.905771 2 0
8.83 0.906284 2 0
8.835 0.906798 2 0
8.84 0.907311 2 0
8.845 0.907825 2 0
8.85 0.908338 2 0
8.855 0.908852 2 0
8.86 0.909365 2 0
8.865 0.909879 2 0
8.87 0.910392 2 0
8.875 0.910906 2 0
8.88 0.911419 2 0
8.885 0.911933 2 0
8.89 0.912446 2 0
8.895 0.91296 2 0
8.9 0.913474 2 0
8.905 0.913987 2 0
8.91 0.914501 2 0
8.915 0.915014 2 0
8.92 0.915528 2 0
8.925 0.916041 2 0
8.93 0.916555 2 0
8.935 0.917068 2 0
8.94 0.917582 2 0
8.945 0.918095 2 0
8.95 0.918609 2 0
8.955 0.919122 2 0
8.96 0.919636 2 0
8.965 0.920149 2 0
8.97 0.920663 2 0
8.975 0.921176 2 0
8.98 0.92169 2 0
8.985 0.922203 2 0
8.99 0.922717 2 0
8.995 0.923231 2 0
9 0.923744 2 0
9.005 0.924258 2 0
9.01 0.924771 2 0
9.015 0.925285 2 0
9.02 0.925798 2 0
9.025 0.926312 2 0
9.03 0.926825 2 0
9.035 0.927339 2 0
9.04 0.927852 2 0
9.045 0.928366 2 0
9.05 0.928879 2 0
9.055 0.929393 2 0
9.06 0.929906 2 0
9.065 0.93042 2 0
9.07 0.930933 2 0
9.075 0.931447 2 0
9.08 0.931961 2 0
9.085 0.932474 2 0
9.09 0.932988 2 0
9.095 0.933501 2 0
9.1 0.934015 2 0
9.105 0.934528 2 0
9.11 0.935042 2 0
9.115 0.935555 2 0
9.12 0.936069 2 0
9.125 0.936582 2 0
9.13 0.937096 2 0
9.135 0.937609 2 0
9.14 0.938123 2 0
9.145 0.938636 2 0
9.15 0.93915 2 0
9.155 0.939663 2 0
9.16 0.940177 2 0
9.165 0.940691 2 0
9.17 0.941204 2 0
9.175 0.941718 2 0
9.18 0.942231 2 0
9.185 0.942745 2 0
9.19 0.943258 2 0
9.195 0.943772 2 0
9.2 0.944285 2 0
9.205 0.944799 2 0
9.21 0.945312 2 0
9.215 0.945826 2 0
9.22 0.946339 2 0
9.225 0.946853 2 0
9.23 0.947366 2 0
9.235 0.94788 2 0
9.24 0.948393 2 0
9.245 0.948907 2 0
9.25 0.94942 2 0
9.255 0.949934 2 0
9.26 0.950448 2 0
9.265 0.950961 2 0
9.27 0.951475 2 0
9.275 0.951988 2 0
9.28 0.952502 2 0
9.285 0.953015 2 0
9.29 0.953529 2 0
9.295 0.954042 2 0
9.3 0.954556 2 0
9.305 0.955069 2 0
9.31 0.955583 2 0
9.315 0.956096 2 0
9.32 0.95661 2 0
9.325 0.957123 2 0
9.33 0.957637 2 0
9.335 0.95815 2 0
9.34 0.958664 2 0
9.345 0.959178 2 0
9.35 0.959691 2 0
9.355 0.960205 2 0
9.36 0.960718 2 0
9.365 0.961232 2 0
9.37 0.961745 2 0
9.375 0.962259 2 0
9.38 0.962772 2 0
9.385 0.963286 2 0
9.39 0.963799 2 0
9.395 0.964313 2 0
9.4 0.964826 2 0
9.405 0.96534 2 0
9.41 0.965853 2 0
9.415 0.966367 2 0
9.42 0.96688 2 0
9.425 0.967394 2 0
9.43 0.967908 2 0
9.435 0.968421 2 0
9.44 0.968935 2 0
9.445 0.969448 2 0
9.45 0.969962 2 0
9.455 0.970475 2 0
9.46 0.970989 2 0
9.465 0.971502 2 0
9.47 0.972016 2 0
9.475 0.972529 2 0
9.48 0.973043 2 0
9.485 0.973556 2 0
9.49 0.97407 2 0
9.495 0.974583 2 0
9.5 0.975097 2 0
9.505 0.97561 2 0
9.51 0.976124 2 0
9.515 0.976637 2 0
9.52 0.977151 2 0
9.525 0.977665 2 0
9.53 0.978178 2 0
9.535 0.978692 2 0
9.54 0.979205 2 0
9.545 0.979719 2 0
9.55 0.980232 2 0
9.555 0.980746 2 0
9.56 0.981259 2 0
9.565 0.981773 2 0
9.57 0.982286 2 0
9.575 0.9828 2 0
9.58 0.983313 2 0
9.585 0.983827 2 0
9.59 0.98434 2 0
9.595 0.984854 2 0
9.6 0.985367 2 0
9.605 0.985881 2 0
9.61 0.986395 2 0
9.615 0.986908 2 0
9.62 0.987422 2 0
9.625 0.987935 2 0
9.63 0.988449 2 0
9.635 0.988962 2 0
9.64 0.989476 2 0
9.645 0.989989 2 0
9.65 0.990503 2 0
9.655 0.991016 2 0
9.66 0.99153 2 0
9.665 0.992043 2 0
9.67 0.992557 2 0
9.675 0.99307 2 0
9.68 0.993584 2 0
9.685 0.994097 2 0
9.69 0.994611 2 0
9.695 0.995125 2 0
9.7 0.995638 2 0
9.705 0.996152 2 0
9.71 0.996665 2 0
9.715 0.997179 2 0
9.72 0.997692 2 0
9.725 0.998206 2 0
9.73 0.998719 2 0
9.735 0.999233 2 0
9.74 0.999746 2 0
