0 0 1 1
0.005 1.00184e-05 1 1
0.01 2.00367e-05 1 1
0.015 3.00551e-05 1 1
0.02 4.00735e-05 1 1
0.025 5.00918e-05 1 1
0.03 6.01102e-05 1 1
0.035 7.01285e-05 1 1
0.04 8.01469e-05 1 1
0.045 9.01653e-05 1 1
0.05 0.000100184 1 1
0.055 0.000110202 1 1
0.06 0.00012022 1 1
0.065 0.000130239 1 1
0.07 0.000140257 1 1
0.075 0.000150275 1 1
0.08 0.000160294 1 1
0.085 0.000170312 1 1
0.09 0.000180331 1 1
0.095 0.000190349 1 1
0.1 0.000200367 1 1
0.105 0.000210386 1 1
0.11 0.000220404 1 1
0.115 0.000230422 1 1
0.12 0.000240441 1 1
0.125 0.000250459 1 1
0.13 0.000260477 1 1
0.135 0.000270496 1 1
0.14 0.000280514 1 1
0.145 0.000290533 1 1
0.15 0.000300551 1 1
0.155 0.000310569 1 1
0.16 0.000320588 1 1
0.165 0.000330606 1 1
0.17 0.000340624 1 1
0.175 0.000350643 1 1
0.18 0.000360661 1 1
0.185 0.000370679 1 1
0.19 0.000380698 1 1
0.195 0.000390716 1 1
0.2 0.000400735 1 1
0.205 0.000410753 1 1
0.21 0.000420771 1 1
0.215 0.00043079 1 1
0.22 0.000440808 1 1
0.225 0.000450826 1 1
0.23 0.000460845 1 1
0.235 0.000470863 1 1
0.24 0.000480881 1 1
0.245 0.0004909 1 1
0.25 0.000500918 1 1
0.255 0.000510937 1 1
0.26 0.000520955 1 1
0.265 0.000530973 1 1
0.27 0.000540992 1 1
0.275 0.00055101 1 1
0.28 0.000561028 1 1
0.285 0.000571047 1 1
0.29 0.000581065 1 1
0.295 0.000591083 1 1
0.3 0.000601102 1 1
0.305 0.00061112 1 1
0.31 0.000621139 1 1
0.315 0.000631157 1 1
0.32 0.000641175 1 1
0.325 0.000651194 1 1
0.33 0.000661212 1 1
0.335 0.00067123 1 1
0.34 0.000681249 1 1
0.345 0.000691267 1 1
0.35 0.000701285 1 1
0.355 0.000711304 1 1
0.36 0.000721322 1 1
0.365 0.000731341 1 1
0.37 0.000741359 1 1
0.375 0.000751377 1 1
0.38 0.000761396 1 1
0.385 0.000771414 1 1
0.39 0.000781432 1 1
0.395 0.000791451 1 1
0.4 0.000801469 1 1
0.405 0.000811487 1 1
0.41 0.000821506 1 1
0.415 0.000831524 1 1
0.42 0.000841543 1 1
0.425 0.000851561 1 1
0.43 0.000861579 1 1
0.435 0.000871598 1 1
0.44 0.000881616 1 1
0.445 0.000891634 1 1
0.45 0.000901653 1 1
0.455 0.000911671 1 1
0.46 0.000921689 1 1
0.465 0.000931708 1 1
0.47 0.000941726 1 1
0.475 0.000951745 1 1
0.48 0.000961763 1 1
0.485 0.000971781 1 1
0.49 0.0009818 1 1
0.495 0.000991818 1 1
0.5 0.00100184 1 1
0.505 0.00101185 1 1
0.51 0.00102187 1 1
0.515 0.00103189 1 1
0.52 0.00104191 1 1
0.525 0.00105193 1 1
0.53 0.00106195 1 1
0.535 0.00107196 1 1
0.54 0.00108198 1 1
0.545 0.001092 1 1
0.55 0.00110202 1 1
0.555 0.00111204 1 1
0.56 0.00112206 1 1
0.565 0.00113208 1 1
0.57 0.00114209 1 1
0.575 0.00115211 1 1
0.58 0.00116213 1 1
0.585 0.00117215 1 1
0.59 0.00118217 1 1
0.595 0.00119219 1 1
0.6 0.0012022 1 1
0.605 0.00121222 1 1
0.61 0.00122224 1 1
0.615 0.00123226 1 1
0.62 0.00124228 1 1
0.625 0.0012523 1 1
0.63 0.00126231 1 1
0.635 0.00127233 1 1
0.64 0.00128235 1 1
0.645 0.00129237 1 1
0.65 0.00130239 1 1
0.655 0.00131241 1 1
0.66 0.00132242 1 1
0.665 0.00133244 1 1
0.67 0.00134246 1 1
0.675 0.00135248 1 1
0.68 0.0013625 1 1
0.685 0.00137252 1 1
0.69 0.00138253 1 1
0.695 0.00139255 1 1
0.7 0.00140257 1 1
0.705 0.00141259 1 1
0.71 0.00142261 1 1
0.715 0.00143263 1 1
0.72 0.00144264 1 1
0.725 0.00145266 1 1
0.73 0.00146268 1 1
0.735 0.0014727 1 1
0.74 0.00148272 1 1
0.745 0.00149274 1 1
0.75 0.00150275 1 1
0.755 0.00151277 1 1
0.76 0.00152279 1 1
0.765 0.00153281 1 1
0.77 0.00154283 1 1
0.775 0.00155285 1 1
0.78 0.00156286 1 1
0.785 0.00157288 1 1
0.79 0.0015829 1 1
0.795 0.00159292 1 1
0.8 0.00160294 1 1
0.805 0.00161296 1 1
0.81 0.00162297 1 1
0.815 0.00163299 1 1
0.82 0.00164301 1 1
0.825 0.00165303 1 1
0.83 0.00166305 1 1
0.835 0.00167307 1 1
0.84 0.00168309 1 1
0.845 0.0016931 1 1
0.85 0.00170312 1 1
0.855 0.00171314 1 1
0.86 0.00172316 1 1
0.865 0.00173318 1 1
0.87 0.0017432 1 1
0.875 0.00175321 1 1
0.88 0.00176323 1 1
0.885 0.00177325 1 1
0.89 0.00178327 1 1
0.895 0.00179329 1 1
0.9 0.00180331 1 1
0.905 0.00181332 1 1
0.91 0.00182334 1 1
0.915 0.00183336 1 1
0.92 0.00184338 1 1
0.925 0.0018534 1 1
0.93 0.00186342 1 1
0.935 0.00187343 1 1
0.94 0.00188345 1 1
0.945 0.00189347 1 1
0.95 0.00190349 1 1
0.955 0.00191351 1 1
0.96 0.00192353 1 1
0.965 0.00193354 1 1
0.97 0.00194356 1 1
0.975 0.00195358 1 1
0.98 0.0019636 1 1
0.985 0.00197362 1 1
0.99 0.00198364 1 1
0.995 0.00199365 1 1
1 0.000176038 1 1
1.005 0.000176038 1 1
1.01 0.000176038 1 1
1.015 0.000176038 1 1
1.02 0.000176038 1 1
1.025 0.000176038 1 1
1.03 0.000176038 1 1
1.035 0.000176038 1 1
1.04 0.000176038 1 1
1.045 0.000176038 1 1
1.05 0.000176038 1 1
1.055 0.000176038 1 1
1.06 0.000176038 1 1
1.065 0.000176038 1 1
1.07 0.000176038 1 1
1.075 0.000176038 1 1
1.08 0.000176038 1 1
1.085 0.000176038 1 1
1.09 0.000176038 1 1
1.095 0.000176038 1 1
1.1 0.000176038 1 1
1.105 0.000176038 1 1
1.11 0.000176038 1 1
1.115 0.000176038 1 1
1.12 0.000176038 1 1
1.125 0.000176038 1 1
1.13 0.000176038 1 1
1.135 0.000176038 1 1
1.14 0.000176038 1 1
1.145 0.000176038 1 1
1.15 0.000176038 1 1
1.155 0.000176038 1 1
1.16 0.000176038 1 1
1.165 0.000176038 1 1
1.17 0.000176038 1 1
1.175 0.000176038 1 1
1.18 0.000176038 1 1
1.185 0.000176038 1 1
1.19 0.000176038 1 1
1.195 0.000176038 1 1
1.2 0.000176038 1 1
1.205 0.000176038 1 1
1.21 0.000176038 1 1
1.215 0.000176038 1 1
1.22 0.000176038 1 1
1.225 0.000176038 1 1
1.23 0.000176038 1 1
1.235 0.000176038 1 1
1.24 0.000176038 1 1
1.245 0.000176038 1 1
1.25 0.000176038 1 1
1.255 0.000176038 1 1
1.26 0.000176038 1 1
1.265 0.000176038 1 1
1.27 0.000176038 1 1
1.275 0.000176038 1 1
1.28 0.000176038 1 1
1.285 0.000176038 1 1
1.29 0.000176038 1 1
1.295 0.000176038 1 1
1.3 0.000176038 1 1
1.305 0.000176038 1 1
1.31 0.000176038 1 1
1.315 0.000176038 1 1
1.32 0.000176038 1 1
1.325 0.000176038 1 1
1.33 0.000176038 1 1
1.335 0.000176038 1 1
1.34 0.000176038 1 1
1.345 0.000176038 1 1
1.35 0.000176038 1 1
1.355 0.000176038 1 1
1.36 0.000176038 1 1
1.365 0.000176038 1 1
1.37 0.000176038 1 1
1.375 0.000176038 1 1
1.38 0.000176038 1 1
1.385 0.000176038 1 1
1.39 0.000176038 1 1
1.395 0.000176038 1 1
1.4 0.000176038 1 1
1.405 0.000176038 1 1
1.41 0.000176038 1 1
1.415 0.000176038 1 1
1.42 0.000176038 1 1
1.425 0.000176038 1 1
1.43 0.000176038 1 1
1.435 0.000176038 1 1
1.44 0.000176038 1 1
1.445 0.000176038 1 1
1.45 0.000176038 1 1
1.455 0.000176038 1 1
1.46 0.000176038 1 1
1.465 0.000176038 1 1
1.47 0.000176038 1 1
1.475 0.000176038 1 1
1.48 0.000176038 1 1
1.485 0.000176038 1 1
1.49 0.000176038 1 1
1.495 0.000176038 1 1
1.5 0.000176038 1 1
1.505 0.000176038 1 1
1.51 0.000176038 1 1
1.515 0.000176038 1 1
1.52 0.000176038 1 1
1.525 0.000176038 1 1
1.53 0.000176038 1 1
1.535 0.000176038 1 1
1.54 0.000176038 1 1
1.545 0.000176038 1 1
1.55 0.000176038 1 1
1.555 0.000176038 1 1
1.56 0.000176038 1 1
1.565 0.000176038 1 1
1.57 0.000176038 1 1
1.575 0.000176038 1 1
1.58 0.000176038 1 1
1.585 0.000176038 1 1
1.59 0.000176038 1 1
1.595 0.000176038 1 1
1.6 0.000176038 1 1
1.605 0.000176038 1 1
1.61 0.000176038 1 1
1.615 0.000176038 1 1
1.62 0.000176038 1 1
1.625 0.000176038 1 1
1.63 0.000176038 1 1
1.635 0.000176038 1 1
1.64 0.000176038 1 1
1.645 0.000176038 1 1
1.65 0.000176038 1 1
1.655 0.000176038 1 1
1.66 0.000176038 1 1
1.665 0.000176038 1 1
1.67 0.000176038 1 1
1.675 0.000176038 1 1
1.68 0.000176038 1 1
1.685 0.000176038 1 1
1.69 0.000176038 1 1
1.695 0.000176038 1 1
1.7 0.000176038 1 1
1.705 0.000176038 1 1
1.71 0.000176038 1 1
1.715 0.000176038 1 1
1.72 0.000176038 1 1
1.725 0.000176038 1 1
1.73 0.000176038 1 1
1.735 0.000176038 1 1
1.74 0.000176038 1 1
1.745 0.000176038 1 1
1.75 0.000176038 1 1
1.755 0.000176038 1 1
1.76 0.000176038 1 1
1.765 0.000176038 1 1
1.77 0.000176038 1 1
1.775 0.000176038 1 1
1.78 0.000176038 1 1
1.785 0.000176038 1 1
1.79 0.000176038 1 1
1.795 0.000176038 1 1
1.8 0.000176038 1 1
1.805 0.000176038 1 1
1.81 0.000176038 1 1
1.815 0.000176038 1 1
1.82 0.000176038 1 1
1.825 0.000176038 1 1
1.83 0.000176038 1 1
1.835 0.000176038 1 1
1.84 0.000176038 1 1
1.845 0.000176038 1 1
1.85 0.000176038 1 1
1.855 0.000176038 1 1
1.86 0.000176038 1 1
1.865 0.000176038 1 1
1.87 0.000176038 1 1
1.875 0.000176038 1 1
1.88 0.000176038 1 1
1.885 0.000176038 1 1
1.89 0.000176038 1 1
1.895 0.000176038 1 1
1.9 0.000176038 1 1
1.905 0.000176038 1 1
1.91 0.000176038 1 1
1.915 0.000176038 1 1
1.92 0.000176038 1 1
1.925 0.000176038 1 1
1.93 0.000176038 1 1
1.935 0.000176038 1 1
1.94 0.000176038 1 1
1.945 0.000176038 1 1
1.95 0.000176038 1 1
1.955 0.000176038 1 1
1.96 0.000176038 1 1
1.965 0.000176038 1 1
1.97 0.000176038 1 1
1.975 0.000176038 1 1
1.98 0.000176038 1 1
1.985 0.000176038 1 1
1.99 0.000176038 1 1
1.995 0.000176038 1 1
2 0.000176038 1 1
2.005 0.000176038 1 1
2.01 0.000176038 1 1
2.015 0.000176038 1 1
2.02 0.000176038 1 1
2.025 0.000176038 1 1
2.03 0.000176038 1 1
2.035 0.000176038 1 1
2.04 0.000176038 1 1
2.045 0.000176038 1 1
2.05 0.000176038 1 1
2.055 0.000176038 1 1
2.06 0.000176038 1 1
2.065 0.000176038 1 1
2.07 0.000176038 1 1
2.075 0.000176038 1 1
2.08 0.000176038 1 1
2.085 0.000176038 1 1
2.09 0.000176038 1 1
2.095 0.000176038 1 1
2.1 0.000176038 1 1
2.105 0.000176038 1 1
2.11 0.000176038 1 1
2.115 0.000176038 1 1
2.12 0.000176038 1 1
2.125 0.000176038 1 1
2.13 0.000176038 1 1
2.135 0.000176038 1 1
2.14 0.000176038 1 1
2.145 0.000176038 1 1
2.15 0.000176038 1 1
2.155 0.000176038 1 1
2.16 0.000176038 1 1
2.165 0.000176038 1 1
2.17 0.000176038 1 1
2.175 0.000176038 1 1
2.18 0.000176038 1 1
2.185 0.000176038 1 1
2.19 0.000176038 1 1
2.195 0.000176038 1 1
2.2 0.000176038 1 1
2.205 0.000176038 1 1
2.21 0.000176038 1 1
2.215 0.000176038 1 1
2.22 0.000176038 1 1
2.225 0.000176038 1 1
2.23 0.000176038 1 1
2.235 0.000176038 1 1
2.24 0.000176038 1 1
2.245 0.000176038 1 1
2.25 0.000176038 1 1
2.255 0.000176038 1 1
2.26 0.000176038 1 1
2.265 0.000176038 1 1
2.27 0.000176038 1 1
2.275 0.000176038 1 1
2.28 0.000176038 1 1
2.285 0.000176038 1 1
2.29 0.000176038 1 1
2.295 0.000176038 1 1
2.3 0.000176038 1 1
2.305 0.000176038 1 1
2.31 0.000176038 1 1
2.315 0.000176038 1 1
2.32 0.000176038 1 1
2.325 0.000176038 1 1
2.33 0.000176038 1 1
2.335 0.000176038 1 1
2.34 0.000176038 1 1
2.345 0.000176038 1 1
2.35 0.000176038 1 1
2.355 0.000176038 1 1
2.36 0.000176038 1 1
2.365 0.000176038 1 1
2.37 0.000176038 1 1
2.375 0.000176038 1 1
2.38 0.000176038 1 1
2.385 0.000176038 1 1
2.39 0.000176038 1 1
2.395 0.000176038 1 1
2.4 0.000176038 1 1
2.405 0.000176038 1 1
2.41 0.000176038 1 1
2.415 0.000176038 1 1
2.42 0.000176038 1 1
2.425 0.000176038 1 1
2.43 0.000176038 1 1
2.435 0.000176038 1 1
2.44 0.000176038 1 1
2.445 0.000176038 1 1
2.45 0.000176038 1 1
2.455 0.000176038 1 1
2.46 0.000176038 1 1
2.465 0.000176038 1 1
2.47 0.000176038 1 1
2.475 0.000176038 1 1
2.48 0.000176038 1 1
2.485 0.000176038 1 1
2.49 0.000176038 1 1
2.495 0.000176038 1 1
2.5 0.000176038 1 1
2.505 0.000176038 1 1
2.51 0.000176038 1 1
2.515 0.000176038 1 1
2.52 0.000176038 1 1
2.525 0.000176038 1 1
2.53 0.000176038 1 1
2.535 0.000176038 1 1
2.54 0.000176038 1 1
2.545 0.000176038 1 1
2.55 0.000176038 1 1
2.555 0.000176038 1 1
2.56 0.000176038 1 1
2.565 0.000176038 1 1
2.57 0.000176038 1 1
2.575 0.000176038 1 1
2.58 0.000176038 1 1
2.585 0.000176038 1 1
2.59 0.000176038 1 1
2.595 0.000176038 1 1
2.6 0.000176038 1 1
2.605 0.000176038 1 1
2.61 0.000176038 1 1
2.615 0.000176038 1 1
2.62 0.000176038 1 1
2.625 0.000176038 1 1
2.63 0.000176038 1 1
2.635 0.000176038 1 1
2.64 0.000176038 1 1
2.645 0.000176038 1 1
2.65 0.000176038 1 1
2.655 0.000176038 1 1
2.66 0.000176038 1 1
2.665 0.000176038 1 1
2.67 0.000176038 1 1
2.675 0.000176038 1 1
2.68 0.000176038 1 1
2.685 0.000176038 1 1
2.69 0.000176038 1 1
2.695 0.000176038 1 1
2.7 0.000176038 1 1
2.705 0.000176038 1 1
2.71 0.000176038 1 1
2.715 0.000176038 1 1
2.72 0.000176038 1 1
2.725 0.000176038 1 1
2.73 0.000176038 1 1
2.735 0.000176038 1 1
2.74 0.000176038 1 1
2.745 0.000176038 1 1
2.75 0.000176038 1 1
2.755 0.000176038 1 1
2.76 0.000176038 1 1
2.765 0.000176038 1 1
2.77 0.000176038 1 1
2.775 0.000176038 1 1
2.78 0.000176038 1 1
2.785 0.000176038 1 1
2.79 0.000176038 1 1
2.795 0.000176038 1 1
2.8 0.000176038 1 1
2.805 0.000176038 1 1
2.81 0.000176038 1 1
2.815 0.000176038 1 1
2.82 0.000176038 1 1
2.825 0.000176038 1 1
2.83 0.000176038 1 1
2.835 0.000176038 1 1
2.84 0.000176038 1 1
2.845 0.000176038 1 1
2.85 0.000176038 1 1
2.855 0.000176038 1 1
2.86 0.000176038 1 1
2.865 0.000176038 1 1
2.87 0.000176038 1 1
2.875 0.000176038 1 1
2.88 0.000176038 1 1
2.885 0.000176038 1 1
2.89 0.000176038 1 1
2.895 0.000176038 1 1
2.9 0.000176038 1 1
2.905 0.000176038 1 1
2.91 0.000176038 1 1
2.915 0.000176038 1 1
2.92 0.000176038 1 1
2.925 0.000176038 1 1
2.93 0.000176038 1 1
2.935 0.000176038 1 1
2.94 0.000176038 1 1
2.945 0.000176038 1 1
2.95 0.000176038 1 1
2.955 0.000176038 1 1
2.96 0.000176038 1 1
2.965 0.000176038 1 1
2.97 0.000176038 1 1
2.975 0.000176038 1 1
2.98 0.000176038 1 1
2.985 0.000176038 1 1
2.99 0.000176038 1 1
2.995 0.000176038 1 1
3 0.000176038 1 1
3.005 0.000176038 1 1
3.01 0.000176038 1 1
3.015 0.000176038 1 1
3.02 0.000176038 1 1
3.025 0.000176038 1 1
3.03 0.000176038 1 1
3.035 0.000176038 1 1
3.04 0.000176038 1 1
3.045 0.000176038 1 1
3.05 0.000176038 1 1
3.055 0.000176038 1 1
3.06 0.000176038 1 1
3.065 0.000176038 1 1
3.07 0.000176038 1 1
3.075 0.000176038 1 1
3.08 0.000176038 1 1
3.085 0.000176038 1 1
3.09 0.000176038 1 1
3.095 0.000176038 1 1
3.1 0.000176038 1 1
3.105 0.000176038 1 1
3.11 0.000176038 1 1
3.115 0.000176038 1 1
3.12 0.000176038 1 1
3.125 0.000176038 1 1
3.13 0.000176038 1 1
3.135 0.000176038 1 1
3.14 0.000176038 1 1
3.145 0.000176038 1 1
3.15 0.000176038 1 1
3.155 0.000176038 1 1
3.16 0.000176038 1 1
3.165 0.000176038 1 1
3.17 0.000176038 1 1
3.175 0.000176038 1 1
3.18 0.000176038 1 1
3.185 0.000176038 1 1
3.19 0.000176038 1 1
3.195 0.000176038 1 1
3.2 0.000176038 1 1
3.205 0.000176038 1 1
3.21 0.000176038 1 1
3.215 0.000176038 1 1
3.22 0.000176038 1 1
3.225 0.000176038 1 1
3.23 0.000176038 1 1
3.235 0.000176038 1 1
3.24 0.000176038 1 1
3.245 0.000176038 1 1
3.25 0.000176038 1 1
3.255 0.000176038 1 1
3.26 0.000176038 1 1
3.265 0.000176038 1 1
3.27 0.000176038 1 1
3.275 0.000176038 1 1
3.28 0.000176038 1 1
3.285 0.000176038 1 1
3.29 0.000176038 1 1
3.295 0.000176038 1 1
3.3 0.000176038 1 1
3.305 0.000176038 1 1
3.31 0.000176038 1 1
3.315 0.000176038 1 1
3.32 0.000176038 1 1
3.325 0.000176038 1 1
3.33 0.000176038 1 1
3.335 0.000176038 1 1
3.34 0.000176038 1 1
3.345 0.000176038 1 1
3.35 0.000176038 1 1
3.355 0.000176038 1 1
3.36 0.000176038 1 1
3.365 0.000176038 1 1
3.37 0.000176038 1 1
3.375 0.000176038 1 1
3.38 0.000176038 1 1
3.385 0.000176038 1 1
3.39 0.000176038 1 1
3.395 0.000176038 1 1
3.4 0.000176038 1 1
3.405 0.000176038 1 1
3.41 0.000176038 1 1
3.415 0.000176038 1 1
3.42 0.000176038 1 1
3.425 0.000176038 1 1
3.43 0.000176038 1 1
3.435 0.000176038 1 1
3.44 0.000176038 1 1
3.445 0.000176038 1 1
3.45 0.000176038 1 1
3.455 0.000176038 1 1
3.46 0.000176038 1 1
3.465 0.000176038 1 1
3.47 0.000176038 1 1
3.475 0.000176038 1 1
3.48 0.000176038 1 1
3.485 0.000176038 1 1
3.49 0.000176038 1 1
3.495 0.000176038 1 1
3.5 0.000176038 1 1
3.505 0.000176038 1 1
3.51 0.000176038 1 1
3.515 0.000176038 1 1
3.52 0.000176038 1 1
3.525 0.000176038 1 1
3.53 0.000176038 1 1
3.535 0.000176038 1 1
3.54 0.000176038 1 1
3.545 0.000176038 1 1
3.55 0.000176038 1 1
3.555 0.000176038 1 1
3.56 0.000176038 1 1
3.565 0.000176038 1 1
3.57 0.000176038 1 1
3.575 0.000176038 1 1
3.58 0.000176038 1 1
3.585 0.000176038 1 1
3.59 0.000176038 1 1
3.595 0.000176038 1 1
3.6 0.000176038 1 1
3.605 0.000176038 1 1
3.61 0.000176038 1 1
3.615 0.000176038 1 1
3.62 0.000176038 1 1
3.625 0.000176038 1 1
3.63 0.000176038 1 1
3.635 0.000176038 1 1
3.64 0.000176038 1 1
3.645 0.000176038 1 1
3.65 0.000176038 1 1
3.655 0.000176038 1 1
3.66 0.000176038 1 1
3.665 0.000176038 1 1
3.67 0.000176038 1 1
3.675 0.000176038 1 1
3.68 0.000176038 1 1
3.685 0.000176038 1 1
3.69 0.000176038 1 1
3.695 0.000176038 1 1
3.7 0.000176038 1 1
3.705 0.000176038 1 1
3.71 0.000176038 1 1
3.715 0.000176038 1 1
3.72 0.000176038 1 1
3.725 0.000176038 1 1
3.73 0.000176038 1 1
3.735 0.000176038 1 1
3.74 0.000176038 1 1
3.745 0.000176038 1 1
3.75 0.000176038 1 1
3.755 0.000176038 1 1
3.76 0.000176038 1 1
3.765 0.000176038 1 1
3.77 0.000176038 1 1
3.775 0.000176038 1 1
3.78 0.000176038 1 1
3.785 0.000176038 1 1
3.79 0.000176038 1 1
3.795 0.000176038 1 1
3.8 0.000176038 1 1
3.805 0.000176038 1 1
3.81 0.000176038 1 1
3.815 0.000176038 1 1
3.82 0.000176038 1 1
3.825 0.000176038 1 1
3.83 0.000176038 1 1
3.835 0.000176038 1 1
3.84 0.000176038 1 1
3.845 0.000176038 1 1
3.85 0.000176038 1 1
3.855 0.000176038 1 1
3.86 0.000176038 1 1
3.865 0.000176038 1 1
3.87 0.000176038 1 1
3.875 0.000176038 1 1
3.88 0.000176038 1 1
3.885 0.000176038 1 1
3.89 0.000176038 1 1
3.895 0.000176038 1 1
3.9 0.000176038 1 1
3.905 0.000176038 1 1
3.91 0.000176038 1 1
3.915 0.000176038 1 1
3.92 0.000176038 1 1
3.925 0.000176038 1 1
3.93 0.000176038 1 1
3.935 0.000176038 1 1
3.94 0.000176038 1 1
3.945 0.000176038 1 1
3.95 0.000176038 1 1
3.955 0.000176038 1 1
3.96 0.000176038 1 1
3.965 0.000176038 1 1
3.97 0.000176038 1 1
3.975 0.000176038 1 1
3.98 0.000176038 1 1
3.985 0.000176038 1 1
3.99 0.000176038 1 1
3.995 0.000176038 1 1
4 0.000176038 1 1
4.005 0.000176038 1 1
4.01 0.000176038 1 1
4.015 0.000176038 1 1
4.02 0.000176038 1 1
4.025 0.000176038 1 1
4.03 0.000176038 1 1
4.035 0.000176038 1 1
4.04 0.000176038 1 1
4.045 0.000176038 1 1
4.05 0.000176038 1 1
4.055 0.000176038 1 1
4.06 0.000176038 1 1
4.065 0.000176038 1 1
4.07 0.000176038 1 1
4.075 0.000176038 1 1
4.08 0.000176038 1 1
4.085 0.000176038 1 1
4.09 0.000176038 1 1
4.095 0.000176038 1 1
4.1 0.000176038 1 1
4.105 0.000176038 1 1
4.11 0.000176038 1 1
4.115 0.000176038 1 1
4.12 0.000176038 1 1
4.125 0.000176038 1 1
4.13 0.000176038 1 1
4.135 0.000176038 1 1
4.14 0.000176038 1 1
4.145 0.000176038 1 1
4.15 0.000176038 1 1
4.155 0.000176038 1 1
4.16 0.000176038 1 1
4.165 0.000176038 1 1
4.17 0.000176038 1 1
4.175 0.000176038 1 1
4.18 0.000176038 1 1
4.185 0.000176038 1 1
4.19 0.000176038 1 1
4.195 0.000176038 1 1
4.2 0.000176038 1 1
4.205 0.000176038 1 1
4.21 0.000176038 1 1
4.215 0.000176038 1 1
4.22 0.000176038 1 1
4.225 0.000176038 1 1
4.23 0.000176038 1 1
4.235 0.000176038 1 1
4.24 0.000176038 1 1
4.245 0.000176038 1 1
4.25 0.000176038 1 1
4.255 0.000176038 1 1
4.26 0.000176038 1 1
4.265 0.000176038 1 1
4.27 0.000176038 1 1
4.275 0.000176038 1 1
4.28 0.000176038 1 1
4.285 0.000176038 1 1
4.29 0.000176038 1 1
4.295 0.000176038 1 1
4.3 0.000176038 1 1
4.305 0.000176038 1 1
4.31 0.000176038 1 1
4.315 0.000176038 1 1
4.32 0.000176038 1 1
4.325 0.000176038 1 1
4.33 0.000176038 1 1
4.335 0.000176038 1 1
4.34 0.000176038 1 1
4.345 0.000176038 1 1
4.35 0.000176038 1 1
4.355 0.000176038 1 1
4.36 0.000176038 1 1
4.365 0.000176038 1 1
4.37 0.000176038 1 1
4.375 0.000176038 1 1
4.38 0.000176038 1 1
4.385 0.000176038 1 1
4.39 0.000176038 1 1
4.395 0.000176038 1 1
4.4 0.000176038 1 1
4.405 0.000176038 1 1
4.41 0.000176038 1 1
4.415 0.000176038 1 1
4.42 0.000176038 1 1
4.425 0.000176038 1 1
4.43 0.000176038 1 1
4.435 0.000176038 1 1
4.44 0.000176038 1 1
4.445 0.000176038 1 1
4.45 0.000176038 1 1
4.455 0.000176038 1 1
4.46 0.000176038 1 1
4.465 0.000176038 1 1
4.47 0.000176038 1 1
4.475 0.000176038 1 1
4.48 0.000176038 1 1
4.485 0.000176038 1 1
4.49 0.000176038 1 1
4.495 0.000176038 1 1
4.5 0.000176038 1 1
4.505 0.000176038 1 1
4.51 0.000176038 1 1
4.515 0.000176038 1 1
4.52 0.000176038 1 1
4.525 0.000176038 1 1
4.53 0.000176038 1 1
4.535 0.000176038 1 1
4.54 0.000176038 1 1
4.545 0.000176038 1 1
4.55 0.000176038 1 1
4.555 0.000176038 1 1
4.56 0.000176038 1 1
4.565 0.000176038 1 1
4.57 0.000176038 1 1
4.575 0.000176038 1 1
4.58 0.000176038 1 1
4.585 0.000176038 1 1
4.59 0.000176038 1 1
4.595 0.000176038 1 1
4.6 0.000176038 1 1
4.605 0.000176038 1 1
4.61 0.000176038 1 1
4.615 0.000176038 1 1
4.62 0.000176038 1 1
4.625 0.000176038 1 1
4.63 0.000176038 1 1
4.635 0.000176038 1 1
4.64 0.000176038 1 1
4.645 0.000176038 1 1
4.65 0.000176038 1 1
4.655 0.000176038 1 1
4.66 0.000176038 1 1
4.665 0.000176038 1 1
4.67 0.000176038 1 1
4.675 0.000176038 1 1
4.68 0.000176038 1 1
4.685 0.000176038 1 1
4.69 0.000176038 1 1
4.695 0.000176038 1 1
4.7 0.000176038 1 1
4.705 0.000176038 1 1
4.71 0.000176038 1 1
4.715 0.000176038 1 1
4.72 0.000176038 1 1
4.725 0.000176038 1 1
4.73 0.000176038 1 1
4.735 0.000176038 1 1
4.74 0.000176038 1 1
4.745 0.000176038 1 1
4.75 0.000176038 1 1
4.755 0.000176038 1 1
4.76 0.000176038 1 1
4.765 0.000176038 1 1
4.77 0.000176038 1 1
4.775 0.000176038 1 1
4.78 0.000176038 1 1
4.785 0.000176038 1 1
4.79 0.000176038 1 1
4.795 0.000176038 1 1
4.8 0.000176038 1 1
4.805 0.000176038 1 1
4.81 0.000176038 1 1
4.815 0.000176038 1 1
4.82 0.000176038 1 1
4.825 0.000176038 1 1
4.83 0.000176038 1 1
4.835 0.000176038 1 1
4.84 0.000176038 1 1
4.845 0.000176038 1 1
4.85 0.000176038 1 1
4.855 0.000176038 1 1
4.86 0.000176038 1 1
4.865 0.000176038 1 1
4.87 0.000176038 1 1
4.875 0.000176038 1 1
4.88 0.000176038 1 1
4.885 0.000176038 1 1
4.89 0.000176038 1 1
4.895 0.000176038 1 1
4.9 0.000176038 1 1
4.905 0.000176038 1 1
4.91 0.000176038 1 1
4.915 0.000176038 1 1
4.92 0.000176038 1 1
4.925 0.000176038 1 1
4.93 0.000176038 1 1
4.935 0.000176038 1 1
4.94 0.000176038 1 1
4.945 0.000176038 1 1
4.95 0.000176038 1 1
4.955 0.000176038 1 1
4.96 0.000176038 1 1
4.965 0.000176038 1 1
4.97 0.000176038 1 1
4.975 0.000176038 1 1
4.98 0.000176038 1 1
4.985 0.000176038 1 1
4.99 0.000176038 1 1
4.995 0.000176038 1 1
5 0.000176038 1 1
5.005 0.000176038 1 1
5.01 0.000176038 1 1
5.015 0.000176038 1 1
5.02 0.000176038 1 1
5.025 0.000176038 1 1
5.03 0.000176038 1 1
5.035 0.000176038 1 1
5.04 0.000176038 1 1
5.045 0.000176038 1 1
5.05 0.000176038 1 1
5.055 0.000176038 1 1
5.06 0.000176038 1 1
5.065 0.000176038 1 1
5.07 0.000176038 1 1
5.075 0.000176038 1 1
5.08 0.000176038 1 1
5.085 0.000176038 1 1
5.09 0.000176038 1 1
5.095 0.000176038 1 1
5.1 0.000176038 1 1
5.105 0.000176038 1 1
5.11 0.000176038 1 1
5.115 0.000176038 1 1
5.12 0.000176038 1 1
5.125 0.000176038 1 1
5.13 0.000176038 1 1
5.135 0.000176038 1 1
5.14 0.000176038 1 1
5.145 0.000176038 1 1
5.15 0.000176038 1 1
5.155 0.000176038 1 1
5.16 0.000176038 1 1
5.165 0.000176038 1 1
5.17 0.000176038 1 1
5.175 0.000176038 1 1
5.18 0.000176038 1 1
5.185 0.000176038 1 1
5.19 0.000176038 1 1
5.195 0.000176038 1 1
5.2 0.000176038 1 1
5.205 0.000176038 1 1
5.21 0.000176038 1 1
5.215 0.000176038 1 1
5.22 0.000176038 1 1
5.225 0.000176038 1 1
5.23 0.000176038 1 1
5.235 0.000176038 1 1
5.24 0.000176038 1 1
5.245 0.000176038 1 1
5.25 0.000176038 1 1
5.255 0.000176038 1 1
5.26 0.000176038 1 1
5.265 0.000176038 1 1
5.27 0.000176038 1 1
5.275 0.000176038 1 1
5.28 0.000176038 1 1
5.285 0.000176038 1 1
5.29 0.000176038 1 1
5.295 0.000176038 1 1
5.3 0.000176038 1 1
5.305 0.000176038 1 1
5.31 0.000176038 1 1
5.315 0.000176038 1 1
5.32 0.000176038 1 1
5.325 0.000176038 1 1
5.33 0.000176038 1 1
5.335 0.000176038 1 1
5.34 0.000176038 1 1
5.345 0.000176038 1 1
5.35 0.000176038 1 1
5.355 0.000176038 1 1
5.36 0.000176038 1 1
5.365 0.000176038 1 1
5.37 0.000176038 1 1
5.375 0.000176038 1 1
5.38 0.000176038 1 1
5.385 0.000176038 1 1
5.39 0.000176038 1 1
5.395 0.000176038 1 1
5.4 0.000176038 1 1
5.405 0.000176038 1 1
5.41 0.000176038 1 1
5.415 0.000176038 1 1
5.42 0.000176038 1 1
5.425 0.000176038 1 1
5.43 0.000176038 1 1
5.435 0.000176038 1 1
5.44 0.000176038 1 1
5.445 0.000176038 1 1
5.45 0.000176038 1 1
5.455 0.000176038 1 1
5.46 0.000176038 1 1
5.465 0.000176038 1 1
5.47 0.000176038 1 1
5.475 0.000176038 1 1
5.48 0.000176038 1 1
5.485 0.000176038 1 1
5.49 0.000176038 1 1
5.495 0.000176038 1 1
5.5 0.000176038 1 1
5.505 0.000176038 1 1
5.51 0.000176038 1 1
5.515 0.000176038 1 1
5.52 0.000176038 1 1
5.525 0.000176038 1 1
5.53 0.000176038 1 1
5.535 0.000176038 1 1
5.54 0.000176038 1 1
5.545 0.000176038 1 1
5.55 0.000176038 1 1
5.555 0.000176038 1 1
5.56 0.000176038 1 1
5.565 0.000176038 1 1
5.57 0.000176038 1 1
5.575 0.000176038 1 1
5.58 0.000176038 1 1
5.585 0.000176038 1 1
5.59 0.000176038 1 1
5.595 0.000176038 1 1
5.6 0.000176038 1 1
5.605 0.000176038 1 1
5.61 0.000176038 1 1
5.615 0.000176038 1 1
5.62 0.000176038 1 1
5.625 0.000176038 1 1
5.63 0.000176038 1 1
5.635 0.000176038 1 1
5.64 0.000176038 1 1
5.645 0.000176038 1 1
5.65 0.000176038 1 1
5.655 0.000176038 1 1
5.66 0.000176038 1 1
5.665 0.000176038 1 1
5.67 0.000176038 1 1
5.675 0.000176038 1 1
5.68 0.000176038 1 1
5.685 0.000176038 1 1
5.69 0.000176038 1 1
5.695 0.000176038 1 1
5.7 0.000176038 1 1
5.705 0.000176038 1 1
5.71 0.000176038 1 1
5.715 0.000176038 1 1
5.72 0.000176038 1 1
5.725 0.000176038 1 1
5.73 0.000176038 1 1
5.735 0.000176038 1 1
5.74 0.000176038 1 1
5.745 0.000176038 1 1
5.75 0.000176038 1 1
5.755 0.000176038 1 1
5.76 0.000176038 1 1
5.765 0.000176038 1 1
5.77 0.000176038 1 1
5.775 0.000176038 1 1
5.78 0.000176038 1 1
5.785 0.000176038 1 1
5.79 0.000176038 1 1
5.795 0.000176038 1 1
5.8 0.000176038 1 1
5.805 0.000176038 1 1
5.81 0.000176038 1 1
5.815 0.000176038 1 1
5.82 0.000176038 1 1
5.825 0.000176038 1 1
5.83 0.000176038 1 1
5.835 0.000176038 1 1
5.84 0.000176038 1 1
5.845 0.000176038 1 1
5.85 0.000176038 1 1
5.855 0.000176038 1 1
5.86 0.000176038 1 1
5.865 0.000176038 1 1
5.87 0.000176038 1 1
5.875 0.000176038 1 1
5.88 0.000176038 1 1
5.885 0.000176038 1 1
5.89 0.000176038 1 1
5.895 0.000176038 1 1
5.9 0.000176038 1 1
5.905 0.000176038 1 1
5.91 0.000176038 1 1
5.915 0.000176038 1 1
5.92 0.000176038 1 1
5.925 0.000176038 1 1
5.93 0.000176038 1 1
5.935 0.000176038 1 1
5.94 0.000176038 1 1
5.945 0.000176038 1 1
5.95 0.000176038 1 1
5.955 0.000176038 1 1
5.96 0.000176038 1 1
5.965 0.000176038 1 1
5.97 0.000176038 1 1
5.975 0.000176038 1 1
5.98 0.000176038 1 1
5.985 0.000176038 1 1
5.99 0.000176038 1 1
5.995 0.000176038 1 1
6 0.000176038 1 1
6.005 0.000176038 1 1
6.01 0.000176038 1 1
6.015 0.000176038 1 1
6.02 0.000176038 1 1
6.025 0.000176038 1 1
6.03 0.000176038 1 1
6.035 0.000176038 1 1
6.04 0.000176038 1 1
6.045 0.000176038 1 1
6.05 0.000176038 1 1
6.055 0.000176038 1 1
6.06 0.000176038 1 1
6.065 0.000176038 1 1
6.07 0.000176038 1 1
6.075 0.000176038 1 1
6.08 0.000176038 1 1
6.085 0.000176038 1 1
6.09 0.000176038 1 1
6.095 0.000176038 1 1
6.1 0.000176038 1 1
6.105 0.000176038 1 1
6.11 0.000176038 1 1
6.115 0.000176038 1 1
6.12 0.000176038 1 1
6.125 0.000176038 1 1
6.13 0.000176038 1 1
6.135 0.000176038 1 1
6.14 0.000176038 1 1
6.145 0.000176038 1 1
6.15 0.000176038 1 1
6.155 0.000176038 1 1
6.16 0.000176038 1 1
6.165 0.000176038 1 1
6.17 0.000176038 1 1
6.175 0.000176038 1 1
6.18 0.000176038 1 1
6.185 0.000176038 1 1
6.19 0.000176038 1 1
6.195 0.000176038 1 1
6.2 0.000176038 1 1
6.205 0.000176038 1 1
6.21 0.000176038 1 1
6.215 0.000176038 1 1
6.22 0.000176038 1 1
6.225 0.000176038 1 1
6.23 0.000176038 1 1
6.235 0.000176038 1 1
6.24 0.000176038 1 1
6.245 0.000176038 1 1
6.25 0.000176038 1 1
6.255 0.000176038 1 1
6.26 0.000176038 1 1
6.265 0.000176038 1 1
6.27 0.000176038 1 1
6.275 0.000176038 1 1
6.28 0.000176038 1 1
6.285 0.000176038 1 1
6.29 0.000176038 1 1
6.295 0.000176038 1 1
6.3 0.000176038 1 1
6.305 0.000176038 1 1
6.31 0.000176038 1 1
6.315 0.000176038 1 1
6.32 0.000176038 1 1
6.325 0.000176038 1 1
6.33 0.000176038 1 1
6.335 0.000176038 1 1
6.34 0.000176038 1 1
6.345 0.000176038 1 1
6.35 0.000176038 1 1
6.355 0.000176038 1 1
6.36 0.000176038 1 1
6.365 0.000176038 1 1
6.37 0.000176038 1 1
6.375 0.000176038 1 1
6.38 0.000176038 1 1
6.385 0.000176038 1 1
6.39 0.000176038 1 1
6.395 0.000176038 1 1
6.4 0.000176038 1 1
6.405 0.000176038 1 1
6.41 0.000176038 1 1
6.415 0.000176038 1 1
6.42 0.000176038 1 1
6.425 0.000176038 1 1
6.43 0.000176038 1 1
6.435 0.000176038 1 1
6.44 0.000176038 1 1
6.445 0.000176038 1 1
6.45 0.000176038 1 1
6.455 0.000176038 1 1
6.46 0.000176038 1 1
6.465 0.000176038 1 1
6.47 0.000176038 1 1
6.475 0.000176038 1 1
6.48 0.000176038 1 1
6.485 0.000176038 1 1
6.49 0.000176038 1 1
6.495 0.000176038 1 1
6.5 0.000176038 1 1
6.505 0.000176038 1 1
6.51 0.000176038 1 1
6.515 0.000176038 1 1
6.52 0.000176038 1 1
6.525 0.000176038 1 1
6.53 0.000176038 1 1
6.535 0.000176038 1 1
6.54 0.000176038 1 1
6.545 0.000176038 1 1
6.55 0.000176038 1 1
6.555 0.000176038 1 1
6.56 0.000176038 1 1
6.565 0.000176038 1 1
6.57 0.000176038 1 1
6.575 0.000176038 1 1
6.58 0.000176038 1 1
6.585 0.000176038 1 1
6.59 0.000176038 1 1
6.595 0.000176038 1 1
6.6 0.000176038 1 1
6.605 0.000176038 1 1
6.61 0.000176038 1 1
6.615 0.000176038 1 1
6.62 0.000176038 1 1
6.625 0.000176038 1 1
6.63 0.000176038 1 1
6.635 0.000176038 1 1
6.64 0.000176038 1 1
6.645 0.000176038 1 1
6.65 0.000176038 1 1
6.655 0.000176038 1 1
6.66 0.000176038 1 1
6.665 0.000176038 1 1
6.67 0.000176038 1 1
6.675 0.000176038 1 1
6.68 0.000176038 1 1
6.685 0.000176038 1 1
6.69 0.000176038 1 1
6.695 0.000176038 1 1
6.7 0.000176038 1 1
6.705 0.000176038 1 1
6.71 0.000176038 1 1
6.715 0.000176038 1 1
6.72 0.000176038 1 1
6.725 0.000176038 1 1
6.73 0.000176038 1 1
6.735 0.000176038 1 1
6.74 0.000176038 1 1
6.745 0.000176038 1 1
6.75 0.000176038 1 1
6.755 0.000176038 1 1
6.76 0.000176038 1 1
6.765 0.000176038 1 1
6.77 0.000176038 1 1
6.775 0.000176038 1 1
6.78 0.000176038 1 1
6.785 0.000176038 1 1
6.79 0.000176038 1 1
6.795 0.000176038 1 1
6.8 0.000176038 1 1
6.805 0.000176038 1 1
6.81 0.000176038 1 1
6.815 0.000176038 1 1
6.82 0.000176038 1 1
6.825 0.000176038 1 1
6.83 0.000176038 1 1
6.835 0.000176038 1 1
6.84 0.000176038 1 1
6.845 0.000176038 1 1
6.85 0.000176038 1 1
6.855 0.000176038 1 1
6.86 0.000176038 1 1
6.865 0.000176038 1 1
6.87 0.000176038 1 1
6.875 0.000176038 1 1
6.88 0.000176038 1 1
6.885 0.000176038 1 1
6.89 0.000176038 1 1
6.895 0.000176038 1 1
6.9 0.000176038 1 1
6.905 0.000176038 1 1
6.91 0.000176038 1 1
6.915 0.000176038 1 1
6.92 0.000176038 1 1
6.925 0.000176038 1 1
6.93 0.000176038 1 1
6.935 0.000176038 1 1
6.94 0.000176038 1 1
6.945 0.000176038 1 1
6.95 0.000176038 1 1
6.955 0.000176038 1 1
6.96 0.000176038 1 1
6.965 0.000176038 1 1
6.97 0.000176038 1 1
6.975 0.000176038 1 1
6.98 0.000176038 1 1
6.985 0.000176038 1 1
6.99 0.000176038 1 1
6.995 0.000176038 1 1
7 0.000176038 1 1
7.005 0.000176038 1 1
7.01 0.000176038 1 1
7.015 0.000176038 1 1
7.02 0.000176038 1 1
7.025 0.000176038 1 1
7.03 0.000176038 1 1
7.035 0.000176038 1 1
7.04 0.000176038 1 1
7.045 0.000176038 1 1
7.05 0.000176038 1 1
7.055 0.000176038 1 1
7.06 0.000176038 1 1
7.065 0.000176038 1 1
7.07 0.000176038 1 1
7.075 0.000176038 1 1
7.08 0.000176038 1 1
7.085 0.000176038 1 1
7.09 0.000176038 1 1
7.095 0.000176038 1 1
7.1 0.000176038 1 1
7.105 0.000176038 1 1
7.11 0.000176038 1 1
7.115 0.000176038 1 1
7.12 0.000176038 1 1
7.125 0.000176038 1 1
7.13 0.000176038 1 1
7.135 0.000176038 1 1
7.14 0.000176038 1 1
7.145 0.000176038 1 1
7.15 0.000176038 1 1
7.155 0.000176038 1 1
7.16 0.000176038 1 1
7.165 0.000176038 1 1
7.17 0.000176038 1 1
7.175 0.000176038 1 1
7.18 0.000176038 1 1
7.185 0.000176038 1 1
7.19 0.000176038 1 1
7.195 0.000176038 1 1
7.2 0.000176038 1 1
7.205 0.000176038 1 1
7.21 0.000176038 1 1
7.215 0.000176038 1 1
7.22 0.000176038 1 1
7.225 0.000176038 1 1
7.23 0.000176038 1 1
7.235 0.000176038 1 1
7.24 0.000176038 1 1
7.245 0.000176038 1 1
7.25 0.000176038 1 1
7.255 0.000176038 1 1
7.26 0.000176038 1 1
7.265 0.000176038 1 1
7.27 0.000176038 1 1
7.275 0.000176038 1 1
7.28 0.000176038 1 1
7.285 0.000176038 1 1
7.29 0.000176038 1 1
7.295 0.000176038 1 1
7.3 0.000176038 1 1
7.305 0.000176038 1 1
7.31 0.000176038 1 1
7.315 0.000176038 1 1
7.32 0.000176038 1 1
7.325 0.000176038 1 1
7.33 0.000176038 1 1
7.335 0.000176038 1 1
7.34 0.000176038 1 1
7.345 0.000176038 1 1
7.35 0.000176038 1 1
7.355 0.000176038 1 1
7.36 0.000176038 1 1
7.365 0.000176038 1 1
7.37 0.000176038 1 1
7.375 0.000176038 1 1
7.38 0.000176038 1 1
7.385 0.000176038 1 1
7.39 0.000176038 1 1
7.395 0.000176038 1 1
7.4 0.000176038 1 1
7.405 0.000176038 1 1
7.41 0.000176038 1 1
7.415 0.000176038 1 1
7.42 0.000176038 1 1
7.425 0.000176038 1 1
7.43 0.000176038 1 1
7.435 0.000176038 1 1
7.44 0.000176038 1 1
7.445 0.000176038 1 1
7.45 0.000176038 1 1
7.455 0.000176038 1 1
7.46 0.000176038 1 1
7.465 0.000176038 1 1
7.47 0.000176038 1 1
7.475 0.000176038 1 1
7.48 0.000176038 1 1
7.485 0.000176038 1 1
7.49 0.000176038 1 1
7.495 0.000176038 1 1
7.5 0.000176038 1 1
7.505 0.000176038 1 1
7.51 0.000176038 1 1
7.515 0.000176038 1 1
7.52 0.000176038 1 1
7.525 0.000176038 1 1
7.53 0.000176038 1 1
7.535 0.000176038 1 1
7.54 0.000176038 1 1
7.545 0.000176038 1 1
7.55 0.000176038 1 1
7.555 0.000176038 1 1
7.56 0.000176038 1 1
7.565 0.000176038 1 1
7.57 0.000176038 1 1
7.575 0.000176038 1 1
7.58 0.000176038 1 1
7.585 0.000176038 1 1
7.59 0.000176038 1 1
7.595 0.000176038 1 1
7.6 0.000176038 1 1
7.605 0.000176038 1 1
7.61 0.000176038 1 1
7.615 0.000176038 1 1
7.62 0.000176038 1 1
7.625 0.000176038 1 1
7.63 0.000176038 1 1
7.635 0.000176038 1 1
7.64 0.000176038 1 1
