-174.0000000 -85.0000000 405.2345276
-174.0000000 -80.0000000 397.4821777
-174.0000000 -75.0000000 371.2653809
-174.0000000 -70.0000000 203.1134949
-174.0000000 -65.0000000 410.8030701
-174.0000000 -60.0000000 274.7290344
-174.0000000 -55.0000000 116.3993912
-174.0000000 -50.0000000 149.9653168
-174.0000000 -45.0000000 128.9273376
-174.0000000 -40.0000000 35.4795303
-174.0000000 -35.0000000 23.0414143
-174.0000000 -30.0000000 36.3781586
-174.0000000 -25.0000000 65.0852356
-174.0000000 -20.0000000 165.2129059
-174.0000000 -15.0000000 183.9115448
-174.0000000 -10.0000000 111.4810410
-174.0000000 -5.0000000 149.7067108
-174.0000000 0.0000000 89.3904037
-174.0000000 5.0000000 152.6239624
-174.0000000 10.0000000 366.5350952
-174.0000000 15.0000000 539.2068481
-174.0000000 20.0000000 677.4254761
-174.0000000 25.0000000 527.6918335
-174.0000000 30.0000000 294.3439026
-174.0000000 35.0000000 174.3856964
-174.0000000 40.0000000 129.8721619
-174.0000000 45.0000000 111.6891632
-174.0000000 50.0000000 125.2644806
-174.0000000 55.0000000 198.0970764
-174.0000000 60.0000000 288.2026978
-174.0000000 65.0000000 340.1124878
-174.0000000 70.0000000 259.4762268
-174.0000000 75.0000000 442.4894409
-174.0000000 80.0000000 503.5021362
-174.0000000 85.0000000 966.9550781
-168.0000000 -85.0000000 404.9089661
-168.0000000 -80.0000000 422.9821167
-168.0000000 -75.0000000 469.4616089
-168.0000000 -70.0000000 189.1238708
-168.0000000 -65.0000000 500.0483398
-168.0000000 -60.0000000 330.3437500
-168.0000000 -55.0000000 98.5469818
-168.0000000 -50.0000000 157.2639618
-168.0000000 -45.0000000 136.6565094
-168.0000000 -40.0000000 19.9299717
-168.0000000 -35.0000000 25.2021961
-168.0000000 -30.0000000 79.9276886
-168.0000000 -25.0000000 86.9845123
-168.0000000 -20.0000000 238.8743591
-168.0000000 -15.0000000 234.8438416
-168.0000000 -10.0000000 78.9191742
-168.0000000 -5.0000000 92.2315598
-168.0000000 0.0000000 78.0200577
-168.0000000 5.0000000 120.7433929
-168.0000000 10.0000000 385.8991699
-168.0000000 15.0000000 686.0416260
-168.0000000 20.0000000 1105.6418457
-168.0000000 25.0000000 1101.4814453
-168.0000000 30.0000000 443.6015625
-168.0000000 35.0000000 210.2236023
-168.0000000 40.0000000 103.4270477
-168.0000000 45.0000000 88.2135849
-168.0000000 50.0000000 124.2709732
-168.0000000 55.0000000 223.3741913
-168.0000000 60.0000000 374.6340942
-168.0000000 65.0000000 422.9393921
-168.0000000 70.0000000 250.3719482
-168.0000000 75.0000000 418.0784607
-168.0000000 80.0000000 521.5980225
-168.0000000 85.0000000 951.4138794
-162.0000000 -85.0000000 381.9329834
-162.0000000 -80.0000000 361.5017700
-162.0000000 -75.0000000 366.3854370
-162.0000000 -70.0000000 132.6541443
-162.0000000 -65.0000000 355.7051697
-162.0000000 -60.0000000 398.9207153
-162.0000000 -55.0000000 104.9133911
-162.0000000 -50.0000000 95.6612854
-162.0000000 -45.0000000 116.6053619
-162.0000000 -40.0000000 20.3346977
-162.0000000 -35.0000000 36.7613373
-162.0000000 -30.0000000 109.7381821
-162.0000000 -25.0000000 68.5404816
-162.0000000 -20.0000000 95.2234192
-162.0000000 -15.0000000 96.4203110
-162.0000000 -10.0000000 29.7679024
-162.0000000 -5.0000000 14.4051571
-162.0000000 0.0000000 29.2425575
-162.0000000 5.0000000 93.4399643
-162.0000000 10.0000000 359.1000061
-162.0000000 15.0000000 808.1270142
-162.0000000 20.0000000 1628.9575195
-162.0000000 25.0000000 1844.0471191
-162.0000000 30.0000000 754.0713501
-162.0000000 35.0000000 238.9166718
-162.0000000 40.0000000 119.2546158
-162.0000000 45.0000000 82.6387787
-162.0000000 50.0000000 104.5417709
-162.0000000 55.0000000 250.9784851
-162.0000000 60.0000000 362.7620544
-162.0000000 65.0000000 403.5957336
-162.0000000 70.0000000 261.0129395
-162.0000000 75.0000000 450.6785278
-162.0000000 80.0000000 539.3966675
-162.0000000 85.0000000 927.3311768
-156.0000000 -85.0000000 438.1018677
-156.0000000 -80.0000000 323.2381287
-156.0000000 -75.0000000 193.7558899
-156.0000000 -70.0000000 90.8455887
-156.0000000 -65.0000000 200.1202545
-156.0000000 -60.0000000 496.7719116
-156.0000000 -55.0000000 144.6369324
-156.0000000 -50.0000000 144.5591278
-156.0000000 -45.0000000 154.3117828
-156.0000000 -40.0000000 21.5584984
-156.0000000 -35.0000000 113.3552704
-156.0000000 -30.0000000 101.8355637
-156.0000000 -25.0000000 44.7001839
-156.0000000 -20.0000000 52.0431099
-156.0000000 -15.0000000 71.6176605
-156.0000000 -10.0000000 50.1198311
-156.0000000 -5.0000000 53.3896408
-156.0000000 0.0000000 115.7186890
-156.0000000 5.0000000 106.0315933
-156.0000000 10.0000000 304.2047424
-156.0000000 15.0000000 817.0555420
-156.0000000 20.0000000 1779.9857178
-156.0000000 25.0000000 2371.2700195
-156.0000000 30.0000000 961.2651367
-156.0000000 35.0000000 348.8689575
-156.0000000 40.0000000 140.2946167
-156.0000000 45.0000000 95.6630554
-156.0000000 50.0000000 93.0812378
-156.0000000 55.0000000 219.1325989
-156.0000000 60.0000000 315.1687012
-156.0000000 65.0000000 377.9764709
-156.0000000 70.0000000 286.9621582
-156.0000000 75.0000000 446.4950256
-156.0000000 80.0000000 514.9464722
-156.0000000 85.0000000 1098.1889648
-150.0000000 -85.0000000 596.5619507
-150.0000000 -80.0000000 291.5469055
-150.0000000 -75.0000000 231.2910919
-150.0000000 -70.0000000 188.6178589
-150.0000000 -65.0000000 199.6437683
-150.0000000 -60.0000000 485.7525330
-150.0000000 -55.0000000 186.3182678
-150.0000000 -50.0000000 208.3504944
-150.0000000 -45.0000000 243.8117371
-150.0000000 -40.0000000 30.9407349
-150.0000000 -35.0000000 95.9608307
-150.0000000 -30.0000000 55.6494064
-150.0000000 -25.0000000 49.2999611
-150.0000000 -20.0000000 119.9028931
-150.0000000 -15.0000000 248.1834412
-150.0000000 -10.0000000 138.0482330
-150.0000000 -5.0000000 108.8881073
-150.0000000 0.0000000 129.8094482
-150.0000000 5.0000000 110.6233063
-150.0000000 10.0000000 265.3766785
-150.0000000 15.0000000 689.2346802
-150.0000000 20.0000000 1349.7562256
-150.0000000 25.0000000 1874.1201172
-150.0000000 30.0000000 933.2683716
-150.0000000 35.0000000 435.6197815
-150.0000000 40.0000000 243.9797058
-150.0000000 45.0000000 140.7846375
-150.0000000 50.0000000 136.3267059
-150.0000000 55.0000000 277.0969849
-150.0000000 60.0000000 331.6546021
-150.0000000 65.0000000 391.7297668
-150.0000000 70.0000000 301.3378601
-150.0000000 75.0000000 439.4016113
-150.0000000 80.0000000 437.4344788
-150.0000000 85.0000000 1042.8187256
-144.0000000 -85.0000000 578.7945557
-144.0000000 -80.0000000 296.2570496
-144.0000000 -75.0000000 261.2229614
-144.0000000 -70.0000000 405.8959351
-144.0000000 -65.0000000 311.9116821
-144.0000000 -60.0000000 491.9005737
-144.0000000 -55.0000000 226.0517883
-144.0000000 -50.0000000 177.3763580
-144.0000000 -45.0000000 278.8461304
-144.0000000 -40.0000000 39.5423851
-144.0000000 -35.0000000 37.5446320
-144.0000000 -30.0000000 31.2189693
-144.0000000 -25.0000000 58.8221664
-144.0000000 -20.0000000 140.1497498
-144.0000000 -15.0000000 210.7757263
-144.0000000 -10.0000000 88.5941925
-144.0000000 -5.0000000 19.9900169
-144.0000000 0.0000000 29.8242855
-144.0000000 5.0000000 78.2493744
-144.0000000 10.0000000 148.2189026
-144.0000000 15.0000000 455.3595581
-144.0000000 20.0000000 1168.5018311
-144.0000000 25.0000000 1757.8726807
-144.0000000 30.0000000 985.6649170
-144.0000000 35.0000000 541.2997437
-144.0000000 40.0000000 244.4833984
-144.0000000 45.0000000 195.0749817
-144.0000000 50.0000000 202.2086182
-144.0000000 55.0000000 288.1325073
-144.0000000 60.0000000 357.8888855
-144.0000000 65.0000000 405.0792236
-144.0000000 70.0000000 273.1848755
-144.0000000 75.0000000 430.3087769
-144.0000000 80.0000000 439.3777771
-144.0000000 85.0000000 1039.7088623
-138.0000000 -85.0000000 480.1148987
-138.0000000 -80.0000000 333.7798767
-138.0000000 -75.0000000 246.7681122
-138.0000000 -70.0000000 303.2406006
-138.0000000 -65.0000000 356.7234192
-138.0000000 -60.0000000 365.8809204
-138.0000000 -55.0000000 202.2111969
-138.0000000 -50.0000000 151.3193207
-138.0000000 -45.0000000 201.6221924
-138.0000000 -40.0000000 56.1269302
-138.0000000 -35.0000000 40.2009926
-138.0000000 -30.0000000 55.3421707
-138.0000000 -25.0000000 90.1108856
-138.0000000 -20.0000000 140.9043274
-138.0000000 -15.0000000 150.1673431
-138.0000000 -10.0000000 93.8172531
-138.0000000 -5.0000000 31.3117409
-138.0000000 0.0000000 89.0334473
-138.0000000 5.0000000 182.4221344
-138.0000000 10.0000000 85.5131226
-138.0000000 15.0000000 364.5297546
-138.0000000 20.0000000 724.0977173
-138.0000000 25.0000000 1125.1413574
-138.0000000 30.0000000 1832.9310303
-138.0000000 35.0000000 1094.2438965
-138.0000000 40.0000000 247.3288574
-138.0000000 45.0000000 174.3755341
-138.0000000 50.0000000 217.9754944
-138.0000000 55.0000000 254.9684143
-138.0000000 60.0000000 357.8212891
-138.0000000 65.0000000 397.3913574
-138.0000000 70.0000000 302.5910034
-138.0000000 75.0000000 570.4755859
-138.0000000 80.0000000 470.0437012
-138.0000000 85.0000000 1127.3317871
-132.0000000 -85.0000000 380.3973694
-132.0000000 -80.0000000 388.6455383
-132.0000000 -75.0000000 338.9574280
-132.0000000 -70.0000000 380.9136963
-132.0000000 -65.0000000 615.8190918
-132.0000000 -60.0000000 380.6082458
-132.0000000 -55.0000000 235.0063934
-132.0000000 -50.0000000 168.0349121
-132.0000000 -45.0000000 112.5444565
-132.0000000 -40.0000000 49.9607353
-132.0000000 -35.0000000 49.3153763
-132.0000000 -30.0000000 75.0639954
-132.0000000 -25.0000000 116.6554184
-132.0000000 -20.0000000 200.1900635
-132.0000000 -15.0000000 349.9096375
-132.0000000 -10.0000000 482.3353577
-132.0000000 -5.0000000 82.8428879
-132.0000000 0.0000000 146.5963745
-132.0000000 5.0000000 226.2238770
-132.0000000 10.0000000 109.5031357
-132.0000000 15.0000000 876.5105591
-132.0000000 20.0000000 1892.9492188
-132.0000000 25.0000000 770.7534790
-132.0000000 30.0000000 860.5865479
-132.0000000 35.0000000 1550.0117188
-132.0000000 40.0000000 287.6994019
-132.0000000 45.0000000 263.4825439
-132.0000000 50.0000000 274.8870239
-132.0000000 55.0000000 251.7862854
-132.0000000 60.0000000 353.9308167
-132.0000000 65.0000000 453.3795776
-132.0000000 70.0000000 331.0335999
-132.0000000 75.0000000 532.4412231
-132.0000000 80.0000000 457.6798706
-132.0000000 85.0000000 1146.0903320
-126.0000000 -85.0000000 357.7047424
-126.0000000 -80.0000000 328.1588440
-126.0000000 -75.0000000 336.2743530
-126.0000000 -70.0000000 292.1765747
-126.0000000 -65.0000000 739.6794434
-126.0000000 -60.0000000 484.2942810
-126.0000000 -55.0000000 283.3664551
-126.0000000 -50.0000000 233.1099091
-126.0000000 -45.0000000 82.1168747
-126.0000000 -40.0000000 50.1440811
-126.0000000 -35.0000000 60.4304581
-126.0000000 -30.0000000 75.7608185
-126.0000000 -25.0000000 91.4150391
-126.0000000 -20.0000000 112.2781219
-126.0000000 -15.0000000 149.6099701
-126.0000000 -10.0000000 130.2936096
-126.0000000 -5.0000000 23.3291969
-126.0000000 0.0000000 137.4993591
-126.0000000 5.0000000 130.7306213
-126.0000000 10.0000000 134.7871399
-126.0000000 15.0000000 1449.8132324
-126.0000000 20.0000000 3980.1953125
-126.0000000 25.0000000 483.1721802
-126.0000000 30.0000000 331.0591125
-126.0000000 35.0000000 1304.3024902
-126.0000000 40.0000000 279.1561890
-126.0000000 45.0000000 244.5013885
-126.0000000 50.0000000 256.8664246
-126.0000000 55.0000000 273.5492554
-126.0000000 60.0000000 356.5681458
-126.0000000 65.0000000 458.4633789
-126.0000000 70.0000000 362.4650269
-126.0000000 75.0000000 389.3576660
-126.0000000 80.0000000 413.8451233
-126.0000000 85.0000000 1063.8907471
-120.0000000 -85.0000000 362.5425110
-120.0000000 -80.0000000 246.7598419
-120.0000000 -75.0000000 272.9980469
-120.0000000 -70.0000000 176.6035767
-120.0000000 -65.0000000 392.0450439
-120.0000000 -60.0000000 291.7455139
-120.0000000 -55.0000000 170.7741089
-120.0000000 -50.0000000 149.2891235
-120.0000000 -45.0000000 73.2376099
-120.0000000 -40.0000000 49.5334511
-120.0000000 -35.0000000 63.9382324
-120.0000000 -30.0000000 87.6654587
-120.0000000 -25.0000000 106.5890121
-120.0000000 -20.0000000 113.4468384
-120.0000000 -15.0000000 195.1809692
-120.0000000 -10.0000000 160.9939728
-120.0000000 -5.0000000 32.4131355
-120.0000000 0.0000000 60.2315178
-120.0000000 5.0000000 176.9780884
-120.0000000 10.0000000 131.4797821
-120.0000000 15.0000000 432.0983887
-120.0000000 20.0000000 905.4130859
-120.0000000 25.0000000 329.3044434
-120.0000000 30.0000000 552.8463745
-120.0000000 35.0000000 805.3841553
-120.0000000 40.0000000 365.4201660
-120.0000000 45.0000000 235.8797302
-120.0000000 50.0000000 179.6308899
-120.0000000 55.0000000 309.5722046
-120.0000000 60.0000000 345.7037354
-120.0000000 65.0000000 415.2835083
-120.0000000 70.0000000 396.6513672
-120.0000000 75.0000000 513.8117676
-120.0000000 80.0000000 396.3841858
-120.0000000 85.0000000 1043.2934570
-114.0000000 -85.0000000 317.6150513
-114.0000000 -80.0000000 239.3813019
-114.0000000 -75.0000000 341.5489197
-114.0000000 -70.0000000 235.1485291
-114.0000000 -65.0000000 509.2367554
-114.0000000 -60.0000000 288.7119446
-114.0000000 -55.0000000 164.7704773
-114.0000000 -50.0000000 131.0938416
-114.0000000 -45.0000000 56.8032722
-114.0000000 -40.0000000 53.3150253
-114.0000000 -35.0000000 95.6649399
-114.0000000 -30.0000000 122.1280975
-114.0000000 -25.0000000 129.1178741
-114.0000000 -20.0000000 83.3632050
-114.0000000 -15.0000000 215.4232483
-114.0000000 -10.0000000 294.0082397
-114.0000000 -5.0000000 74.5423508
-114.0000000 0.0000000 137.2093658
-114.0000000 5.0000000 326.8529968
-114.0000000 10.0000000 277.4863892
-114.0000000 15.0000000 223.3374481
-114.0000000 20.0000000 249.1233215
-114.0000000 25.0000000 332.6751709
-114.0000000 30.0000000 508.7031860
-114.0000000 35.0000000 695.0026855
-114.0000000 40.0000000 853.9063721
-114.0000000 45.0000000 341.5629272
-114.0000000 50.0000000 189.5692139
-114.0000000 55.0000000 491.1991577
-114.0000000 60.0000000 344.6109314
-114.0000000 65.0000000 431.1961060
-114.0000000 70.0000000 466.5589905
-114.0000000 75.0000000 470.3321838
-114.0000000 80.0000000 353.0316772
-114.0000000 85.0000000 1269.9832764
-108.0000000 -85.0000000 296.1152649
-108.0000000 -80.0000000 222.2707825
-108.0000000 -75.0000000 298.1423950
-108.0000000 -70.0000000 176.0767059
-108.0000000 -65.0000000 345.2385254
-108.0000000 -60.0000000 186.6937714
-108.0000000 -55.0000000 109.5820160
-108.0000000 -50.0000000 157.9838715
-108.0000000 -45.0000000 62.2560539
-108.0000000 -40.0000000 59.1592293
-108.0000000 -35.0000000 78.3992538
-108.0000000 -30.0000000 54.1329269
-108.0000000 -25.0000000 45.0417862
-108.0000000 -20.0000000 26.9027004
-108.0000000 -15.0000000 41.2719650
-108.0000000 -10.0000000 60.6724319
-108.0000000 -5.0000000 65.3706894
-108.0000000 0.0000000 188.8852844
-108.0000000 5.0000000 116.7178345
-108.0000000 10.0000000 214.7720184
-108.0000000 15.0000000 335.8508911
-108.0000000 20.0000000 311.6220093
-108.0000000 25.0000000 363.5357056
-108.0000000 30.0000000 255.5113831
-108.0000000 35.0000000 428.8186035
-108.0000000 40.0000000 1047.4412842
-108.0000000 45.0000000 727.1331787
-108.0000000 50.0000000 413.3067322
-108.0000000 55.0000000 983.4370117
-108.0000000 60.0000000 374.5292358
-108.0000000 65.0000000 369.5857849
-108.0000000 70.0000000 511.9182739
-108.0000000 75.0000000 447.0933533
-108.0000000 80.0000000 368.3965454
-108.0000000 85.0000000 1308.9154053
-102.0000000 -85.0000000 353.7059937
-102.0000000 -80.0000000 205.3500214
-102.0000000 -75.0000000 278.3503113
-102.0000000 -70.0000000 149.5966492
-102.0000000 -65.0000000 318.9797363
-102.0000000 -60.0000000 225.6133575
-102.0000000 -55.0000000 130.4657440
-102.0000000 -50.0000000 156.3010864
-102.0000000 -45.0000000 56.0028458
-102.0000000 -40.0000000 38.5039406
-102.0000000 -35.0000000 91.8741608
-102.0000000 -30.0000000 51.1424294
-102.0000000 -25.0000000 39.6155243
-102.0000000 -20.0000000 55.6354065
-102.0000000 -15.0000000 55.6449776
-102.0000000 -10.0000000 27.1721611
-102.0000000 -5.0000000 53.3436508
-102.0000000 0.0000000 62.3424911
-102.0000000 5.0000000 86.4881973
-102.0000000 10.0000000 431.9078979
-102.0000000 15.0000000 158.6500549
-102.0000000 20.0000000 114.1650391
-102.0000000 25.0000000 230.5161133
-102.0000000 30.0000000 158.6472168
-102.0000000 35.0000000 290.0657043
-102.0000000 40.0000000 1194.3605957
-102.0000000 45.0000000 1465.2122803
-102.0000000 50.0000000 911.9026489
-102.0000000 55.0000000 1117.9193115
-102.0000000 60.0000000 394.6939087
-102.0000000 65.0000000 370.1954651
-102.0000000 70.0000000 612.9768066
-102.0000000 75.0000000 477.1464844
-102.0000000 80.0000000 428.1611328
-102.0000000 85.0000000 1424.6838379
-96.0000000 -85.0000000 342.1179199
-96.0000000 -80.0000000 213.4754944
-96.0000000 -75.0000000 326.6425171
-96.0000000 -70.0000000 170.9275208
-96.0000000 -65.0000000 341.5153198
-96.0000000 -60.0000000 335.4092407
-96.0000000 -55.0000000 241.7475128
-96.0000000 -50.0000000 198.9453278
-96.0000000 -45.0000000 70.6069183
-96.0000000 -40.0000000 63.4894180
-96.0000000 -35.0000000 188.3227997
-96.0000000 -30.0000000 112.8045273
-96.0000000 -25.0000000 67.5971146
-96.0000000 -20.0000000 68.0805664
-96.0000000 -15.0000000 135.5451965
-96.0000000 -10.0000000 91.6780396
-96.0000000 -5.0000000 124.0344238
-96.0000000 0.0000000 52.6854439
-96.0000000 5.0000000 82.1733246
-96.0000000 10.0000000 824.7635498
-96.0000000 15.0000000 345.4710083
-96.0000000 20.0000000 83.5057449
-96.0000000 25.0000000 159.3263397
-96.0000000 30.0000000 126.7983170
-96.0000000 35.0000000 252.5500183
-96.0000000 40.0000000 643.0198975
-96.0000000 45.0000000 513.8353271
-96.0000000 50.0000000 642.2859497
-96.0000000 55.0000000 915.3097534
-96.0000000 60.0000000 343.5178833
-96.0000000 65.0000000 413.1545410
-96.0000000 70.0000000 564.3497314
-96.0000000 75.0000000 465.9400330
-96.0000000 80.0000000 425.9987183
-96.0000000 85.0000000 1475.9088135
-90.0000000 -85.0000000 313.2649841
-90.0000000 -80.0000000 264.3917847
-90.0000000 -75.0000000 259.9786987
-90.0000000 -70.0000000 123.3781128
-90.0000000 -65.0000000 205.5375519
-90.0000000 -60.0000000 179.0596619
-90.0000000 -55.0000000 234.6284180
-90.0000000 -50.0000000 243.5240479
-90.0000000 -45.0000000 101.2777939
-90.0000000 -40.0000000 160.5457153
-90.0000000 -35.0000000 84.7879944
-90.0000000 -30.0000000 27.4119377
-90.0000000 -25.0000000 20.6802902
-90.0000000 -20.0000000 38.3732796
-90.0000000 -15.0000000 61.6847229
-90.0000000 -10.0000000 35.5546112
-90.0000000 -5.0000000 79.0549164
-90.0000000 0.0000000 81.2656174
-90.0000000 5.0000000 43.8859825
-90.0000000 10.0000000 107.5838623
-90.0000000 15.0000000 129.0859222
-90.0000000 20.0000000 71.9504089
-90.0000000 25.0000000 194.1189575
-90.0000000 30.0000000 187.4584045
-90.0000000 35.0000000 283.1227417
-90.0000000 40.0000000 302.7256165
-90.0000000 45.0000000 183.3283691
-90.0000000 50.0000000 325.6407776
-90.0000000 55.0000000 662.0768433
-90.0000000 60.0000000 362.3002930
-90.0000000 65.0000000 450.0715942
-90.0000000 70.0000000 529.7017822
-90.0000000 75.0000000 528.6926880
-90.0000000 80.0000000 376.7717896
-90.0000000 85.0000000 1420.2730713
-84.0000000 -85.0000000 311.4387817
-84.0000000 -80.0000000 361.4649963
-84.0000000 -75.0000000 363.5363464
-84.0000000 -70.0000000 165.1313782
-84.0000000 -65.0000000 284.7024231
-84.0000000 -60.0000000 189.8310089
-84.0000000 -55.0000000 214.4797058
-84.0000000 -50.0000000 128.2657166
-84.0000000 -45.0000000 69.0326080
-84.0000000 -40.0000000 156.9832764
-84.0000000 -35.0000000 33.9232903
-84.0000000 -30.0000000 9.3760347
-84.0000000 -25.0000000 10.0581074
-84.0000000 -20.0000000 45.0304794
-84.0000000 -15.0000000 49.6703529
-84.0000000 -10.0000000 10.6722736
-84.0000000 -5.0000000 25.9165802
-84.0000000 0.0000000 38.9662819
-84.0000000 5.0000000 59.1845894
-84.0000000 10.0000000 156.6342926
-84.0000000 15.0000000 151.5653076
-84.0000000 20.0000000 82.8688354
-84.0000000 25.0000000 101.1664124
-84.0000000 30.0000000 178.6669464
-84.0000000 35.0000000 321.4323120
-84.0000000 40.0000000 464.9860229
-84.0000000 45.0000000 276.9975281
-84.0000000 50.0000000 269.0961304
-84.0000000 55.0000000 398.3246460
-84.0000000 60.0000000 353.9867249
-84.0000000 65.0000000 442.5613403
-84.0000000 70.0000000 522.1254883
-84.0000000 75.0000000 578.1504517
-84.0000000 80.0000000 351.4491577
-84.0000000 85.0000000 1434.8934326
-78.0000000 -85.0000000 322.5736694
-78.0000000 -80.0000000 372.8091125
-78.0000000 -75.0000000 423.5923462
-78.0000000 -70.0000000 160.9879456
-78.0000000 -65.0000000 243.3872528
-78.0000000 -60.0000000 119.8423233
-78.0000000 -55.0000000 118.4216919
-78.0000000 -50.0000000 75.6578140
-78.0000000 -45.0000000 59.7945786
-78.0000000 -40.0000000 94.5334396
-78.0000000 -35.0000000 27.6512337
-78.0000000 -30.0000000 7.6274986
-78.0000000 -25.0000000 5.2960420
-78.0000000 -20.0000000 30.2348537
-78.0000000 -15.0000000 35.8312187
-78.0000000 -10.0000000 11.0126219
-78.0000000 -5.0000000 79.2451630
-78.0000000 0.0000000 72.0464478
-78.0000000 5.0000000 45.0165749
-78.0000000 10.0000000 224.2498016
-78.0000000 15.0000000 177.4234924
-78.0000000 20.0000000 102.9574203
-78.0000000 25.0000000 68.0361938
-78.0000000 30.0000000 138.9826508
-78.0000000 35.0000000 211.9045715
-78.0000000 40.0000000 395.8049011
-78.0000000 45.0000000 433.0773926
-78.0000000 50.0000000 241.4818878
-78.0000000 55.0000000 250.1963348
-78.0000000 60.0000000 401.9822388
-78.0000000 65.0000000 384.8089600
-78.0000000 70.0000000 425.6770020
-78.0000000 75.0000000 524.1149902
-78.0000000 80.0000000 329.1740417
-78.0000000 85.0000000 1527.9060059
-72.0000000 -85.0000000 332.6271973
-72.0000000 -80.0000000 271.5880432
-72.0000000 -75.0000000 310.3432922
-72.0000000 -70.0000000 127.2219849
-72.0000000 -65.0000000 193.4707184
-72.0000000 -60.0000000 79.9060822
-72.0000000 -55.0000000 79.3103790
-72.0000000 -50.0000000 153.6289520
-72.0000000 -45.0000000 116.1322174
-72.0000000 -40.0000000 83.5579376
-72.0000000 -35.0000000 33.0168991
-72.0000000 -30.0000000 14.1494188
-72.0000000 -25.0000000 3.5008073
-72.0000000 -20.0000000 23.1134720
-72.0000000 -15.0000000 18.9629993
-72.0000000 -10.0000000 8.1595316
-72.0000000 -5.0000000 49.4753723
-72.0000000 0.0000000 117.8288574
-72.0000000 5.0000000 51.3039436
-72.0000000 10.0000000 105.1361237
-72.0000000 15.0000000 112.2507172
-72.0000000 20.0000000 93.4869919
-72.0000000 25.0000000 94.4505692
-72.0000000 30.0000000 187.1517029
-72.0000000 35.0000000 265.7080383
-72.0000000 40.0000000 554.9595337
-72.0000000 45.0000000 583.7126465
-72.0000000 50.0000000 189.0967865
-72.0000000 55.0000000 191.7749634
-72.0000000 60.0000000 530.0741577
-72.0000000 65.0000000 308.2531738
-72.0000000 70.0000000 427.5818787
-72.0000000 75.0000000 455.9409180
-72.0000000 80.0000000 333.8081665
-72.0000000 85.0000000 1625.9543457
-66.0000000 -85.0000000 432.6870728
-66.0000000 -80.0000000 245.2522888
-66.0000000 -75.0000000 516.7195435
-66.0000000 -70.0000000 193.4238739
-66.0000000 -65.0000000 213.0934601
-66.0000000 -60.0000000 145.6284485
-66.0000000 -55.0000000 137.1149597
-66.0000000 -50.0000000 157.3345337
-66.0000000 -45.0000000 96.6473923
-66.0000000 -40.0000000 48.1997566
-66.0000000 -35.0000000 21.2475758
-66.0000000 -30.0000000 15.4208736
-66.0000000 -25.0000000 5.0797329
-66.0000000 -20.0000000 16.4790649
-66.0000000 -15.0000000 7.8562307
-66.0000000 -10.0000000 8.0790329
-66.0000000 -5.0000000 14.0746861
-66.0000000 0.0000000 164.5551605
-66.0000000 5.0000000 122.1215210
-66.0000000 10.0000000 222.4841766
-66.0000000 15.0000000 243.6712341
-66.0000000 20.0000000 116.4928207
-66.0000000 25.0000000 101.4384918
-66.0000000 30.0000000 147.9321136
-66.0000000 35.0000000 367.7462769
-66.0000000 40.0000000 739.1336670
-66.0000000 45.0000000 670.8453369
-66.0000000 50.0000000 258.8081665
-66.0000000 55.0000000 240.7092285
-66.0000000 60.0000000 490.9740601
-66.0000000 65.0000000 297.6063843
-66.0000000 70.0000000 398.0105591
-66.0000000 75.0000000 458.3231506
-66.0000000 80.0000000 374.3752747
-66.0000000 85.0000000 1290.6912842
-60.0000000 -85.0000000 336.7973633
-60.0000000 -80.0000000 203.5531464
-60.0000000 -75.0000000 307.1486206
-60.0000000 -70.0000000 148.6977234
-60.0000000 -65.0000000 144.8196564
-60.0000000 -60.0000000 143.0390472
-60.0000000 -55.0000000 112.6152573
-60.0000000 -50.0000000 45.4419785
-60.0000000 -45.0000000 39.1709518
-60.0000000 -40.0000000 24.6993141
-60.0000000 -35.0000000 14.3776093
-60.0000000 -30.0000000 12.1199780
-60.0000000 -25.0000000 8.4688063
-60.0000000 -20.0000000 31.8470860
-60.0000000 -15.0000000 9.8994427
-60.0000000 -10.0000000 64.4637070
-60.0000000 -5.0000000 127.0060806
-60.0000000 0.0000000 72.3396606
-60.0000000 5.0000000 95.3646851
-60.0000000 10.0000000 158.3245392
-60.0000000 15.0000000 211.4287872
-60.0000000 20.0000000 166.4313660
-60.0000000 25.0000000 120.1800919
-60.0000000 30.0000000 138.0857849
-60.0000000 35.0000000 363.5192566
-60.0000000 40.0000000 687.6058350
-60.0000000 45.0000000 779.8594360
-60.0000000 50.0000000 565.5574341
-60.0000000 55.0000000 356.8565063
-60.0000000 60.0000000 439.0523987
-60.0000000 65.0000000 324.2535095
-60.0000000 70.0000000 299.7571411
-60.0000000 75.0000000 457.6189880
-60.0000000 80.0000000 436.7911682
-60.0000000 85.0000000 1309.7089844
-54.0000000 -85.0000000 339.8656616
-54.0000000 -80.0000000 180.1174316
-54.0000000 -75.0000000 211.6186066
-54.0000000 -70.0000000 144.1642456
-54.0000000 -65.0000000 204.0566101
-54.0000000 -60.0000000 190.2508850
-54.0000000 -55.0000000 95.7658310
-54.0000000 -50.0000000 35.0551567
-54.0000000 -45.0000000 31.3942528
-54.0000000 -40.0000000 28.3166866
-54.0000000 -35.0000000 17.0809841
-54.0000000 -30.0000000 9.0109882
-54.0000000 -25.0000000 39.1427078
-54.0000000 -20.0000000 88.6351166
-54.0000000 -15.0000000 10.8623352
-54.0000000 -10.0000000 115.6618042
-54.0000000 -5.0000000 93.7364960
-54.0000000 0.0000000 31.8878422
-54.0000000 5.0000000 166.6791992
-54.0000000 10.0000000 215.2831268
-54.0000000 15.0000000 217.9425049
-54.0000000 20.0000000 282.3993835
-54.0000000 25.0000000 123.6582413
-54.0000000 30.0000000 177.3794556
-54.0000000 35.0000000 764.3884277
-54.0000000 40.0000000 888.5396729
-54.0000000 45.0000000 727.1901245
-54.0000000 50.0000000 435.3638306
-54.0000000 55.0000000 250.5069275
-54.0000000 60.0000000 328.5853882
-54.0000000 65.0000000 295.1794434
-54.0000000 70.0000000 267.4092407
-54.0000000 75.0000000 396.4271240
-54.0000000 80.0000000 378.5472412
-54.0000000 85.0000000 1341.7947998
-48.0000000 -85.0000000 590.2757568
-48.0000000 -80.0000000 188.4419861
-48.0000000 -75.0000000 383.0315552
-48.0000000 -70.0000000 213.6643066
-48.0000000 -65.0000000 185.4351501
-48.0000000 -60.0000000 182.6516266
-48.0000000 -55.0000000 104.3700104
-48.0000000 -50.0000000 41.3340683
-48.0000000 -45.0000000 83.7185211
-48.0000000 -40.0000000 38.5231895
-48.0000000 -35.0000000 16.2824097
-48.0000000 -30.0000000 6.0150638
-48.0000000 -25.0000000 26.8909359
-48.0000000 -20.0000000 48.6103973
-48.0000000 -15.0000000 9.6488981
-48.0000000 -10.0000000 17.0588303
-48.0000000 -5.0000000 39.3894119
-48.0000000 0.0000000 44.5766106
-48.0000000 5.0000000 300.8483887
-48.0000000 10.0000000 506.2645874
-48.0000000 15.0000000 418.1260376
-48.0000000 20.0000000 375.8375854
-48.0000000 25.0000000 135.9190063
-48.0000000 30.0000000 126.9324951
-48.0000000 35.0000000 384.2328491
-48.0000000 40.0000000 607.0446777
-48.0000000 45.0000000 469.3773499
-48.0000000 50.0000000 243.1399384
-48.0000000 55.0000000 182.5680695
-48.0000000 60.0000000 282.0352173
-48.0000000 65.0000000 248.2560577
-48.0000000 70.0000000 287.8412476
-48.0000000 75.0000000 444.4027710
-48.0000000 80.0000000 348.7696533
-48.0000000 85.0000000 1424.3269043
-42.0000000 -85.0000000 475.6898499
-42.0000000 -80.0000000 169.2709503
-42.0000000 -75.0000000 264.6169739
-42.0000000 -70.0000000 170.8266907
-42.0000000 -65.0000000 159.5672302
-42.0000000 -60.0000000 127.2746201
-42.0000000 -55.0000000 70.7198639
-42.0000000 -50.0000000 48.4642410
-42.0000000 -45.0000000 85.8245392
-42.0000000 -40.0000000 56.6502876
-42.0000000 -35.0000000 23.5150108
-42.0000000 -30.0000000 6.0317607
-42.0000000 -25.0000000 16.2218456
-42.0000000 -20.0000000 22.1921654
-42.0000000 -15.0000000 8.8952484
-42.0000000 -10.0000000 15.1847715
-42.0000000 -5.0000000 138.6375427
-42.0000000 0.0000000 74.6318588
-42.0000000 5.0000000 219.6550751
-42.0000000 10.0000000 520.1104126
-42.0000000 15.0000000 451.5350647
-42.0000000 20.0000000 313.0883179
-42.0000000 25.0000000 185.5900574
-42.0000000 30.0000000 103.1507416
-42.0000000 35.0000000 139.1189880
-42.0000000 40.0000000 265.2390747
-42.0000000 45.0000000 241.7629852
-42.0000000 50.0000000 216.6233673
-42.0000000 55.0000000 220.0697937
-42.0000000 60.0000000 280.3341064
-42.0000000 65.0000000 233.0964355
-42.0000000 70.0000000 279.8034973
-42.0000000 75.0000000 429.5935974
-42.0000000 80.0000000 327.2680054
-42.0000000 85.0000000 1625.8037109
-36.0000000 -85.0000000 402.6093140
-36.0000000 -80.0000000 173.2141876
-36.0000000 -75.0000000 327.8325806
-36.0000000 -70.0000000 272.9429016
-36.0000000 -65.0000000 274.8652039
-36.0000000 -60.0000000 173.2529602
-36.0000000 -55.0000000 68.1227951
-36.0000000 -50.0000000 29.0939980
-36.0000000 -45.0000000 45.8273430
-36.0000000 -40.0000000 40.5744514
-36.0000000 -35.0000000 27.1965485
-36.0000000 -30.0000000 6.2531252
-36.0000000 -25.0000000 30.5226326
-36.0000000 -20.0000000 122.3090820
-36.0000000 -15.0000000 11.4440870
-36.0000000 -10.0000000 18.6724281
-36.0000000 -5.0000000 238.9508514
-36.0000000 0.0000000 146.8067322
-36.0000000 5.0000000 240.9553680
-36.0000000 10.0000000 484.5598145
-36.0000000 15.0000000 493.9540405
-36.0000000 20.0000000 354.3435974
-36.0000000 25.0000000 256.0312805
-36.0000000 30.0000000 115.7663345
-36.0000000 35.0000000 162.3057251
-36.0000000 40.0000000 214.8421326
-36.0000000 45.0000000 213.2610321
-36.0000000 50.0000000 178.1958618
-36.0000000 55.0000000 199.1640320
-36.0000000 60.0000000 261.8877563
-36.0000000 65.0000000 252.8480225
-36.0000000 70.0000000 264.8323364
-36.0000000 75.0000000 454.8732910
-36.0000000 80.0000000 388.6371765
-36.0000000 85.0000000 1509.4882812
-30.0000000 -85.0000000 506.4805298
-30.0000000 -80.0000000 177.9227753
-30.0000000 -75.0000000 451.6343384
-30.0000000 -70.0000000 537.5468140
-30.0000000 -65.0000000 359.1123962
-30.0000000 -60.0000000 203.5237122
-30.0000000 -55.0000000 96.6977539
-30.0000000 -50.0000000 38.3503380
-30.0000000 -45.0000000 41.9801407
-30.0000000 -40.0000000 44.6911926
-30.0000000 -35.0000000 16.5664177
-30.0000000 -30.0000000 5.7186952
-30.0000000 -25.0000000 13.6862288
-30.0000000 -20.0000000 42.9102173
-30.0000000 -15.0000000 15.6265306
-30.0000000 -10.0000000 11.2227707
-30.0000000 -5.0000000 58.3016052
-30.0000000 0.0000000 101.0717468
-30.0000000 5.0000000 140.0089722
-30.0000000 10.0000000 330.3085632
-30.0000000 15.0000000 469.4578247
-30.0000000 20.0000000 396.4633789
-30.0000000 25.0000000 281.0458984
-30.0000000 30.0000000 202.4035187
-30.0000000 35.0000000 122.7584000
-30.0000000 40.0000000 150.3487701
-30.0000000 45.0000000 167.4709930
-30.0000000 50.0000000 170.0470581
-30.0000000 55.0000000 195.6172791
-30.0000000 60.0000000 261.9506226
-30.0000000 65.0000000 309.4905090
-30.0000000 70.0000000 213.6118622
-30.0000000 75.0000000 404.0691223
-30.0000000 80.0000000 456.8986206
-30.0000000 85.0000000 1403.0844727
-24.0000000 -85.0000000 547.6292114
-24.0000000 -80.0000000 171.2478638
-24.0000000 -75.0000000 348.7895203
-24.0000000 -70.0000000 418.8188477
-24.0000000 -65.0000000 275.3320618
-24.0000000 -60.0000000 175.7172699
-24.0000000 -55.0000000 110.2987213
-24.0000000 -50.0000000 68.2153778
-24.0000000 -45.0000000 83.2433090
-24.0000000 -40.0000000 48.7644310
-24.0000000 -35.0000000 15.1654911
-24.0000000 -30.0000000 9.8474550
-24.0000000 -25.0000000 6.8178968
-24.0000000 -20.0000000 9.3140535
-24.0000000 -15.0000000 12.6158428
-24.0000000 -10.0000000 14.5680265
-24.0000000 -5.0000000 88.7096863
-24.0000000 0.0000000 179.1788635
-24.0000000 5.0000000 173.2785950
-24.0000000 10.0000000 324.2209473
-24.0000000 15.0000000 487.6228638
-24.0000000 20.0000000 356.8740845
-24.0000000 25.0000000 281.1121216
-24.0000000 30.0000000 301.1198730
-24.0000000 35.0000000 164.2567444
-24.0000000 40.0000000 131.3040161
-24.0000000 45.0000000 99.3135529
-24.0000000 50.0000000 123.9448013
-24.0000000 55.0000000 169.6417542
-24.0000000 60.0000000 209.6579285
-24.0000000 65.0000000 331.3201904
-24.0000000 70.0000000 255.6524658
-24.0000000 75.0000000 408.2721863
-24.0000000 80.0000000 471.6813965
-24.0000000 85.0000000 1208.7755127
-18.0000000 -85.0000000 460.7513733
-18.0000000 -80.0000000 176.5930481
-18.0000000 -75.0000000 431.4055786
-18.0000000 -70.0000000 573.9678955
-18.0000000 -65.0000000 396.2480469
-18.0000000 -60.0000000 240.2989502
-18.0000000 -55.0000000 119.9192963
-18.0000000 -50.0000000 80.3072891
-18.0000000 -45.0000000 102.9250259
-18.0000000 -40.0000000 46.5960617
-18.0000000 -35.0000000 21.9260426
-18.0000000 -30.0000000 13.6330843
-18.0000000 -25.0000000 6.7088232
-18.0000000 -20.0000000 10.9689016
-18.0000000 -15.0000000 17.5522671
-18.0000000 -10.0000000 30.2738762
-18.0000000 -5.0000000 122.9946442
-18.0000000 0.0000000 222.3735046
-18.0000000 5.0000000 236.9680939
-18.0000000 10.0000000 345.9055786
-18.0000000 15.0000000 472.0768127
-18.0000000 20.0000000 329.5277405
-18.0000000 25.0000000 296.1500854
-18.0000000 30.0000000 346.4139404
-18.0000000 35.0000000 219.8051300
-18.0000000 40.0000000 127.3466415
-18.0000000 45.0000000 80.6758575
-18.0000000 50.0000000 107.1771469
-18.0000000 55.0000000 142.7400818
-18.0000000 60.0000000 162.6497345
-18.0000000 65.0000000 348.7334595
-18.0000000 70.0000000 322.5017090
-18.0000000 75.0000000 466.5253296
-18.0000000 80.0000000 543.4633789
-18.0000000 85.0000000 1215.6243896
-12.0000000 -85.0000000 531.5575562
-12.0000000 -80.0000000 173.8516541
-12.0000000 -75.0000000 474.0188599
-12.0000000 -70.0000000 667.7181396
-12.0000000 -65.0000000 604.8171387
-12.0000000 -60.0000000 385.5926819
-12.0000000 -55.0000000 78.8118744
-12.0000000 -50.0000000 55.8973923
-12.0000000 -45.0000000 73.4401627
-12.0000000 -40.0000000 39.1350632
-12.0000000 -35.0000000 22.5605583
-12.0000000 -30.0000000 13.2321138
-12.0000000 -25.0000000 10.3568649
-12.0000000 -20.0000000 12.1443644
-12.0000000 -15.0000000 14.7306232
-12.0000000 -10.0000000 29.0221825
-12.0000000 -5.0000000 68.8737411
-12.0000000 0.0000000 90.1545486
-12.0000000 5.0000000 160.9542694
-12.0000000 10.0000000 303.8586121
-12.0000000 15.0000000 434.0566406
-12.0000000 20.0000000 454.8219299
-12.0000000 25.0000000 304.7924805
-12.0000000 30.0000000 311.8972168
-12.0000000 35.0000000 275.2780457
-12.0000000 40.0000000 144.1893463
-12.0000000 45.0000000 93.7002411
-12.0000000 50.0000000 134.2021332
-12.0000000 55.0000000 166.9309998
-12.0000000 60.0000000 172.1181946
-12.0000000 65.0000000 343.5025940
-12.0000000 70.0000000 311.7271118
-12.0000000 75.0000000 483.4076233
-12.0000000 80.0000000 563.5513916
-12.0000000 85.0000000 1191.2896729
-6.0000000 -85.0000000 560.8337402
-6.0000000 -80.0000000 177.8648987
-6.0000000 -75.0000000 355.8523560
-6.0000000 -70.0000000 448.5699158
-6.0000000 -65.0000000 437.6783142
-6.0000000 -60.0000000 393.8720703
-6.0000000 -55.0000000 119.3174057
-6.0000000 -50.0000000 81.4168549
-6.0000000 -45.0000000 95.0374832
-6.0000000 -40.0000000 49.3781433
-6.0000000 -35.0000000 30.3397579
-6.0000000 -30.0000000 18.6987801
-6.0000000 -25.0000000 9.0744734
-6.0000000 -20.0000000 12.5334759
-6.0000000 -15.0000000 13.3449221
-6.0000000 -10.0000000 47.9552231
-6.0000000 -5.0000000 95.6792984
-6.0000000 0.0000000 133.6448669
-6.0000000 5.0000000 170.8586731
-6.0000000 10.0000000 224.8687744
-6.0000000 15.0000000 271.2308655
-6.0000000 20.0000000 414.0685425
-6.0000000 25.0000000 443.0252075
-6.0000000 30.0000000 451.1126404
-6.0000000 35.0000000 402.0350952
-6.0000000 40.0000000 232.4524231
-6.0000000 45.0000000 118.7947769
-6.0000000 50.0000000 167.7313232
-6.0000000 55.0000000 187.9913635
-6.0000000 60.0000000 209.6603241
-6.0000000 65.0000000 354.2183228
-6.0000000 70.0000000 299.2149658
-6.0000000 75.0000000 513.9766235
-6.0000000 80.0000000 682.7633057
-6.0000000 85.0000000 1245.9055176
0.0000000 -85.0000000 744.5379639
0.0000000 -80.0000000 201.9485779
0.0000000 -75.0000000 321.1840820
0.0000000 -70.0000000 379.2184448
0.0000000 -65.0000000 387.3861084
0.0000000 -60.0000000 509.0802307
0.0000000 -55.0000000 256.1455688
0.0000000 -50.0000000 109.4307251
0.0000000 -45.0000000 106.7215576
0.0000000 -40.0000000 35.4519615
0.0000000 -35.0000000 27.7503548
0.0000000 -30.0000000 27.6464329
0.0000000 -25.0000000 13.6588058
0.0000000 -20.0000000 13.2614841
0.0000000 -15.0000000 23.5901203
0.0000000 -10.0000000 53.6935349
0.0000000 -5.0000000 99.3648224
0.0000000 0.0000000 135.9479828
0.0000000 5.0000000 221.5407715
0.0000000 10.0000000 192.8591461
0.0000000 15.0000000 219.5197449
0.0000000 20.0000000 304.4562378
0.0000000 25.0000000 364.4747009
0.0000000 30.0000000 506.3904419
0.0000000 35.0000000 640.8732300
0.0000000 40.0000000 344.6795654
0.0000000 45.0000000 155.4700470
0.0000000 50.0000000 179.0924072
0.0000000 55.0000000 235.5158997
0.0000000 60.0000000 229.3772430
0.0000000 65.0000000 478.4681091
0.0000000 70.0000000 322.7023315
0.0000000 75.0000000 493.4846802
0.0000000 80.0000000 816.9558716
0.0000000 85.0000000 1381.5590820
6.0000000 -85.0000000 492.5357971
6.0000000 -80.0000000 190.5929260
6.0000000 -75.0000000 282.1672974
6.0000000 -70.0000000 314.9075317
6.0000000 -65.0000000 349.7511902
6.0000000 -60.0000000 442.0361328
6.0000000 -55.0000000 286.0501099
6.0000000 -50.0000000 104.3544083
6.0000000 -45.0000000 60.2640800
6.0000000 -40.0000000 25.0494270
6.0000000 -35.0000000 17.4955063
6.0000000 -30.0000000 29.5422478
6.0000000 -25.0000000 19.3990479
6.0000000 -20.0000000 18.4912319
6.0000000 -15.0000000 43.8960648
6.0000000 -10.0000000 79.1685333
6.0000000 -5.0000000 94.5772476
6.0000000 0.0000000 128.7152405
6.0000000 5.0000000 236.0630798
6.0000000 10.0000000 252.1436768
6.0000000 15.0000000 194.7362213
6.0000000 20.0000000 211.8421326
6.0000000 25.0000000 243.5585175
6.0000000 30.0000000 456.7640076
6.0000000 35.0000000 1046.0858154
6.0000000 40.0000000 449.0228577
6.0000000 45.0000000 181.0881653
6.0000000 50.0000000 202.8687897
6.0000000 55.0000000 235.5229797
6.0000000 60.0000000 280.5820007
6.0000000 65.0000000 446.4550781
6.0000000 70.0000000 333.0294189
6.0000000 75.0000000 504.7035522
6.0000000 80.0000000 793.8479614
6.0000000 85.0000000 1320.1390381
12.0000000 -85.0000000 456.5398865
12.0000000 -80.0000000 246.6880341
12.0000000 -75.0000000 335.4596558
12.0000000 -70.0000000 268.1372986
12.0000000 -65.0000000 314.6076660
12.0000000 -60.0000000 341.7990723
12.0000000 -55.0000000 242.8551025
12.0000000 -50.0000000 139.0012665
12.0000000 -45.0000000 55.2981453
12.0000000 -40.0000000 24.0957375
12.0000000 -35.0000000 19.1435699
12.0000000 -30.0000000 24.8623753
12.0000000 -25.0000000 22.2446785
12.0000000 -20.0000000 29.4781342
12.0000000 -15.0000000 58.2837524
12.0000000 -10.0000000 102.5109634
12.0000000 -5.0000000 139.2910156
12.0000000 0.0000000 206.9832001
12.0000000 5.0000000 310.1374512
12.0000000 10.0000000 272.0283203
12.0000000 15.0000000 185.0586548
12.0000000 20.0000000 139.5993958
12.0000000 25.0000000 129.8078918
12.0000000 30.0000000 398.6773682
12.0000000 35.0000000 1077.8220215
12.0000000 40.0000000 434.6987915
12.0000000 45.0000000 192.4979401
12.0000000 50.0000000 224.5297394
12.0000000 55.0000000 312.5854797
12.0000000 60.0000000 288.1348267
12.0000000 65.0000000 440.9147949
12.0000000 70.0000000 398.1102600
12.0000000 75.0000000 556.6372070
12.0000000 80.0000000 837.4384766
12.0000000 85.0000000 1297.1302490
18.0000000 -85.0000000 499.6005859
18.0000000 -80.0000000 363.1399536
18.0000000 -75.0000000 423.8873596
18.0000000 -70.0000000 284.9828491
18.0000000 -65.0000000 314.1019897
18.0000000 -60.0000000 345.9127197
18.0000000 -55.0000000 237.2071533
18.0000000 -50.0000000 165.0896606
18.0000000 -45.0000000 60.7271614
18.0000000 -40.0000000 38.4424362
18.0000000 -35.0000000 24.5230446
18.0000000 -30.0000000 21.3685417
18.0000000 -25.0000000 31.9832001
18.0000000 -20.0000000 48.4164505
18.0000000 -15.0000000 81.4612885
18.0000000 -10.0000000 153.9181061
18.0000000 -5.0000000 176.2229004
18.0000000 0.0000000 269.2893372
18.0000000 5.0000000 408.8344116
18.0000000 10.0000000 258.7012939
18.0000000 15.0000000 169.7223816
18.0000000 20.0000000 111.5307846
18.0000000 25.0000000 123.1751938
18.0000000 30.0000000 375.9545593
18.0000000 35.0000000 1202.1766357
18.0000000 40.0000000 505.8899536
18.0000000 45.0000000 204.9895477
18.0000000 50.0000000 242.6748505
18.0000000 55.0000000 279.4289856
18.0000000 60.0000000 282.4715576
18.0000000 65.0000000 539.4447021
18.0000000 70.0000000 345.4327393
18.0000000 75.0000000 512.0571289
18.0000000 80.0000000 822.3655396
18.0000000 85.0000000 1279.2480469
24.0000000 -85.0000000 494.1279297
24.0000000 -80.0000000 257.0527954
24.0000000 -75.0000000 316.3341675
24.0000000 -70.0000000 218.9083557
24.0000000 -65.0000000 253.5076141
24.0000000 -60.0000000 286.0661011
24.0000000 -55.0000000 197.3825989
24.0000000 -50.0000000 115.7759628
24.0000000 -45.0000000 34.0618515
24.0000000 -40.0000000 28.0064354
24.0000000 -35.0000000 27.4489231
24.0000000 -30.0000000 26.8438358
24.0000000 -25.0000000 54.6730156
24.0000000 -20.0000000 80.8988419
24.0000000 -15.0000000 122.5127716
24.0000000 -10.0000000 256.5644531
24.0000000 -5.0000000 267.2882690
24.0000000 0.0000000 225.4845276
24.0000000 5.0000000 305.5953064
24.0000000 10.0000000 236.7496643
24.0000000 15.0000000 137.3045502
24.0000000 20.0000000 130.8443909
24.0000000 25.0000000 204.5467682
24.0000000 30.0000000 614.4199219
24.0000000 35.0000000 1082.1562500
24.0000000 40.0000000 398.1388855
24.0000000 45.0000000 201.0407715
24.0000000 50.0000000 219.9180145
24.0000000 55.0000000 256.1109619
24.0000000 60.0000000 281.9391479
24.0000000 65.0000000 547.7807617
24.0000000 70.0000000 351.8837280
24.0000000 75.0000000 534.9885864
24.0000000 80.0000000 828.9347534
24.0000000 85.0000000 1240.1013184
30.0000000 -85.0000000 725.7547607
30.0000000 -80.0000000 214.0615540
30.0000000 -75.0000000 283.5012817
30.0000000 -70.0000000 238.4211121
30.0000000 -65.0000000 283.0092163
30.0000000 -60.0000000 269.9575195
30.0000000 -55.0000000 216.1369324
30.0000000 -50.0000000 145.4437256
30.0000000 -45.0000000 80.5440903
30.0000000 -40.0000000 96.9443054
30.0000000 -35.0000000 54.1976242
30.0000000 -30.0000000 26.1768551
30.0000000 -25.0000000 43.3877831
30.0000000 -20.0000000 88.3199081
30.0000000 -15.0000000 127.6253433
30.0000000 -10.0000000 243.5257111
30.0000000 -5.0000000 411.9666443
30.0000000 0.0000000 300.1076660
30.0000000 5.0000000 329.8296814
30.0000000 10.0000000 444.6293945
30.0000000 15.0000000 257.8204651
30.0000000 20.0000000 195.7501984
30.0000000 25.0000000 284.2102661
30.0000000 30.0000000 761.2390747
30.0000000 35.0000000 1177.1602783
30.0000000 40.0000000 347.1380920
30.0000000 45.0000000 214.1607971
30.0000000 50.0000000 302.1800232
30.0000000 55.0000000 289.3645630
30.0000000 60.0000000 245.0130310
30.0000000 65.0000000 464.5731506
30.0000000 70.0000000 343.8084412
30.0000000 75.0000000 502.6708374
30.0000000 80.0000000 763.9572754
30.0000000 85.0000000 1203.7822266
36.0000000 -85.0000000 669.1080322
36.0000000 -80.0000000 165.6367188
36.0000000 -75.0000000 301.1660156
36.0000000 -70.0000000 231.9950409
36.0000000 -65.0000000 273.8099976
36.0000000 -60.0000000 264.2570190
36.0000000 -55.0000000 198.4887543
36.0000000 -50.0000000 94.9614182
36.0000000 -45.0000000 54.2297783
36.0000000 -40.0000000 90.2221298
36.0000000 -35.0000000 64.8247375
36.0000000 -30.0000000 20.1707439
36.0000000 -25.0000000 33.1779785
36.0000000 -20.0000000 104.8336639
36.0000000 -15.0000000 147.3404236
36.0000000 -10.0000000 194.2724762
36.0000000 -5.0000000 360.3028870
36.0000000 0.0000000 306.2063904
36.0000000 5.0000000 270.8337708
36.0000000 10.0000000 352.9020996
36.0000000 15.0000000 181.2471619
36.0000000 20.0000000 142.2989502
36.0000000 25.0000000 202.5904846
36.0000000 30.0000000 639.2626343
36.0000000 35.0000000 1294.2929688
36.0000000 40.0000000 542.6974487
36.0000000 45.0000000 211.0232391
36.0000000 50.0000000 221.8713684
36.0000000 55.0000000 274.8628540
36.0000000 60.0000000 233.3844299
36.0000000 65.0000000 374.9522095
36.0000000 70.0000000 313.1576538
36.0000000 75.0000000 471.2057495
36.0000000 80.0000000 675.5344849
36.0000000 85.0000000 1221.7143555
42.0000000 -85.0000000 426.5498962
42.0000000 -80.0000000 146.7226868
42.0000000 -75.0000000 352.6918335
42.0000000 -70.0000000 164.5633392
42.0000000 -65.0000000 209.7355499
42.0000000 -60.0000000 257.2763062
42.0000000 -55.0000000 95.8018112
42.0000000 -50.0000000 36.1060677
42.0000000 -45.0000000 39.7293854
42.0000000 -40.0000000 42.5916214
42.0000000 -35.0000000 23.9235477
42.0000000 -30.0000000 14.7003117
42.0000000 -25.0000000 31.8027382
42.0000000 -20.0000000 82.2862091
42.0000000 -15.0000000 111.1817780
42.0000000 -10.0000000 125.6814728
42.0000000 -5.0000000 158.1096954
42.0000000 0.0000000 109.7104111
42.0000000 5.0000000 139.8710327
42.0000000 10.0000000 181.4983215
42.0000000 15.0000000 122.4799805
42.0000000 20.0000000 210.9514618
42.0000000 25.0000000 294.3636475
42.0000000 30.0000000 931.3511963
42.0000000 35.0000000 1718.7834473
42.0000000 40.0000000 596.5963135
42.0000000 45.0000000 267.4703979
42.0000000 50.0000000 258.7200928
42.0000000 55.0000000 336.6897278
42.0000000 60.0000000 240.3818359
42.0000000 65.0000000 360.5005493
42.0000000 70.0000000 342.4315491
42.0000000 75.0000000 423.3821716
42.0000000 80.0000000 622.0579224
42.0000000 85.0000000 1355.7269287
48.0000000 -85.0000000 455.4299316
48.0000000 -80.0000000 150.0334015
48.0000000 -75.0000000 469.3191833
48.0000000 -70.0000000 221.2633972
48.0000000 -65.0000000 244.3113556
48.0000000 -60.0000000 291.9080200
48.0000000 -55.0000000 71.5433197
48.0000000 -50.0000000 99.5294800
48.0000000 -45.0000000 137.0712585
48.0000000 -40.0000000 78.1572647
48.0000000 -35.0000000 68.8093185
48.0000000 -30.0000000 24.8840771
48.0000000 -25.0000000 12.6914558
48.0000000 -20.0000000 36.7841682
48.0000000 -15.0000000 104.0641098
48.0000000 -10.0000000 142.7140350
48.0000000 -5.0000000 132.4150696
48.0000000 0.0000000 139.2722168
48.0000000 5.0000000 328.8028259
48.0000000 10.0000000 260.6194458
48.0000000 15.0000000 197.1661835
48.0000000 20.0000000 553.7788086
48.0000000 25.0000000 301.6275024
48.0000000 30.0000000 748.1092529
48.0000000 35.0000000 1614.2951660
48.0000000 40.0000000 572.4598999
48.0000000 45.0000000 329.8110657
48.0000000 50.0000000 340.9071350
48.0000000 55.0000000 300.6407471
48.0000000 60.0000000 294.3253784
48.0000000 65.0000000 377.5554810
48.0000000 70.0000000 356.3090210
48.0000000 75.0000000 407.8011780
48.0000000 80.0000000 568.1916504
48.0000000 85.0000000 1253.0936279
54.0000000 -85.0000000 427.8807068
54.0000000 -80.0000000 143.5763245
54.0000000 -75.0000000 400.1285706
54.0000000 -70.0000000 195.2393646
54.0000000 -65.0000000 210.0093079
54.0000000 -60.0000000 253.7424774
54.0000000 -55.0000000 77.1690216
54.0000000 -50.0000000 93.9529266
54.0000000 -45.0000000 67.2274475
54.0000000 -40.0000000 56.3109360
54.0000000 -35.0000000 123.8320694
54.0000000 -30.0000000 56.3337288
54.0000000 -25.0000000 14.3117695
54.0000000 -20.0000000 26.0913048
54.0000000 -15.0000000 107.9153671
54.0000000 -10.0000000 178.9508820
54.0000000 -5.0000000 214.2196960
54.0000000 0.0000000 235.3602600
54.0000000 5.0000000 397.0567322
54.0000000 10.0000000 233.0406952
54.0000000 15.0000000 186.6130981
54.0000000 20.0000000 624.6808472
54.0000000 25.0000000 227.6170959
54.0000000 30.0000000 401.0828247
54.0000000 35.0000000 1341.4473877
54.0000000 40.0000000 580.1131592
54.0000000 45.0000000 307.5220642
54.0000000 50.0000000 302.5366516
54.0000000 55.0000000 260.5133667
54.0000000 60.0000000 326.2301636
54.0000000 65.0000000 410.3003845
54.0000000 70.0000000 316.2465210
54.0000000 75.0000000 391.2138672
54.0000000 80.0000000 568.2355957
54.0000000 85.0000000 1281.8879395
60.0000000 -85.0000000 470.3728027
60.0000000 -80.0000000 137.2959900
60.0000000 -75.0000000 533.2385254
60.0000000 -70.0000000 154.6671906
60.0000000 -65.0000000 187.3425446
60.0000000 -60.0000000 331.6857300
60.0000000 -55.0000000 129.5508118
60.0000000 -50.0000000 152.6519928
60.0000000 -45.0000000 97.7723541
60.0000000 -40.0000000 39.3085098
60.0000000 -35.0000000 73.3517303
60.0000000 -30.0000000 39.8503685
60.0000000 -25.0000000 16.8721256
60.0000000 -20.0000000 23.8256512
60.0000000 -15.0000000 39.9788055
60.0000000 -10.0000000 90.5663071
60.0000000 -5.0000000 171.0467834
60.0000000 0.0000000 106.6048965
60.0000000 5.0000000 153.9213409
60.0000000 10.0000000 263.0453796
60.0000000 15.0000000 210.3193054
60.0000000 20.0000000 676.9508667
60.0000000 25.0000000 367.4152832
60.0000000 30.0000000 415.5327148
60.0000000 35.0000000 895.3327026
60.0000000 40.0000000 558.3674927
60.0000000 45.0000000 402.2557678
60.0000000 50.0000000 303.7943420
60.0000000 55.0000000 233.3549042
60.0000000 60.0000000 341.4011841
60.0000000 65.0000000 396.5300598
60.0000000 70.0000000 358.1711121
60.0000000 75.0000000 394.6473083
60.0000000 80.0000000 520.9324951
60.0000000 85.0000000 1454.9887695
66.0000000 -85.0000000 541.6271973
66.0000000 -80.0000000 134.7798462
66.0000000 -75.0000000 751.4429321
66.0000000 -70.0000000 179.3077393
66.0000000 -65.0000000 300.4977417
66.0000000 -60.0000000 467.1153259
66.0000000 -55.0000000 138.3408356
66.0000000 -50.0000000 85.6758041
66.0000000 -45.0000000 213.7712097
66.0000000 -40.0000000 87.3419037
66.0000000 -35.0000000 70.8361969
66.0000000 -30.0000000 44.3589706
66.0000000 -25.0000000 24.8812981
66.0000000 -20.0000000 16.7383080
66.0000000 -15.0000000 25.1860466
66.0000000 -10.0000000 83.8669586
66.0000000 -5.0000000 101.1922607
66.0000000 0.0000000 62.7196960
66.0000000 5.0000000 79.2284088
66.0000000 10.0000000 175.0184174
66.0000000 15.0000000 150.5558624
66.0000000 20.0000000 330.4608765
66.0000000 25.0000000 421.8092651
66.0000000 30.0000000 434.7830505
66.0000000 35.0000000 367.3755493
66.0000000 40.0000000 390.8054810
66.0000000 45.0000000 366.6723022
66.0000000 50.0000000 259.4082947
66.0000000 55.0000000 266.0668640
66.0000000 60.0000000 307.1432800
66.0000000 65.0000000 320.3606567
66.0000000 70.0000000 343.4061890
66.0000000 75.0000000 429.7791138
66.0000000 80.0000000 476.3948364
66.0000000 85.0000000 1242.5528564
72.0000000 -85.0000000 479.7598267
72.0000000 -80.0000000 138.9615021
72.0000000 -75.0000000 552.8763428
72.0000000 -70.0000000 191.7783508
72.0000000 -65.0000000 347.6770630
72.0000000 -60.0000000 400.5864258
72.0000000 -55.0000000 122.3171234
72.0000000 -50.0000000 50.5880508
72.0000000 -45.0000000 198.1461639
72.0000000 -40.0000000 112.8256226
72.0000000 -35.0000000 43.3755417
72.0000000 -30.0000000 49.5548325
72.0000000 -25.0000000 56.6433182
72.0000000 -20.0000000 18.4851246
72.0000000 -15.0000000 26.6255913
72.0000000 -10.0000000 125.2504730
72.0000000 -5.0000000 138.9540405
72.0000000 0.0000000 90.6595001
72.0000000 5.0000000 94.6403275
72.0000000 10.0000000 207.4485626
72.0000000 15.0000000 150.1941376
72.0000000 20.0000000 181.8590393
72.0000000 25.0000000 405.7017212
72.0000000 30.0000000 571.4754639
72.0000000 35.0000000 534.6505737
72.0000000 40.0000000 628.1065674
72.0000000 45.0000000 392.0028381
72.0000000 50.0000000 294.6614990
72.0000000 55.0000000 344.6557617
72.0000000 60.0000000 388.2334290
72.0000000 65.0000000 377.9422302
72.0000000 70.0000000 404.5484619
72.0000000 75.0000000 378.3908081
72.0000000 80.0000000 443.0747681
72.0000000 85.0000000 1190.3781738
78.0000000 -85.0000000 434.1686096
78.0000000 -80.0000000 143.7648621
78.0000000 -75.0000000 422.8881836
78.0000000 -70.0000000 261.3925171
78.0000000 -65.0000000 285.9136353
78.0000000 -60.0000000 232.7327423
78.0000000 -55.0000000 117.8526993
78.0000000 -50.0000000 50.9621086
78.0000000 -45.0000000 203.8921051
78.0000000 -40.0000000 84.9901886
78.0000000 -35.0000000 13.1723156
78.0000000 -30.0000000 15.2769957
78.0000000 -25.0000000 20.0654240
78.0000000 -20.0000000 13.8326321
78.0000000 -15.0000000 17.9784851
78.0000000 -10.0000000 52.9019470
78.0000000 -5.0000000 75.2103043
78.0000000 0.0000000 95.2800827
78.0000000 5.0000000 180.4432068
78.0000000 10.0000000 336.4282837
78.0000000 15.0000000 184.3772888
78.0000000 20.0000000 192.8821106
78.0000000 25.0000000 644.7157593
78.0000000 30.0000000 541.6270752
78.0000000 35.0000000 571.3398438
78.0000000 40.0000000 723.7988281
78.0000000 45.0000000 373.6097107
78.0000000 50.0000000 302.3235779
78.0000000 55.0000000 339.3208618
78.0000000 60.0000000 425.0612793
78.0000000 65.0000000 409.8781738
78.0000000 70.0000000 489.3467712
78.0000000 75.0000000 456.9268494
78.0000000 80.0000000 445.4315491
78.0000000 85.0000000 1356.5782471
84.0000000 -85.0000000 410.7368774
84.0000000 -80.0000000 141.5932159
84.0000000 -75.0000000 461.0641479
84.0000000 -70.0000000 417.5465698
84.0000000 -65.0000000 374.3731689
84.0000000 -60.0000000 219.4754181
84.0000000 -55.0000000 130.6369324
84.0000000 -50.0000000 50.9179344
84.0000000 -45.0000000 182.0656586
84.0000000 -40.0000000 73.3178406
84.0000000 -35.0000000 6.0671372
84.0000000 -30.0000000 14.9875536
84.0000000 -25.0000000 24.9954262
84.0000000 -20.0000000 14.7311230
84.0000000 -15.0000000 37.3787956
84.0000000 -10.0000000 45.1660919
84.0000000 -5.0000000 70.1764297
84.0000000 0.0000000 119.8836441
84.0000000 5.0000000 165.9934540
84.0000000 10.0000000 252.5126648
84.0000000 15.0000000 106.8870239
84.0000000 20.0000000 132.7226562
84.0000000 25.0000000 564.7933960
84.0000000 30.0000000 301.8630371
84.0000000 35.0000000 392.5601501
84.0000000 40.0000000 554.2031860
84.0000000 45.0000000 330.6574097
84.0000000 50.0000000 273.3173218
84.0000000 55.0000000 294.6551819
84.0000000 60.0000000 403.4230347
84.0000000 65.0000000 444.1418457
84.0000000 70.0000000 457.8165894
84.0000000 75.0000000 491.5411987
84.0000000 80.0000000 487.2409668
84.0000000 85.0000000 1257.7698975
90.0000000 -85.0000000 680.3125000
90.0000000 -80.0000000 119.7882233
90.0000000 -75.0000000 380.1032104
90.0000000 -70.0000000 661.8632202
90.0000000 -65.0000000 529.9180908
90.0000000 -60.0000000 221.7261505
90.0000000 -55.0000000 140.3655548
90.0000000 -50.0000000 48.2826195
90.0000000 -45.0000000 83.3405151
90.0000000 -40.0000000 84.4150925
90.0000000 -35.0000000 24.0312214
90.0000000 -30.0000000 50.3451080
90.0000000 -25.0000000 23.4574242
90.0000000 -20.0000000 23.7645226
90.0000000 -15.0000000 182.6885071
90.0000000 -10.0000000 160.7912445
90.0000000 -5.0000000 181.4931641
90.0000000 0.0000000 133.9452972
90.0000000 5.0000000 75.1594162
90.0000000 10.0000000 131.0225830
90.0000000 15.0000000 116.1548309
90.0000000 20.0000000 119.7378922
90.0000000 25.0000000 447.0485840
90.0000000 30.0000000 342.0201111
90.0000000 35.0000000 383.6263123
90.0000000 40.0000000 573.7186279
90.0000000 45.0000000 337.6149292
90.0000000 50.0000000 241.1488342
90.0000000 55.0000000 257.6535034
90.0000000 60.0000000 358.2051392
90.0000000 65.0000000 395.6792297
90.0000000 70.0000000 420.4580078
90.0000000 75.0000000 491.5345154
90.0000000 80.0000000 480.7485962
90.0000000 85.0000000 1270.0161133
96.0000000 -85.0000000 299.3681946
96.0000000 -80.0000000 98.8592987
96.0000000 -75.0000000 246.6860352
96.0000000 -70.0000000 635.7724609
96.0000000 -65.0000000 542.1735840
96.0000000 -60.0000000 201.3629456
96.0000000 -55.0000000 173.8232117
96.0000000 -50.0000000 84.3563614
96.0000000 -45.0000000 45.5139732
96.0000000 -40.0000000 52.8698616
96.0000000 -35.0000000 18.5875397
96.0000000 -30.0000000 35.5240707
96.0000000 -25.0000000 27.0592461
96.0000000 -20.0000000 45.0020294
96.0000000 -15.0000000 148.5495148
96.0000000 -10.0000000 102.6850586
96.0000000 -5.0000000 134.8415527
96.0000000 0.0000000 176.8982239
96.0000000 5.0000000 111.8934555
96.0000000 10.0000000 188.8277130
96.0000000 15.0000000 239.6774139
96.0000000 20.0000000 191.5212250
96.0000000 25.0000000 408.8392639
96.0000000 30.0000000 295.9224243
96.0000000 35.0000000 288.0935974
96.0000000 40.0000000 376.0348511
96.0000000 45.0000000 232.8642883
96.0000000 50.0000000 198.1721191
96.0000000 55.0000000 217.9502869
96.0000000 60.0000000 308.6299438
96.0000000 65.0000000 366.5194397
96.0000000 70.0000000 430.0564880
96.0000000 75.0000000 564.5293579
96.0000000 80.0000000 471.1995239
96.0000000 85.0000000 1489.5726318
102.0000000 -85.0000000 202.9261780
102.0000000 -80.0000000 87.8139496
102.0000000 -75.0000000 424.3693237
102.0000000 -70.0000000 683.8906860
102.0000000 -65.0000000 905.3743896
102.0000000 -60.0000000 351.8012085
102.0000000 -55.0000000 222.8039093
102.0000000 -50.0000000 119.9258652
102.0000000 -45.0000000 28.2434235
102.0000000 -40.0000000 40.1806183
102.0000000 -35.0000000 23.1111717
102.0000000 -30.0000000 22.2145061
102.0000000 -25.0000000 36.3598824
102.0000000 -20.0000000 65.8805161
102.0000000 -15.0000000 82.3289795
102.0000000 -10.0000000 66.8887558
102.0000000 -5.0000000 126.0517731
102.0000000 0.0000000 335.3375854
102.0000000 5.0000000 278.7654419
102.0000000 10.0000000 229.0476837
102.0000000 15.0000000 240.0997620
102.0000000 20.0000000 194.3810730
102.0000000 25.0000000 310.2616577
102.0000000 30.0000000 274.0038452
102.0000000 35.0000000 221.9645691
102.0000000 40.0000000 306.4809570
102.0000000 45.0000000 180.4538269
102.0000000 50.0000000 160.1682434
102.0000000 55.0000000 214.0581512
102.0000000 60.0000000 346.0605774
102.0000000 65.0000000 347.7704468
102.0000000 70.0000000 390.9965515
102.0000000 75.0000000 556.5099487
102.0000000 80.0000000 461.0821838
102.0000000 85.0000000 1372.3216553
108.0000000 -85.0000000 281.1060181
108.0000000 -80.0000000 105.8616943
108.0000000 -75.0000000 469.5274353
108.0000000 -70.0000000 538.4028931
108.0000000 -65.0000000 873.6005859
108.0000000 -60.0000000 422.3506470
108.0000000 -55.0000000 236.0743866
108.0000000 -50.0000000 127.9838486
108.0000000 -45.0000000 25.1034222
108.0000000 -40.0000000 47.0122414
108.0000000 -35.0000000 20.3851719
108.0000000 -30.0000000 16.9860268
108.0000000 -25.0000000 45.8269539
108.0000000 -20.0000000 39.5369301
108.0000000 -15.0000000 52.5976982
108.0000000 -10.0000000 120.9107437
108.0000000 -5.0000000 156.8668060
108.0000000 0.0000000 186.6296539
108.0000000 5.0000000 280.9781799
108.0000000 10.0000000 375.5468750
108.0000000 15.0000000 297.2740784
108.0000000 20.0000000 239.6392365
108.0000000 25.0000000 345.5687561
108.0000000 30.0000000 267.5966187
108.0000000 35.0000000 172.3388367
108.0000000 40.0000000 246.5631561
108.0000000 45.0000000 116.0961685
108.0000000 50.0000000 127.0349274
108.0000000 55.0000000 186.4802399
108.0000000 60.0000000 350.8193665
108.0000000 65.0000000 330.8108521
108.0000000 70.0000000 405.8633728
108.0000000 75.0000000 604.1806641
108.0000000 80.0000000 442.2092285
108.0000000 85.0000000 1476.7633057
114.0000000 -85.0000000 384.4429932
114.0000000 -80.0000000 112.4631729
114.0000000 -75.0000000 263.9562988
114.0000000 -70.0000000 285.9023132
114.0000000 -65.0000000 585.0628662
114.0000000 -60.0000000 488.4426880
114.0000000 -55.0000000 244.7780304
114.0000000 -50.0000000 157.4194641
114.0000000 -45.0000000 31.0326481
114.0000000 -40.0000000 52.7634773
114.0000000 -35.0000000 39.4807472
114.0000000 -30.0000000 25.0974655
114.0000000 -25.0000000 65.7051163
114.0000000 -20.0000000 52.4141159
114.0000000 -15.0000000 61.5100288
114.0000000 -10.0000000 122.3590469
114.0000000 -5.0000000 53.1251221
114.0000000 0.0000000 77.3463669
114.0000000 5.0000000 251.7219696
114.0000000 10.0000000 430.8804321
114.0000000 15.0000000 407.9856567
114.0000000 20.0000000 410.4645081
114.0000000 25.0000000 491.4934692
114.0000000 30.0000000 231.8646698
114.0000000 35.0000000 134.1141205
114.0000000 40.0000000 260.6418152
114.0000000 45.0000000 100.5362320
114.0000000 50.0000000 101.4241028
114.0000000 55.0000000 184.5117798
114.0000000 60.0000000 301.1861877
114.0000000 65.0000000 260.3158264
114.0000000 70.0000000 390.0573120
114.0000000 75.0000000 648.3462524
114.0000000 80.0000000 434.1542053
114.0000000 85.0000000 1551.4714355
120.0000000 -85.0000000 382.1955566
120.0000000 -80.0000000 126.3630600
120.0000000 -75.0000000 281.3758545
120.0000000 -70.0000000 208.7423096
120.0000000 -65.0000000 602.3801880
120.0000000 -60.0000000 738.3683472
120.0000000 -55.0000000 288.8887329
120.0000000 -50.0000000 191.3839569
120.0000000 -45.0000000 67.2132111
120.0000000 -40.0000000 48.0810699
120.0000000 -35.0000000 31.1938267
120.0000000 -30.0000000 24.9600868
120.0000000 -25.0000000 57.7280159
120.0000000 -20.0000000 61.3384781
120.0000000 -15.0000000 97.5139999
120.0000000 -10.0000000 170.8293152
120.0000000 -5.0000000 81.7524567
120.0000000 0.0000000 131.9219971
120.0000000 5.0000000 382.0749207
120.0000000 10.0000000 329.8489075
120.0000000 15.0000000 392.2647095
120.0000000 20.0000000 597.3076782
120.0000000 25.0000000 660.9039917
120.0000000 30.0000000 343.1644897
120.0000000 35.0000000 184.3946838
120.0000000 40.0000000 245.5966339
120.0000000 45.0000000 102.8380737
120.0000000 50.0000000 103.6870346
120.0000000 55.0000000 176.9947205
120.0000000 60.0000000 343.0854797
120.0000000 65.0000000 272.6716003
120.0000000 70.0000000 360.7009888
120.0000000 75.0000000 613.6827393
120.0000000 80.0000000 440.9484253
120.0000000 85.0000000 1123.0280762
126.0000000 -85.0000000 477.8623962
126.0000000 -80.0000000 111.8477554
126.0000000 -75.0000000 271.8502502
126.0000000 -70.0000000 167.4759216
126.0000000 -65.0000000 322.3194885
126.0000000 -60.0000000 487.0828247
126.0000000 -55.0000000 214.0826874
126.0000000 -50.0000000 142.1529236
126.0000000 -45.0000000 64.4164124
126.0000000 -40.0000000 24.7770710
126.0000000 -35.0000000 18.6600132
126.0000000 -30.0000000 20.3822937
126.0000000 -25.0000000 56.7878914
126.0000000 -20.0000000 89.7478485
126.0000000 -15.0000000 129.0192413
126.0000000 -10.0000000 264.3594971
126.0000000 -5.0000000 150.3944550
126.0000000 0.0000000 131.1335602
126.0000000 5.0000000 315.6700134
126.0000000 10.0000000 346.5281372
126.0000000 15.0000000 511.1708374
126.0000000 20.0000000 914.1242065
126.0000000 25.0000000 1122.8420410
126.0000000 30.0000000 683.6218262
126.0000000 35.0000000 369.4126282
126.0000000 40.0000000 308.1909790
126.0000000 45.0000000 108.4266739
126.0000000 50.0000000 121.2689362
126.0000000 55.0000000 195.9355621
126.0000000 60.0000000 306.3143921
126.0000000 65.0000000 253.7452087
126.0000000 70.0000000 339.4362183
126.0000000 75.0000000 647.1680908
126.0000000 80.0000000 464.9033203
126.0000000 85.0000000 1119.3161621
132.0000000 -85.0000000 438.1515198
132.0000000 -80.0000000 99.3651581
132.0000000 -75.0000000 194.8784027
132.0000000 -70.0000000 154.4182739
132.0000000 -65.0000000 301.9782410
132.0000000 -60.0000000 369.4557800
132.0000000 -55.0000000 163.0888519
132.0000000 -50.0000000 164.7486420
132.0000000 -45.0000000 111.4553604
132.0000000 -40.0000000 35.7413521
132.0000000 -35.0000000 25.7593937
132.0000000 -30.0000000 28.4331055
132.0000000 -25.0000000 83.4764481
132.0000000 -20.0000000 121.1122284
132.0000000 -15.0000000 122.4593353
132.0000000 -10.0000000 243.8150330
132.0000000 -5.0000000 100.5836868
132.0000000 0.0000000 68.6672211
132.0000000 5.0000000 136.7535095
132.0000000 10.0000000 211.7507019
132.0000000 15.0000000 418.9920959
132.0000000 20.0000000 934.4520264
132.0000000 25.0000000 2039.9703369
132.0000000 30.0000000 1721.2858887
132.0000000 35.0000000 1092.6687012
132.0000000 40.0000000 358.8739319
132.0000000 45.0000000 146.4917297
132.0000000 50.0000000 130.7740021
132.0000000 55.0000000 209.5784149
132.0000000 60.0000000 289.6245117
132.0000000 65.0000000 240.4915771
132.0000000 70.0000000 317.6645508
132.0000000 75.0000000 660.1013794
132.0000000 80.0000000 459.1220703
132.0000000 85.0000000 1100.6204834
138.0000000 -85.0000000 455.4517212
138.0000000 -80.0000000 153.7562714
138.0000000 -75.0000000 347.0977173
138.0000000 -70.0000000 141.8791046
138.0000000 -65.0000000 221.9781189
138.0000000 -60.0000000 300.3594055
138.0000000 -55.0000000 171.0486145
138.0000000 -50.0000000 185.6727600
138.0000000 -45.0000000 136.2952271
138.0000000 -40.0000000 42.0966644
138.0000000 -35.0000000 23.8798695
138.0000000 -30.0000000 58.4622993
138.0000000 -25.0000000 74.8717117
138.0000000 -20.0000000 64.7330475
138.0000000 -15.0000000 71.8059845
138.0000000 -10.0000000 103.3364410
138.0000000 -5.0000000 30.4599152
138.0000000 0.0000000 26.4536705
138.0000000 5.0000000 75.2845917
138.0000000 10.0000000 105.7228622
138.0000000 15.0000000 195.4355621
138.0000000 20.0000000 384.2686462
138.0000000 25.0000000 1189.3100586
138.0000000 30.0000000 2726.5761719
138.0000000 35.0000000 2234.4772949
138.0000000 40.0000000 512.6604614
138.0000000 45.0000000 146.0106201
138.0000000 50.0000000 145.5479279
138.0000000 55.0000000 205.4983368
138.0000000 60.0000000 292.8426819
138.0000000 65.0000000 278.3031006
138.0000000 70.0000000 343.0632019
138.0000000 75.0000000 617.6427612
138.0000000 80.0000000 458.1723022
138.0000000 85.0000000 973.2583008
144.0000000 -85.0000000 386.5958557
144.0000000 -80.0000000 186.0717926
144.0000000 -75.0000000 600.8247681
144.0000000 -70.0000000 168.3670654
144.0000000 -65.0000000 246.4109802
144.0000000 -60.0000000 275.4609985
144.0000000 -55.0000000 194.1160278
144.0000000 -50.0000000 259.8982849
144.0000000 -45.0000000 188.6548157
144.0000000 -40.0000000 57.1099663
144.0000000 -35.0000000 21.1425095
144.0000000 -30.0000000 58.0874557
144.0000000 -25.0000000 74.7152863
144.0000000 -20.0000000 59.9681625
144.0000000 -15.0000000 98.3729324
144.0000000 -10.0000000 79.6512451
144.0000000 -5.0000000 28.8892822
144.0000000 0.0000000 45.5402374
144.0000000 5.0000000 85.0605240
144.0000000 10.0000000 117.7751236
144.0000000 15.0000000 206.5801697
144.0000000 20.0000000 499.7723083
144.0000000 25.0000000 1810.7220459
144.0000000 30.0000000 4783.8295898
144.0000000 35.0000000 3233.3916016
144.0000000 40.0000000 644.0890503
144.0000000 45.0000000 188.0864868
144.0000000 50.0000000 161.9811401
144.0000000 55.0000000 226.7377625
144.0000000 60.0000000 326.8408813
144.0000000 65.0000000 294.8960571
144.0000000 70.0000000 320.2677612
144.0000000 75.0000000 564.7558594
144.0000000 80.0000000 441.4690857
144.0000000 85.0000000 920.7276611
150.0000000 -85.0000000 353.9855347
150.0000000 -80.0000000 208.4576721
150.0000000 -75.0000000 393.4518127
150.0000000 -70.0000000 203.6621704
150.0000000 -65.0000000 354.8185425
150.0000000 -60.0000000 382.8746643
150.0000000 -55.0000000 193.9652557
150.0000000 -50.0000000 233.1295471
150.0000000 -45.0000000 162.7198181
150.0000000 -40.0000000 93.0921326
150.0000000 -35.0000000 48.8277321
150.0000000 -30.0000000 45.1399384
150.0000000 -25.0000000 35.2704163
150.0000000 -20.0000000 54.2117538
150.0000000 -15.0000000 119.6774902
150.0000000 -10.0000000 65.2621841
150.0000000 -5.0000000 37.0077972
150.0000000 0.0000000 98.0474701
150.0000000 5.0000000 86.0571060
150.0000000 10.0000000 153.7589111
150.0000000 15.0000000 253.3353271
150.0000000 20.0000000 559.9981689
150.0000000 25.0000000 2351.0754395
150.0000000 30.0000000 5597.2548828
150.0000000 35.0000000 2585.6779785
150.0000000 40.0000000 810.6653442
150.0000000 45.0000000 277.2272949
150.0000000 50.0000000 177.6416931
150.0000000 55.0000000 283.7377014
150.0000000 60.0000000 356.1391296
150.0000000 65.0000000 308.3948059
150.0000000 70.0000000 331.4562378
150.0000000 75.0000000 588.0086060
150.0000000 80.0000000 405.1181641
150.0000000 85.0000000 871.2872925
156.0000000 -85.0000000 385.6856384
156.0000000 -80.0000000 263.9360962
156.0000000 -75.0000000 484.7020874
156.0000000 -70.0000000 245.4802704
156.0000000 -65.0000000 540.8120728
156.0000000 -60.0000000 570.5996094
156.0000000 -55.0000000 278.9123840
156.0000000 -50.0000000 206.9098358
156.0000000 -45.0000000 89.4491959
156.0000000 -40.0000000 73.1082916
156.0000000 -35.0000000 96.4503174
156.0000000 -30.0000000 48.5165176
156.0000000 -25.0000000 29.4574547
156.0000000 -20.0000000 42.9617653
156.0000000 -15.0000000 102.2606049
156.0000000 -10.0000000 39.9287338
156.0000000 -5.0000000 29.0488224
156.0000000 0.0000000 71.9041672
156.0000000 5.0000000 87.5302505
156.0000000 10.0000000 143.3608551
156.0000000 15.0000000 181.7439880
156.0000000 20.0000000 318.6254272
156.0000000 25.0000000 2001.2341309
156.0000000 30.0000000 2989.8286133
156.0000000 35.0000000 1231.6423340
156.0000000 40.0000000 587.8717651
156.0000000 45.0000000 246.3441467
156.0000000 50.0000000 171.7312927
156.0000000 55.0000000 346.6800537
156.0000000 60.0000000 415.6837463
156.0000000 65.0000000 334.1408386
156.0000000 70.0000000 317.9974670
156.0000000 75.0000000 564.2601318
156.0000000 80.0000000 399.5697632
156.0000000 85.0000000 851.4217529
162.0000000 -85.0000000 401.0704041
162.0000000 -80.0000000 300.4089355
162.0000000 -75.0000000 497.4953613
162.0000000 -70.0000000 311.7817993
162.0000000 -65.0000000 607.5595093
162.0000000 -60.0000000 693.6215820
162.0000000 -55.0000000 263.8169556
162.0000000 -50.0000000 135.1230164
162.0000000 -45.0000000 78.8919830
162.0000000 -40.0000000 75.1847000
162.0000000 -35.0000000 69.6394958
162.0000000 -30.0000000 45.5080757
162.0000000 -25.0000000 38.5284081
162.0000000 -20.0000000 43.3347130
162.0000000 -15.0000000 75.4797211
162.0000000 -10.0000000 46.0893211
162.0000000 -5.0000000 33.3629112
162.0000000 0.0000000 55.7111588
162.0000000 5.0000000 116.1794891
162.0000000 10.0000000 183.1790009
162.0000000 15.0000000 191.6173553
162.0000000 20.0000000 188.3900452
162.0000000 25.0000000 496.6831055
162.0000000 30.0000000 1169.4606934
162.0000000 35.0000000 913.5966797
162.0000000 40.0000000 492.2997131
162.0000000 45.0000000 231.5837860
162.0000000 50.0000000 188.6497650
162.0000000 55.0000000 344.5510254
162.0000000 60.0000000 423.5002441
162.0000000 65.0000000 362.6625977
162.0000000 70.0000000 289.2517700
162.0000000 75.0000000 515.3927612
162.0000000 80.0000000 429.3217773
162.0000000 85.0000000 871.1978760
168.0000000 -85.0000000 379.8499146
168.0000000 -80.0000000 327.7905884
168.0000000 -75.0000000 336.9420166
168.0000000 -70.0000000 200.4462280
168.0000000 -65.0000000 496.4104004
168.0000000 -60.0000000 527.6138306
168.0000000 -55.0000000 241.6159363
168.0000000 -50.0000000 110.7200775
168.0000000 -45.0000000 110.3310318
168.0000000 -40.0000000 92.0334625
168.0000000 -35.0000000 41.0618134
168.0000000 -30.0000000 37.3261147
168.0000000 -25.0000000 39.0624924
168.0000000 -20.0000000 28.6013336
168.0000000 -15.0000000 34.0253296
168.0000000 -10.0000000 37.1114311
168.0000000 -5.0000000 34.5772400
168.0000000 0.0000000 60.2102852
168.0000000 5.0000000 137.8270569
168.0000000 10.0000000 254.5634308
168.0000000 15.0000000 287.6847229
168.0000000 20.0000000 296.8912964
168.0000000 25.0000000 623.2877808
168.0000000 30.0000000 917.9073486
168.0000000 35.0000000 644.3873291
168.0000000 40.0000000 629.6437378
168.0000000 45.0000000 358.5019836
168.0000000 50.0000000 238.5651855
168.0000000 55.0000000 337.8938599
168.0000000 60.0000000 386.8973999
168.0000000 65.0000000 370.7329712
168.0000000 70.0000000 314.9470825
168.0000000 75.0000000 556.2213745
168.0000000 80.0000000 439.3357544
168.0000000 85.0000000 964.0291748
174.0000000 -85.0000000 416.9052734
174.0000000 -80.0000000 418.7743530
174.0000000 -75.0000000 480.8136597
174.0000000 -70.0000000 200.8692780
174.0000000 -65.0000000 469.7528381
174.0000000 -60.0000000 547.8507080
174.0000000 -55.0000000 317.3714294
174.0000000 -50.0000000 196.3405914
174.0000000 -45.0000000 186.3486633
174.0000000 -40.0000000 110.0275726
174.0000000 -35.0000000 39.3443146
174.0000000 -30.0000000 73.6012421
174.0000000 -25.0000000 93.8469543
174.0000000 -20.0000000 44.4577293
174.0000000 -15.0000000 32.5182838
174.0000000 -10.0000000 37.6012306
174.0000000 -5.0000000 33.3424530
174.0000000 0.0000000 55.6515312
174.0000000 5.0000000 152.2991028
174.0000000 10.0000000 264.4978943
174.0000000 15.0000000 347.9228516
174.0000000 20.0000000 362.9804993
174.0000000 25.0000000 481.5006409
174.0000000 30.0000000 496.4786682
174.0000000 35.0000000 216.7278748
174.0000000 40.0000000 231.5394592
174.0000000 45.0000000 209.3899841
174.0000000 50.0000000 209.3040009
174.0000000 55.0000000 297.0933838
174.0000000 60.0000000 352.2584229
174.0000000 65.0000000 364.1785278
174.0000000 70.0000000 289.3112183
174.0000000 75.0000000 477.1715698
174.0000000 80.0000000 429.8289490
174.0000000 85.0000000 927.8367920
180.0000000 -85.0000000 412.1855469
180.0000000 -80.0000000 390.9868774
180.0000000 -75.0000000 435.9519043
180.0000000 -70.0000000 268.4429016
180.0000000 -65.0000000 427.6209412
180.0000000 -60.0000000 370.4201355
180.0000000 -55.0000000 214.1105652
180.0000000 -50.0000000 176.5014954
180.0000000 -45.0000000 201.1558838
180.0000000 -40.0000000 63.8084641
180.0000000 -35.0000000 39.8933945
180.0000000 -30.0000000 65.1939697
180.0000000 -25.0000000 91.7090607
180.0000000 -20.0000000 98.1396332
180.0000000 -15.0000000 73.9312973
180.0000000 -10.0000000 79.0794601
180.0000000 -5.0000000 65.3484955
180.0000000 0.0000000 56.6329117
180.0000000 5.0000000 164.6826935
180.0000000 10.0000000 331.3102722
180.0000000 15.0000000 402.2767029
180.0000000 20.0000000 433.8339844
180.0000000 25.0000000 373.7866821
180.0000000 30.0000000 372.7340393
180.0000000 35.0000000 172.5264130
180.0000000 40.0000000 147.8523254
180.0000000 45.0000000 131.7323761
180.0000000 50.0000000 144.0074158
180.0000000 55.0000000 202.9183655
180.0000000 60.0000000 276.1085510
180.0000000 65.0000000 326.9762878
180.0000000 70.0000000 275.9898682
180.0000000 75.0000000 427.2120667
180.0000000 80.0000000 446.8830566
180.0000000 85.0000000 873.2918701
