-174.0000000 -85.0000000 75.4095917
-174.0000000 -80.0000000 82.9287872
-174.0000000 -75.0000000 84.8298874
-174.0000000 -70.0000000 78.3670807
-174.0000000 -65.0000000 90.3335342
-174.0000000 -60.0000000 75.9766769
-174.0000000 -55.0000000 64.7589874
-174.0000000 -50.0000000 78.7916336
-174.0000000 -45.0000000 91.7892075
-174.0000000 -40.0000000 59.9706001
-174.0000000 -35.0000000 43.8858833
-174.0000000 -30.0000000 30.3537388
-174.0000000 -25.0000000 26.2404366
-174.0000000 -20.0000000 25.3288784
-174.0000000 -15.0000000 35.9393044
-174.0000000 -10.0000000 67.1927719
-174.0000000 -5.0000000 82.5210648
-174.0000000 0.0000000 94.5609589
-174.0000000 5.0000000 109.7877350
-174.0000000 10.0000000 117.2845078
-174.0000000 15.0000000 125.9921722
-174.0000000 20.0000000 116.9718399
-174.0000000 25.0000000 81.6620636
-174.0000000 30.0000000 48.7027512
-174.0000000 35.0000000 74.2836151
-174.0000000 40.0000000 103.3204193
-174.0000000 45.0000000 114.0516586
-174.0000000 50.0000000 119.2077866
-174.0000000 55.0000000 114.9453888
-174.0000000 60.0000000 108.9093475
-174.0000000 65.0000000 101.5465469
-174.0000000 70.0000000 96.9635391
-174.0000000 75.0000000 102.3562088
-174.0000000 80.0000000 117.6571808
-174.0000000 85.0000000 128.3974762
-168.0000000 -85.0000000 75.4870987
-168.0000000 -80.0000000 93.2354279
-168.0000000 -75.0000000 90.5910187
-168.0000000 -70.0000000 85.7535095
-168.0000000 -65.0000000 99.2537155
-168.0000000 -60.0000000 82.2112274
-168.0000000 -55.0000000 64.1025925
-168.0000000 -50.0000000 78.8679352
-168.0000000 -45.0000000 80.6982574
-168.0000000 -40.0000000 49.1609802
-168.0000000 -35.0000000 51.9522171
-168.0000000 -30.0000000 33.6914902
-168.0000000 -25.0000000 28.5090637
-168.0000000 -20.0000000 29.0664616
-168.0000000 -15.0000000 44.1228409
-168.0000000 -10.0000000 66.6954193
-168.0000000 -5.0000000 81.0767975
-168.0000000 0.0000000 108.8242645
-168.0000000 5.0000000 132.2757263
-168.0000000 10.0000000 158.5646057
-168.0000000 15.0000000 164.0197906
-168.0000000 20.0000000 150.2305603
-168.0000000 25.0000000 98.3488770
-168.0000000 30.0000000 58.9722595
-168.0000000 35.0000000 90.1169891
-168.0000000 40.0000000 93.7870102
-168.0000000 45.0000000 117.4373398
-168.0000000 50.0000000 124.5712738
-168.0000000 55.0000000 103.9020996
-168.0000000 60.0000000 99.7455215
-168.0000000 65.0000000 104.6921234
-168.0000000 70.0000000 99.8063049
-168.0000000 75.0000000 93.5748062
-168.0000000 80.0000000 124.8796997
-168.0000000 85.0000000 118.9353180
-162.0000000 -85.0000000 73.9463348
-162.0000000 -80.0000000 86.9215088
-162.0000000 -75.0000000 89.8185043
-162.0000000 -70.0000000 76.5376053
-162.0000000 -65.0000000 88.3452682
-162.0000000 -60.0000000 89.0574188
-162.0000000 -55.0000000 65.9219818
-162.0000000 -50.0000000 72.6030884
-162.0000000 -45.0000000 73.7081680
-162.0000000 -40.0000000 46.6300201
-162.0000000 -35.0000000 51.3067856
-162.0000000 -30.0000000 39.3909225
-162.0000000 -25.0000000 26.5121555
-162.0000000 -20.0000000 25.0480003
-162.0000000 -15.0000000 47.7613411
-162.0000000 -10.0000000 59.0283699
-162.0000000 -5.0000000 77.3304749
-162.0000000 0.0000000 101.3993073
-162.0000000 5.0000000 119.3926849
-162.0000000 10.0000000 171.9150696
-162.0000000 15.0000000 222.0102844
-162.0000000 20.0000000 191.5942688
-162.0000000 25.0000000 138.1956787
-162.0000000 30.0000000 77.5451431
-162.0000000 35.0000000 107.4811783
-162.0000000 40.0000000 108.8551178
-162.0000000 45.0000000 137.5397491
-162.0000000 50.0000000 133.9406433
-162.0000000 55.0000000 124.6924896
-162.0000000 60.0000000 107.1750488
-162.0000000 65.0000000 121.4898529
-162.0000000 70.0000000 102.4155731
-162.0000000 75.0000000 105.7770157
-162.0000000 80.0000000 122.1235123
-162.0000000 85.0000000 119.8746490
-156.0000000 -85.0000000 80.5818024
-156.0000000 -80.0000000 85.4028244
-156.0000000 -75.0000000 84.7587662
-156.0000000 -70.0000000 71.0910797
-156.0000000 -65.0000000 76.0070190
-156.0000000 -60.0000000 89.9506607
-156.0000000 -55.0000000 72.0357285
-156.0000000 -50.0000000 72.3350983
-156.0000000 -45.0000000 70.1243668
-156.0000000 -40.0000000 48.3637581
-156.0000000 -35.0000000 51.0530128
-156.0000000 -30.0000000 42.8845329
-156.0000000 -25.0000000 28.2168121
-156.0000000 -20.0000000 23.9854412
-156.0000000 -15.0000000 45.4308357
-156.0000000 -10.0000000 65.2297287
-156.0000000 -5.0000000 98.4570084
-156.0000000 0.0000000 128.5741425
-156.0000000 5.0000000 153.5241394
-156.0000000 10.0000000 206.3480225
-156.0000000 15.0000000 280.8317871
-156.0000000 20.0000000 260.1040344
-156.0000000 25.0000000 156.0697937
-156.0000000 30.0000000 109.6195450
-156.0000000 35.0000000 94.9796906
-156.0000000 40.0000000 123.3619766
-156.0000000 45.0000000 139.3477173
-156.0000000 50.0000000 137.0748596
-156.0000000 55.0000000 124.3293457
-156.0000000 60.0000000 117.6345978
-156.0000000 65.0000000 115.9519272
-156.0000000 70.0000000 102.6703873
-156.0000000 75.0000000 117.5171890
-156.0000000 80.0000000 122.6918106
-156.0000000 85.0000000 135.7525482
-150.0000000 -85.0000000 84.7510071
-150.0000000 -80.0000000 89.1071625
-150.0000000 -75.0000000 81.9361725
-150.0000000 -70.0000000 80.5762024
-150.0000000 -65.0000000 76.3455353
-150.0000000 -60.0000000 86.0467758
-150.0000000 -55.0000000 77.3728943
-150.0000000 -50.0000000 79.5647125
-150.0000000 -45.0000000 64.5744781
-150.0000000 -40.0000000 48.4336281
-150.0000000 -35.0000000 50.9479294
-150.0000000 -30.0000000 37.5408401
-150.0000000 -25.0000000 25.9691162
-150.0000000 -20.0000000 27.3048191
-150.0000000 -15.0000000 42.8272667
-150.0000000 -10.0000000 73.7738495
-150.0000000 -5.0000000 115.6093521
-150.0000000 0.0000000 143.8043518
-150.0000000 5.0000000 169.2768860
-150.0000000 10.0000000 276.6844482
-150.0000000 15.0000000 379.1328735
-150.0000000 20.0000000 367.8786011
-150.0000000 25.0000000 216.3805389
-150.0000000 30.0000000 124.5212402
-150.0000000 35.0000000 102.4085693
-150.0000000 40.0000000 134.4861298
-150.0000000 45.0000000 140.1004333
-150.0000000 50.0000000 130.5531921
-150.0000000 55.0000000 109.7925873
-150.0000000 60.0000000 115.6096649
-150.0000000 65.0000000 115.0108643
-150.0000000 70.0000000 106.1448364
-150.0000000 75.0000000 114.6620255
-150.0000000 80.0000000 115.3219986
-150.0000000 85.0000000 128.8442230
-144.0000000 -85.0000000 87.3816223
-144.0000000 -80.0000000 91.8446503
-144.0000000 -75.0000000 78.4764633
-144.0000000 -70.0000000 84.7172165
-144.0000000 -65.0000000 76.5511322
-144.0000000 -60.0000000 82.2420197
-144.0000000 -55.0000000 87.7686920
-144.0000000 -50.0000000 78.9399033
-144.0000000 -45.0000000 62.5479622
-144.0000000 -40.0000000 45.6232834
-144.0000000 -35.0000000 47.7221718
-144.0000000 -30.0000000 37.3948135
-144.0000000 -25.0000000 27.0384712
-144.0000000 -20.0000000 28.4264278
-144.0000000 -15.0000000 41.1369553
-144.0000000 -10.0000000 73.3097076
-144.0000000 -5.0000000 107.6989746
-144.0000000 0.0000000 137.5187836
-144.0000000 5.0000000 183.1695862
-144.0000000 10.0000000 305.3187256
-144.0000000 15.0000000 501.5555115
-144.0000000 20.0000000 500.7626953
-144.0000000 25.0000000 286.0321350
-144.0000000 30.0000000 133.8684540
-144.0000000 35.0000000 118.0625763
-144.0000000 40.0000000 144.7051392
-144.0000000 45.0000000 159.6392975
-144.0000000 50.0000000 114.0346222
-144.0000000 55.0000000 94.5088196
-144.0000000 60.0000000 103.2723236
-144.0000000 65.0000000 104.5376587
-144.0000000 70.0000000 97.2366409
-144.0000000 75.0000000 114.4142303
-144.0000000 80.0000000 119.1435776
-144.0000000 85.0000000 129.0608521
-138.0000000 -85.0000000 83.1534042
-138.0000000 -80.0000000 80.1007690
-138.0000000 -75.0000000 77.0374222
-138.0000000 -70.0000000 81.6029587
-138.0000000 -65.0000000 77.4560623
-138.0000000 -60.0000000 74.5075226
-138.0000000 -55.0000000 88.2690582
-138.0000000 -50.0000000 82.1626434
-138.0000000 -45.0000000 64.8639832
-138.0000000 -40.0000000 56.7884750
-138.0000000 -35.0000000 58.7571220
-138.0000000 -30.0000000 44.1041946
-138.0000000 -25.0000000 30.2441616
-138.0000000 -20.0000000 28.3272915
-138.0000000 -15.0000000 38.9716187
-138.0000000 -10.0000000 75.5504074
-138.0000000 -5.0000000 115.3539810
-138.0000000 0.0000000 156.5287018
-138.0000000 5.0000000 186.8846130
-138.0000000 10.0000000 250.7162170
-138.0000000 15.0000000 519.4902344
-138.0000000 20.0000000 624.6686401
-138.0000000 25.0000000 382.1984863
-138.0000000 30.0000000 183.1853180
-138.0000000 35.0000000 156.8353424
-138.0000000 40.0000000 152.5633545
-138.0000000 45.0000000 161.9879913
-138.0000000 50.0000000 122.6508408
-138.0000000 55.0000000 90.9237061
-138.0000000 60.0000000 100.4152298
-138.0000000 65.0000000 104.1716766
-138.0000000 70.0000000 113.3305206
-138.0000000 75.0000000 123.8800888
-138.0000000 80.0000000 124.3769531
-138.0000000 85.0000000 131.4457855
-132.0000000 -85.0000000 80.5306931
-132.0000000 -80.0000000 73.9796906
-132.0000000 -75.0000000 80.9077148
-132.0000000 -70.0000000 84.4177017
-132.0000000 -65.0000000 92.2736053
-132.0000000 -60.0000000 82.5020065
-132.0000000 -55.0000000 87.0829010
-132.0000000 -50.0000000 96.3909760
-132.0000000 -45.0000000 69.7802048
-132.0000000 -40.0000000 56.0484085
-132.0000000 -35.0000000 63.3511848
-132.0000000 -30.0000000 51.0548058
-132.0000000 -25.0000000 36.0966644
-132.0000000 -20.0000000 28.6880913
-132.0000000 -15.0000000 45.1833992
-132.0000000 -10.0000000 86.1121674
-132.0000000 -5.0000000 121.2240829
-132.0000000 0.0000000 174.4994202
-132.0000000 5.0000000 218.4618378
-132.0000000 10.0000000 313.5506592
-132.0000000 15.0000000 612.1154175
-132.0000000 20.0000000 641.2056274
-132.0000000 25.0000000 350.0366516
-132.0000000 30.0000000 199.9477997
-132.0000000 35.0000000 233.7581787
-132.0000000 40.0000000 187.9380035
-132.0000000 45.0000000 160.9974060
-132.0000000 50.0000000 125.2669830
-132.0000000 55.0000000 116.1109772
-132.0000000 60.0000000 108.8266220
-132.0000000 65.0000000 102.3984299
-132.0000000 70.0000000 116.5514755
-132.0000000 75.0000000 126.9208755
-132.0000000 80.0000000 118.2135010
-132.0000000 85.0000000 131.7854919
-126.0000000 -85.0000000 86.6698761
-126.0000000 -80.0000000 72.7187424
-126.0000000 -75.0000000 77.9095306
-126.0000000 -70.0000000 79.6003876
-126.0000000 -65.0000000 86.6082230
-126.0000000 -60.0000000 79.6756058
-126.0000000 -55.0000000 95.0151672
-126.0000000 -50.0000000 94.4881134
-126.0000000 -45.0000000 77.6418610
-126.0000000 -40.0000000 59.2774963
-126.0000000 -35.0000000 64.8208160
-126.0000000 -30.0000000 51.4799995
-126.0000000 -25.0000000 31.6723137
-126.0000000 -20.0000000 26.6075897
-126.0000000 -15.0000000 38.7369118
-126.0000000 -10.0000000 60.7523994
-126.0000000 -5.0000000 84.8403168
-126.0000000 0.0000000 160.1630554
-126.0000000 5.0000000 223.3865662
-126.0000000 10.0000000 346.7225037
-126.0000000 15.0000000 615.6303101
-126.0000000 20.0000000 587.8803101
-126.0000000 25.0000000 288.0194397
-126.0000000 30.0000000 275.2761230
-126.0000000 35.0000000 290.8712769
-126.0000000 40.0000000 168.7363586
-126.0000000 45.0000000 127.4933014
-126.0000000 50.0000000 93.1348114
-126.0000000 55.0000000 108.1517563
-126.0000000 60.0000000 102.7087250
-126.0000000 65.0000000 94.3298950
-126.0000000 70.0000000 110.2243881
-126.0000000 75.0000000 115.2472687
-126.0000000 80.0000000 109.3977203
-126.0000000 85.0000000 137.0121765
-120.0000000 -85.0000000 92.4725952
-120.0000000 -80.0000000 75.1296310
-120.0000000 -75.0000000 71.6219406
-120.0000000 -70.0000000 79.2748566
-120.0000000 -65.0000000 84.8541412
-120.0000000 -60.0000000 69.2304688
-120.0000000 -55.0000000 76.1207123
-120.0000000 -50.0000000 78.6796188
-120.0000000 -45.0000000 77.0516205
-120.0000000 -40.0000000 65.9534454
-120.0000000 -35.0000000 58.9730110
-120.0000000 -30.0000000 49.0266762
-120.0000000 -25.0000000 36.5809517
-120.0000000 -20.0000000 26.6898003
-120.0000000 -15.0000000 36.4107323
-120.0000000 -10.0000000 51.4567795
-120.0000000 -5.0000000 60.3642693
-120.0000000 0.0000000 113.0066986
-120.0000000 5.0000000 206.3273010
-120.0000000 10.0000000 310.1819153
-120.0000000 15.0000000 436.2840271
-120.0000000 20.0000000 358.2410278
-120.0000000 25.0000000 213.1148376
-120.0000000 30.0000000 269.2857056
-120.0000000 35.0000000 236.3167725
-120.0000000 40.0000000 144.2145691
-120.0000000 45.0000000 112.5000229
-120.0000000 50.0000000 89.1986389
-120.0000000 55.0000000 116.0745697
-120.0000000 60.0000000 110.4174194
-120.0000000 65.0000000 97.2884064
-120.0000000 70.0000000 101.2271576
-120.0000000 75.0000000 103.6405411
-120.0000000 80.0000000 110.3368530
-120.0000000 85.0000000 143.9756775
-114.0000000 -85.0000000 86.4544830
-114.0000000 -80.0000000 82.0098724
-114.0000000 -75.0000000 73.9935532
-114.0000000 -70.0000000 77.9960022
-114.0000000 -65.0000000 92.7523193
-114.0000000 -60.0000000 83.6924973
-114.0000000 -55.0000000 65.3072281
-114.0000000 -50.0000000 61.9266281
-114.0000000 -45.0000000 63.1842117
-114.0000000 -40.0000000 70.2566147
-114.0000000 -35.0000000 67.0588531
-114.0000000 -30.0000000 56.9706306
-114.0000000 -25.0000000 43.2954521
-114.0000000 -20.0000000 32.7061386
-114.0000000 -15.0000000 41.7421951
-114.0000000 -10.0000000 46.8765678
-114.0000000 -5.0000000 50.5288773
-114.0000000 0.0000000 84.0553513
-114.0000000 5.0000000 156.6349182
-114.0000000 10.0000000 253.4737854
-114.0000000 15.0000000 329.0874023
-114.0000000 20.0000000 254.1276550
-114.0000000 25.0000000 184.9342804
-114.0000000 30.0000000 181.8583984
-114.0000000 35.0000000 149.5408325
-114.0000000 40.0000000 149.8048096
-114.0000000 45.0000000 127.4768066
-114.0000000 50.0000000 126.2664032
-114.0000000 55.0000000 147.8946533
-114.0000000 60.0000000 112.1231079
-114.0000000 65.0000000 99.8739166
-114.0000000 70.0000000 103.4814072
-114.0000000 75.0000000 105.7620010
-114.0000000 80.0000000 102.5673676
-114.0000000 85.0000000 159.0845032
-108.0000000 -85.0000000 84.2727280
-108.0000000 -80.0000000 78.2785263
-108.0000000 -75.0000000 78.6840744
-108.0000000 -70.0000000 72.1055756
-108.0000000 -65.0000000 82.4556808
-108.0000000 -60.0000000 75.4060440
-108.0000000 -55.0000000 62.0106316
-108.0000000 -50.0000000 60.3821487
-108.0000000 -45.0000000 54.0678520
-108.0000000 -40.0000000 77.9060974
-108.0000000 -35.0000000 73.4498825
-108.0000000 -30.0000000 60.9468803
-108.0000000 -25.0000000 48.7405319
-108.0000000 -20.0000000 34.5206795
-108.0000000 -15.0000000 30.5294704
-108.0000000 -10.0000000 30.6500740
-108.0000000 -5.0000000 37.6904373
-108.0000000 0.0000000 56.4142838
-108.0000000 5.0000000 90.0705719
-108.0000000 10.0000000 174.0689087
-108.0000000 15.0000000 282.5874634
-108.0000000 20.0000000 263.7859802
-108.0000000 25.0000000 187.3481140
-108.0000000 30.0000000 122.5855255
-108.0000000 35.0000000 101.6087189
-108.0000000 40.0000000 138.4923553
-108.0000000 45.0000000 180.6427765
-108.0000000 50.0000000 166.8247986
-108.0000000 55.0000000 158.6051636
-108.0000000 60.0000000 117.9273300
-108.0000000 65.0000000 97.7107239
-108.0000000 70.0000000 110.2835922
-108.0000000 75.0000000 93.7040634
-108.0000000 80.0000000 87.2945938
-108.0000000 85.0000000 163.2078705
-102.0000000 -85.0000000 86.8194809
-102.0000000 -80.0000000 79.9036636
-102.0000000 -75.0000000 86.5972443
-102.0000000 -70.0000000 80.0584564
-102.0000000 -65.0000000 87.6186295
-102.0000000 -60.0000000 76.7407074
-102.0000000 -55.0000000 66.8186569
-102.0000000 -50.0000000 68.1020660
-102.0000000 -45.0000000 54.6620178
-102.0000000 -40.0000000 64.9080505
-102.0000000 -35.0000000 77.5726395
-102.0000000 -30.0000000 59.9240723
-102.0000000 -25.0000000 45.8338509
-102.0000000 -20.0000000 38.7538338
-102.0000000 -15.0000000 26.6249180
-102.0000000 -10.0000000 22.6384315
-102.0000000 -5.0000000 29.5146217
-102.0000000 0.0000000 35.6823387
-102.0000000 5.0000000 57.5139694
-102.0000000 10.0000000 121.6390228
-102.0000000 15.0000000 171.1848755
-102.0000000 20.0000000 205.1562195
-102.0000000 25.0000000 175.9251556
-102.0000000 30.0000000 93.7635117
-102.0000000 35.0000000 75.0409088
-102.0000000 40.0000000 140.4151764
-102.0000000 45.0000000 174.0208435
-102.0000000 50.0000000 141.3062744
-102.0000000 55.0000000 123.1067657
-102.0000000 60.0000000 112.6370468
-102.0000000 65.0000000 105.2917862
-102.0000000 70.0000000 111.0095367
-102.0000000 75.0000000 97.9384689
-102.0000000 80.0000000 92.5879364
-102.0000000 85.0000000 165.2498779
-96.0000000 -85.0000000 80.2167282
-96.0000000 -80.0000000 81.0743942
-96.0000000 -75.0000000 91.1111526
-96.0000000 -70.0000000 83.0120468
-96.0000000 -65.0000000 96.9859619
-96.0000000 -60.0000000 80.5082855
-96.0000000 -55.0000000 87.6149750
-96.0000000 -50.0000000 73.9267807
-96.0000000 -45.0000000 60.3693962
-96.0000000 -40.0000000 59.8172226
-96.0000000 -35.0000000 72.8533401
-96.0000000 -30.0000000 70.1783142
-96.0000000 -25.0000000 54.1878128
-96.0000000 -20.0000000 38.0913887
-96.0000000 -15.0000000 28.2652016
-96.0000000 -10.0000000 25.5467930
-96.0000000 -5.0000000 30.7335205
-96.0000000 0.0000000 31.0199776
-96.0000000 5.0000000 44.4964142
-96.0000000 10.0000000 98.7418365
-96.0000000 15.0000000 118.3273697
-96.0000000 20.0000000 152.5835724
-96.0000000 25.0000000 161.0985413
-96.0000000 30.0000000 73.8858643
-96.0000000 35.0000000 50.9568901
-96.0000000 40.0000000 96.2790756
-96.0000000 45.0000000 109.3381195
-96.0000000 50.0000000 113.3181763
-96.0000000 55.0000000 108.1633682
-96.0000000 60.0000000 102.7561798
-96.0000000 65.0000000 109.4853897
-96.0000000 70.0000000 103.0181122
-96.0000000 75.0000000 91.4571457
-96.0000000 80.0000000 108.5356827
-96.0000000 85.0000000 156.2637787
-90.0000000 -85.0000000 74.6173477
-90.0000000 -80.0000000 81.1121979
-90.0000000 -75.0000000 82.7013626
-90.0000000 -70.0000000 77.0191116
-90.0000000 -65.0000000 91.3151321
-90.0000000 -60.0000000 76.5420914
-90.0000000 -55.0000000 89.2461548
-90.0000000 -50.0000000 80.0186005
-90.0000000 -45.0000000 77.7647324
-90.0000000 -40.0000000 67.3191986
-90.0000000 -35.0000000 75.7931442
-90.0000000 -30.0000000 79.7615814
-90.0000000 -25.0000000 61.5788269
-90.0000000 -20.0000000 37.0875511
-90.0000000 -15.0000000 33.0696411
-90.0000000 -10.0000000 26.4077492
-90.0000000 -5.0000000 26.2924309
-90.0000000 0.0000000 27.5711555
-90.0000000 5.0000000 36.6122093
-90.0000000 10.0000000 66.6167984
-90.0000000 15.0000000 77.8220367
-90.0000000 20.0000000 109.5993881
-90.0000000 25.0000000 122.6603546
-90.0000000 30.0000000 62.4697685
-90.0000000 35.0000000 51.3203812
-90.0000000 40.0000000 78.3703003
-90.0000000 45.0000000 87.2470551
-90.0000000 50.0000000 111.6220093
-90.0000000 55.0000000 105.0688324
-90.0000000 60.0000000 101.4104614
-90.0000000 65.0000000 117.5510864
-90.0000000 70.0000000 109.7285538
-90.0000000 75.0000000 94.4370575
-90.0000000 80.0000000 109.8345184
-90.0000000 85.0000000 148.3782043
-84.0000000 -85.0000000 72.2930603
-84.0000000 -80.0000000 81.6893539
-84.0000000 -75.0000000 83.2315521
-84.0000000 -70.0000000 73.9970551
-84.0000000 -65.0000000 86.6132431
-84.0000000 -60.0000000 79.9999542
-84.0000000 -55.0000000 93.4574890
-84.0000000 -50.0000000 84.5329514
-84.0000000 -45.0000000 89.4068909
-84.0000000 -40.0000000 70.7105484
-84.0000000 -35.0000000 72.0615768
-84.0000000 -30.0000000 81.8097305
-84.0000000 -25.0000000 68.0481491
-84.0000000 -20.0000000 42.0853653
-84.0000000 -15.0000000 30.8923283
-84.0000000 -10.0000000 22.7825222
-84.0000000 -5.0000000 22.0186768
-84.0000000 0.0000000 27.2344055
-84.0000000 5.0000000 34.4411316
-84.0000000 10.0000000 66.4755859
-84.0000000 15.0000000 79.4933472
-84.0000000 20.0000000 92.3473358
-84.0000000 25.0000000 105.0340576
-84.0000000 30.0000000 55.6813736
-84.0000000 35.0000000 47.8660660
-84.0000000 40.0000000 77.5369110
-84.0000000 45.0000000 91.9439468
-84.0000000 50.0000000 111.3880463
-84.0000000 55.0000000 121.3662491
-84.0000000 60.0000000 108.4661713
-84.0000000 65.0000000 120.0591660
-84.0000000 70.0000000 114.8523407
-84.0000000 75.0000000 111.0760269
-84.0000000 80.0000000 106.5225067
-84.0000000 85.0000000 147.5443420
-78.0000000 -85.0000000 73.5075760
-78.0000000 -80.0000000 76.2031479
-78.0000000 -75.0000000 83.5283051
-78.0000000 -70.0000000 71.6512222
-78.0000000 -65.0000000 79.5358429
-78.0000000 -60.0000000 82.1593475
-78.0000000 -55.0000000 83.2111053
-78.0000000 -50.0000000 78.0123596
-78.0000000 -45.0000000 81.1935730
-78.0000000 -40.0000000 72.2376328
-78.0000000 -35.0000000 69.9823227
-78.0000000 -30.0000000 83.1638412
-78.0000000 -25.0000000 72.6860657
-78.0000000 -20.0000000 41.4034271
-78.0000000 -15.0000000 28.8408718
-78.0000000 -10.0000000 26.9895897
-78.0000000 -5.0000000 27.1702728
-78.0000000 0.0000000 28.7233276
-78.0000000 5.0000000 35.3166084
-78.0000000 10.0000000 65.2523956
-78.0000000 15.0000000 82.3793259
-78.0000000 20.0000000 87.5922089
-78.0000000 25.0000000 92.7911453
-78.0000000 30.0000000 50.2865181
-78.0000000 35.0000000 43.0748215
-78.0000000 40.0000000 82.0335159
-78.0000000 45.0000000 109.0053711
-78.0000000 50.0000000 104.3066559
-78.0000000 55.0000000 103.3313828
-78.0000000 60.0000000 110.2276840
-78.0000000 65.0000000 121.1597900
-78.0000000 70.0000000 110.5693588
-78.0000000 75.0000000 105.7902985
-78.0000000 80.0000000 94.8508453
-78.0000000 85.0000000 145.7481232
-72.0000000 -85.0000000 76.6975784
-72.0000000 -80.0000000 69.4865570
-72.0000000 -75.0000000 78.4600296
-72.0000000 -70.0000000 70.8037567
-72.0000000 -65.0000000 80.6638641
-72.0000000 -60.0000000 74.3567047
-72.0000000 -55.0000000 86.8825989
-72.0000000 -50.0000000 99.5452728
-72.0000000 -45.0000000 78.2926941
-72.0000000 -40.0000000 75.7913971
-72.0000000 -35.0000000 82.0526047
-72.0000000 -30.0000000 90.9920273
-72.0000000 -25.0000000 64.4044418
-72.0000000 -20.0000000 40.2587967
-72.0000000 -15.0000000 29.9419460
-72.0000000 -10.0000000 31.9103794
-72.0000000 -5.0000000 37.0110397
-72.0000000 0.0000000 38.5941963
-72.0000000 5.0000000 46.8313065
-72.0000000 10.0000000 66.9321442
-72.0000000 15.0000000 81.6542969
-72.0000000 20.0000000 101.8312836
-72.0000000 25.0000000 89.9561615
-72.0000000 30.0000000 53.2187500
-72.0000000 35.0000000 65.4557648
-72.0000000 40.0000000 94.5790100
-72.0000000 45.0000000 109.8490219
-72.0000000 50.0000000 91.0560913
-72.0000000 55.0000000 91.8514481
-72.0000000 60.0000000 113.1837616
-72.0000000 65.0000000 103.6470566
-72.0000000 70.0000000 100.1369400
-72.0000000 75.0000000 100.8301392
-72.0000000 80.0000000 89.5211029
-72.0000000 85.0000000 142.5807648
-66.0000000 -85.0000000 85.3108063
-66.0000000 -80.0000000 77.2619705
-66.0000000 -75.0000000 83.8286819
-66.0000000 -70.0000000 79.5668640
-66.0000000 -65.0000000 85.5407867
-66.0000000 -60.0000000 79.3917999
-66.0000000 -55.0000000 94.1455841
-66.0000000 -50.0000000 109.5975952
-66.0000000 -45.0000000 78.1756058
-66.0000000 -40.0000000 76.3104401
-66.0000000 -35.0000000 83.8174896
-66.0000000 -30.0000000 93.5713654
-66.0000000 -25.0000000 56.4103317
-66.0000000 -20.0000000 35.0191612
-66.0000000 -15.0000000 21.9665470
-66.0000000 -10.0000000 24.5222702
-66.0000000 -5.0000000 32.2976608
-66.0000000 0.0000000 43.9688454
-66.0000000 5.0000000 62.4267769
-66.0000000 10.0000000 91.9309540
-66.0000000 15.0000000 114.4852753
-66.0000000 20.0000000 111.0037384
-66.0000000 25.0000000 80.2108307
-66.0000000 30.0000000 48.5519676
-66.0000000 35.0000000 65.4406281
-66.0000000 40.0000000 90.3945770
-66.0000000 45.0000000 113.7106323
-66.0000000 50.0000000 101.5736847
-66.0000000 55.0000000 93.4597321
-66.0000000 60.0000000 115.2354507
-66.0000000 65.0000000 89.8086243
-66.0000000 70.0000000 97.2701569
-66.0000000 75.0000000 109.4398193
-66.0000000 80.0000000 89.8481064
-66.0000000 85.0000000 125.9828720
-60.0000000 -85.0000000 78.6866608
-60.0000000 -80.0000000 74.2715378
-60.0000000 -75.0000000 73.9434738
-60.0000000 -70.0000000 75.7092133
-60.0000000 -65.0000000 82.8254547
-60.0000000 -60.0000000 83.9107056
-60.0000000 -55.0000000 96.8930817
-60.0000000 -50.0000000 96.6613922
-60.0000000 -45.0000000 79.1208115
-60.0000000 -40.0000000 75.5698624
-60.0000000 -35.0000000 78.7037888
-60.0000000 -30.0000000 93.1071014
-60.0000000 -25.0000000 55.9406319
-60.0000000 -20.0000000 31.8993034
-60.0000000 -15.0000000 18.9840965
-60.0000000 -10.0000000 20.3265095
-60.0000000 -5.0000000 26.5842342
-60.0000000 0.0000000 38.3360062
-60.0000000 5.0000000 59.3065681
-60.0000000 10.0000000 93.5372391
-60.0000000 15.0000000 125.5386353
-60.0000000 20.0000000 113.2899628
-60.0000000 25.0000000 77.3187866
-60.0000000 30.0000000 46.8894920
-60.0000000 35.0000000 56.9662247
-60.0000000 40.0000000 88.7861786
-60.0000000 45.0000000 106.3449478
-60.0000000 50.0000000 111.8596344
-60.0000000 55.0000000 99.2111053
-60.0000000 60.0000000 109.1000748
-60.0000000 65.0000000 85.8061295
-60.0000000 70.0000000 90.5783234
-60.0000000 75.0000000 106.2844238
-60.0000000 80.0000000 95.8252106
-60.0000000 85.0000000 135.7705383
-54.0000000 -85.0000000 72.0936584
-54.0000000 -80.0000000 73.5787125
-54.0000000 -75.0000000 74.6888733
-54.0000000 -70.0000000 71.2044220
-54.0000000 -65.0000000 83.8042450
-54.0000000 -60.0000000 93.4822540
-54.0000000 -55.0000000 103.1419449
-54.0000000 -50.0000000 98.3756714
-54.0000000 -45.0000000 96.9068680
-54.0000000 -40.0000000 77.6398773
-54.0000000 -35.0000000 76.7159271
-54.0000000 -30.0000000 95.3049850
-54.0000000 -25.0000000 51.7002449
-54.0000000 -20.0000000 33.7497482
-54.0000000 -15.0000000 24.5287361
-54.0000000 -10.0000000 27.9545898
-54.0000000 -5.0000000 27.9017544
-54.0000000 0.0000000 27.0999603
-54.0000000 5.0000000 49.7662163
-54.0000000 10.0000000 88.8771515
-54.0000000 15.0000000 119.4616470
-54.0000000 20.0000000 113.8537216
-54.0000000 25.0000000 82.7203140
-54.0000000 30.0000000 53.9588928
-54.0000000 35.0000000 76.8438110
-54.0000000 40.0000000 98.6253204
-54.0000000 45.0000000 89.1706696
-54.0000000 50.0000000 88.0305481
-54.0000000 55.0000000 74.8629456
-54.0000000 60.0000000 86.3285370
-54.0000000 65.0000000 90.9091873
-54.0000000 70.0000000 98.6981964
-54.0000000 75.0000000 104.7930145
-54.0000000 80.0000000 93.7164459
-54.0000000 85.0000000 135.8564606
-48.0000000 -85.0000000 82.5391693
-48.0000000 -80.0000000 77.6665497
-48.0000000 -75.0000000 81.1762314
-48.0000000 -70.0000000 68.7644196
-48.0000000 -65.0000000 77.0729828
-48.0000000 -60.0000000 94.3633881
-48.0000000 -55.0000000 96.6214676
-48.0000000 -50.0000000 91.7087479
-48.0000000 -45.0000000 109.6838226
-48.0000000 -40.0000000 79.1392517
-48.0000000 -35.0000000 74.4089890
-48.0000000 -30.0000000 66.2362137
-48.0000000 -25.0000000 36.5300064
-48.0000000 -20.0000000 28.9736576
-48.0000000 -15.0000000 33.2355919
-48.0000000 -10.0000000 37.7002792
-48.0000000 -5.0000000 31.3348999
-48.0000000 0.0000000 27.1157646
-48.0000000 5.0000000 51.2641296
-48.0000000 10.0000000 73.4336090
-48.0000000 15.0000000 104.5985260
-48.0000000 20.0000000 98.8392334
-48.0000000 25.0000000 81.8667755
-48.0000000 30.0000000 62.5751762
-48.0000000 35.0000000 63.8933830
-48.0000000 40.0000000 85.4905777
-48.0000000 45.0000000 78.4724503
-48.0000000 50.0000000 90.1460876
-48.0000000 55.0000000 77.7906036
-48.0000000 60.0000000 80.3666840
-48.0000000 65.0000000 86.7262115
-48.0000000 70.0000000 103.9138336
-48.0000000 75.0000000 109.3192596
-48.0000000 80.0000000 95.4765167
-48.0000000 85.0000000 141.9268494
-42.0000000 -85.0000000 81.4885101
-42.0000000 -80.0000000 66.8112183
-42.0000000 -75.0000000 76.8185654
-42.0000000 -70.0000000 64.9210663
-42.0000000 -65.0000000 72.3435211
-42.0000000 -60.0000000 94.1022491
-42.0000000 -55.0000000 87.1963272
-42.0000000 -50.0000000 75.5280914
-42.0000000 -45.0000000 91.5726013
-42.0000000 -40.0000000 91.5888214
-42.0000000 -35.0000000 75.2439041
-42.0000000 -30.0000000 40.5978127
-42.0000000 -25.0000000 25.3488541
-42.0000000 -20.0000000 20.0374031
-42.0000000 -15.0000000 25.5684223
-42.0000000 -10.0000000 39.9963150
-42.0000000 -5.0000000 35.3488388
-42.0000000 0.0000000 25.0458755
-42.0000000 5.0000000 42.5470810
-42.0000000 10.0000000 55.5806999
-42.0000000 15.0000000 63.7000923
-42.0000000 20.0000000 74.1509171
-42.0000000 25.0000000 71.5330200
-42.0000000 30.0000000 70.7732849
-42.0000000 35.0000000 61.3393364
-42.0000000 40.0000000 64.9255829
-42.0000000 45.0000000 70.3406067
-42.0000000 50.0000000 87.2553101
-42.0000000 55.0000000 89.2635498
-42.0000000 60.0000000 91.8950577
-42.0000000 65.0000000 83.9962769
-42.0000000 70.0000000 99.0402679
-42.0000000 75.0000000 103.3051605
-42.0000000 80.0000000 94.7046051
-42.0000000 85.0000000 131.9481049
-36.0000000 -85.0000000 76.3911819
-36.0000000 -80.0000000 68.0393677
-36.0000000 -75.0000000 80.1934433
-36.0000000 -70.0000000 69.2103348
-36.0000000 -65.0000000 80.3484955
-36.0000000 -60.0000000 111.7405243
-36.0000000 -55.0000000 93.1633759
-36.0000000 -50.0000000 74.7304535
-36.0000000 -45.0000000 79.5394058
-36.0000000 -40.0000000 78.0140991
-36.0000000 -35.0000000 67.4205170
-36.0000000 -30.0000000 36.3585091
-36.0000000 -25.0000000 27.7719479
-36.0000000 -20.0000000 25.2258358
-36.0000000 -15.0000000 21.6828575
-36.0000000 -10.0000000 34.7777557
-36.0000000 -5.0000000 41.1996918
-36.0000000 0.0000000 32.2157135
-36.0000000 5.0000000 42.0682106
-36.0000000 10.0000000 58.2381706
-36.0000000 15.0000000 79.1577301
-36.0000000 20.0000000 74.2425079
-36.0000000 25.0000000 66.9495697
-36.0000000 30.0000000 66.2025986
-36.0000000 35.0000000 66.2237091
-36.0000000 40.0000000 61.2233696
-36.0000000 45.0000000 69.3816223
-36.0000000 50.0000000 79.9856720
-36.0000000 55.0000000 85.1232147
-36.0000000 60.0000000 90.2498550
-36.0000000 65.0000000 87.0720062
-36.0000000 70.0000000 94.7954865
-36.0000000 75.0000000 114.2086334
-36.0000000 80.0000000 95.0965652
-36.0000000 85.0000000 113.7807236
-30.0000000 -85.0000000 79.8143158
-30.0000000 -80.0000000 69.8554916
-30.0000000 -75.0000000 77.2733078
-30.0000000 -70.0000000 63.3138924
-30.0000000 -65.0000000 72.2238693
-30.0000000 -60.0000000 109.3160019
-30.0000000 -55.0000000 97.5134430
-30.0000000 -50.0000000 77.3937759
-30.0000000 -45.0000000 83.6575699
-30.0000000 -40.0000000 69.0616913
-30.0000000 -35.0000000 54.3861923
-30.0000000 -30.0000000 35.8311768
-30.0000000 -25.0000000 24.8409443
-30.0000000 -20.0000000 28.8385468
-30.0000000 -15.0000000 21.4177341
-30.0000000 -10.0000000 24.3197536
-30.0000000 -5.0000000 36.4647179
-30.0000000 0.0000000 33.9296494
-30.0000000 5.0000000 50.5540352
-30.0000000 10.0000000 94.1895981
-30.0000000 15.0000000 125.8849716
-30.0000000 20.0000000 84.5337830
-30.0000000 25.0000000 58.7339554
-30.0000000 30.0000000 49.8541985
-30.0000000 35.0000000 58.8168716
-30.0000000 40.0000000 65.6441956
-30.0000000 45.0000000 65.0692139
-30.0000000 50.0000000 89.5947113
-30.0000000 55.0000000 96.7236710
-30.0000000 60.0000000 81.2420197
-30.0000000 65.0000000 82.6300354
-30.0000000 70.0000000 88.2529602
-30.0000000 75.0000000 111.9296875
-30.0000000 80.0000000 99.4096680
-30.0000000 85.0000000 99.5752335
-24.0000000 -85.0000000 77.3413544
-24.0000000 -80.0000000 70.2379532
-24.0000000 -75.0000000 79.6958389
-24.0000000 -70.0000000 66.0231171
-24.0000000 -65.0000000 62.6049004
-24.0000000 -60.0000000 87.9672623
-24.0000000 -55.0000000 95.5045013
-24.0000000 -50.0000000 87.4962997
-24.0000000 -45.0000000 105.1320419
-24.0000000 -40.0000000 86.2623138
-24.0000000 -35.0000000 62.4136353
-24.0000000 -30.0000000 40.4652481
-24.0000000 -25.0000000 23.9435539
-24.0000000 -20.0000000 23.7811165
-24.0000000 -15.0000000 22.2011299
-24.0000000 -10.0000000 25.2255039
-24.0000000 -5.0000000 38.2028999
-24.0000000 0.0000000 49.2154388
-24.0000000 5.0000000 72.2831802
-24.0000000 10.0000000 136.5731354
-24.0000000 15.0000000 149.9562988
-24.0000000 20.0000000 83.2515106
-24.0000000 25.0000000 58.2029648
-24.0000000 30.0000000 51.6267395
-24.0000000 35.0000000 62.3285027
-24.0000000 40.0000000 61.0970230
-24.0000000 45.0000000 69.7173996
-24.0000000 50.0000000 84.0640259
-24.0000000 55.0000000 89.2004547
-24.0000000 60.0000000 91.0749969
-24.0000000 65.0000000 89.5144424
-24.0000000 70.0000000 86.2657242
-24.0000000 75.0000000 105.9741669
-24.0000000 80.0000000 99.6252136
-24.0000000 85.0000000 88.3629456
-18.0000000 -85.0000000 74.4893723
-18.0000000 -80.0000000 75.1074982
-18.0000000 -75.0000000 86.1336594
-18.0000000 -70.0000000 80.8578415
-18.0000000 -65.0000000 75.6805191
-18.0000000 -60.0000000 89.4785690
-18.0000000 -55.0000000 96.1659393
-18.0000000 -50.0000000 94.5989761
-18.0000000 -45.0000000 97.9157333
-18.0000000 -40.0000000 75.7493744
-18.0000000 -35.0000000 50.0962448
-18.0000000 -30.0000000 37.4869232
-18.0000000 -25.0000000 24.4950466
-18.0000000 -20.0000000 23.0903072
-18.0000000 -15.0000000 25.4181232
-18.0000000 -10.0000000 32.3787270
-18.0000000 -5.0000000 47.6722717
-18.0000000 0.0000000 66.8310471
-18.0000000 5.0000000 89.7534103
-18.0000000 10.0000000 160.2447510
-18.0000000 15.0000000 196.6111755
-18.0000000 20.0000000 133.4543762
-18.0000000 25.0000000 94.0939026
-18.0000000 30.0000000 65.8843765
-18.0000000 35.0000000 74.3123474
-18.0000000 40.0000000 78.1957779
-18.0000000 45.0000000 84.8274307
-18.0000000 50.0000000 86.1114731
-18.0000000 55.0000000 92.3990631
-18.0000000 60.0000000 96.7471008
-18.0000000 65.0000000 104.6588287
-18.0000000 70.0000000 78.4590378
-18.0000000 75.0000000 105.3033905
-18.0000000 80.0000000 109.8780518
-18.0000000 85.0000000 92.7150421
-12.0000000 -85.0000000 79.4121475
-12.0000000 -80.0000000 78.2199097
-12.0000000 -75.0000000 85.4758759
-12.0000000 -70.0000000 82.9865646
-12.0000000 -65.0000000 92.9564896
-12.0000000 -60.0000000 98.8924484
-12.0000000 -55.0000000 84.2285385
-12.0000000 -50.0000000 84.6762085
-12.0000000 -45.0000000 78.8622971
-12.0000000 -40.0000000 63.8143234
-12.0000000 -35.0000000 48.8626938
-12.0000000 -30.0000000 42.6953964
-12.0000000 -25.0000000 27.2383366
-12.0000000 -20.0000000 24.6341171
-12.0000000 -15.0000000 27.9589787
-12.0000000 -10.0000000 37.5711441
-12.0000000 -5.0000000 56.8772812
-12.0000000 0.0000000 67.1053925
-12.0000000 5.0000000 88.8074265
-12.0000000 10.0000000 173.9875031
-12.0000000 15.0000000 244.3819275
-12.0000000 20.0000000 199.2574615
-12.0000000 25.0000000 133.6395569
-12.0000000 30.0000000 95.5553894
-12.0000000 35.0000000 111.1046600
-12.0000000 40.0000000 95.0128021
-12.0000000 45.0000000 91.5946655
-12.0000000 50.0000000 98.4544449
-12.0000000 55.0000000 102.5577164
-12.0000000 60.0000000 102.3563461
-12.0000000 65.0000000 111.7459564
-12.0000000 70.0000000 89.1068726
-12.0000000 75.0000000 109.8657837
-12.0000000 80.0000000 114.1222763
-12.0000000 85.0000000 95.6505203
-6.0000000 -85.0000000 80.9179840
-6.0000000 -80.0000000 74.3174515
-6.0000000 -75.0000000 81.9867859
-6.0000000 -70.0000000 77.6911850
-6.0000000 -65.0000000 92.9870453
-6.0000000 -60.0000000 93.6674271
-6.0000000 -55.0000000 78.8604584
-6.0000000 -50.0000000 78.9348297
-6.0000000 -45.0000000 72.4202194
-6.0000000 -40.0000000 63.9525642
-6.0000000 -35.0000000 57.5844307
-6.0000000 -30.0000000 48.8568993
-6.0000000 -25.0000000 31.9155979
-6.0000000 -20.0000000 29.5085049
-6.0000000 -15.0000000 33.6196518
-6.0000000 -10.0000000 42.3144913
-6.0000000 -5.0000000 58.2998428
-6.0000000 0.0000000 68.3516693
-6.0000000 5.0000000 81.2354889
-6.0000000 10.0000000 160.3306732
-6.0000000 15.0000000 239.2608185
-6.0000000 20.0000000 246.6172791
-6.0000000 25.0000000 179.6515350
-6.0000000 30.0000000 150.8808899
-6.0000000 35.0000000 140.4602356
-6.0000000 40.0000000 112.0522919
-6.0000000 45.0000000 95.6170502
-6.0000000 50.0000000 103.0695801
-6.0000000 55.0000000 100.0043335
-6.0000000 60.0000000 109.0454559
-6.0000000 65.0000000 111.0630722
-6.0000000 70.0000000 87.3439484
-6.0000000 75.0000000 117.8509979
-6.0000000 80.0000000 128.3415222
-6.0000000 85.0000000 99.6421356
0.0000000 -85.0000000 81.3192215
0.0000000 -80.0000000 70.5992279
0.0000000 -75.0000000 89.2504730
0.0000000 -70.0000000 81.0329742
0.0000000 -65.0000000 83.6815033
0.0000000 -60.0000000 91.8557663
0.0000000 -55.0000000 70.8899612
0.0000000 -50.0000000 75.4551697
0.0000000 -45.0000000 80.7210541
0.0000000 -40.0000000 60.0760994
0.0000000 -35.0000000 47.6979446
0.0000000 -30.0000000 45.9870872
0.0000000 -25.0000000 34.7813950
0.0000000 -20.0000000 31.4442043
0.0000000 -15.0000000 35.4996300
0.0000000 -10.0000000 43.5807190
0.0000000 -5.0000000 51.7045822
0.0000000 0.0000000 69.4144592
0.0000000 5.0000000 77.6104126
0.0000000 10.0000000 137.0371399
0.0000000 15.0000000 214.8497314
0.0000000 20.0000000 234.9715576
0.0000000 25.0000000 190.9100952
0.0000000 30.0000000 173.3261108
0.0000000 35.0000000 178.3123169
0.0000000 40.0000000 151.6705780
0.0000000 45.0000000 93.3446121
0.0000000 50.0000000 92.0286407
0.0000000 55.0000000 105.6662827
0.0000000 60.0000000 116.6908112
0.0000000 65.0000000 127.8674774
0.0000000 70.0000000 94.4858856
0.0000000 75.0000000 121.8614044
0.0000000 80.0000000 128.1699524
0.0000000 85.0000000 99.8227158
6.0000000 -85.0000000 76.4711151
6.0000000 -80.0000000 67.8516006
6.0000000 -75.0000000 85.8308334
6.0000000 -70.0000000 77.6375504
6.0000000 -65.0000000 75.8044434
6.0000000 -60.0000000 78.2676239
6.0000000 -55.0000000 64.0289230
6.0000000 -50.0000000 65.7138214
6.0000000 -45.0000000 76.6848068
6.0000000 -40.0000000 50.1303635
6.0000000 -35.0000000 37.7264328
6.0000000 -30.0000000 45.9695663
6.0000000 -25.0000000 46.3703346
6.0000000 -20.0000000 37.4002762
6.0000000 -15.0000000 34.4949799
6.0000000 -10.0000000 39.6028519
6.0000000 -5.0000000 47.3090096
6.0000000 0.0000000 56.9378433
6.0000000 5.0000000 72.9511948
6.0000000 10.0000000 113.9586639
6.0000000 15.0000000 166.3174591
6.0000000 20.0000000 197.8638000
6.0000000 25.0000000 143.8716431
6.0000000 30.0000000 130.1848907
6.0000000 35.0000000 141.1817932
6.0000000 40.0000000 115.1363068
6.0000000 45.0000000 93.6914062
6.0000000 50.0000000 97.0311966
6.0000000 55.0000000 103.8266144
6.0000000 60.0000000 127.4238281
6.0000000 65.0000000 127.4670868
6.0000000 70.0000000 104.8389740
6.0000000 75.0000000 130.5381622
6.0000000 80.0000000 120.1887207
6.0000000 85.0000000 106.2925797
12.0000000 -85.0000000 78.7701492
12.0000000 -80.0000000 67.8012009
12.0000000 -75.0000000 84.2285309
12.0000000 -70.0000000 68.5330276
12.0000000 -65.0000000 70.9730225
12.0000000 -60.0000000 74.7994919
12.0000000 -55.0000000 65.2882767
12.0000000 -50.0000000 65.0927277
12.0000000 -45.0000000 69.3165054
12.0000000 -40.0000000 51.2338371
12.0000000 -35.0000000 39.6442680
12.0000000 -30.0000000 46.4553947
12.0000000 -25.0000000 46.3560715
12.0000000 -20.0000000 37.2863045
12.0000000 -15.0000000 32.1231270
12.0000000 -10.0000000 35.9553413
12.0000000 -5.0000000 46.3263474
12.0000000 0.0000000 55.0354309
12.0000000 5.0000000 69.9826813
12.0000000 10.0000000 90.2206345
12.0000000 15.0000000 134.9323425
12.0000000 20.0000000 155.1825562
12.0000000 25.0000000 117.6510468
12.0000000 30.0000000 109.3841324
12.0000000 35.0000000 123.9770279
12.0000000 40.0000000 112.2115707
12.0000000 45.0000000 95.2402954
12.0000000 50.0000000 106.2443466
12.0000000 55.0000000 119.3792953
12.0000000 60.0000000 134.6134186
12.0000000 65.0000000 134.6558228
12.0000000 70.0000000 118.3268661
12.0000000 75.0000000 140.3371735
12.0000000 80.0000000 121.5019150
12.0000000 85.0000000 120.9015884
18.0000000 -85.0000000 88.7219086
18.0000000 -80.0000000 78.1733398
18.0000000 -75.0000000 85.7911224
18.0000000 -70.0000000 67.8964996
18.0000000 -65.0000000 75.3352661
18.0000000 -60.0000000 83.9477310
18.0000000 -55.0000000 71.2699509
18.0000000 -50.0000000 66.8176346
18.0000000 -45.0000000 66.8060608
18.0000000 -40.0000000 58.6486931
18.0000000 -35.0000000 40.3613052
18.0000000 -30.0000000 46.7677460
18.0000000 -25.0000000 54.4417915
18.0000000 -20.0000000 34.5113297
18.0000000 -15.0000000 33.4423904
18.0000000 -10.0000000 32.6380692
18.0000000 -5.0000000 42.0687294
18.0000000 0.0000000 55.2841301
18.0000000 5.0000000 76.4374237
18.0000000 10.0000000 87.3581161
18.0000000 15.0000000 111.7462311
18.0000000 20.0000000 122.9078217
18.0000000 25.0000000 96.0308533
18.0000000 30.0000000 88.1123352
18.0000000 35.0000000 110.6055527
18.0000000 40.0000000 126.5080338
18.0000000 45.0000000 115.3373795
18.0000000 50.0000000 127.0083008
18.0000000 55.0000000 139.5219421
18.0000000 60.0000000 125.4750977
18.0000000 65.0000000 130.4018860
18.0000000 70.0000000 111.9299316
18.0000000 75.0000000 134.3820953
18.0000000 80.0000000 127.2593842
18.0000000 85.0000000 122.7062378
24.0000000 -85.0000000 94.8545151
24.0000000 -80.0000000 75.7559662
24.0000000 -75.0000000 83.9825974
24.0000000 -70.0000000 68.3636017
24.0000000 -65.0000000 74.6480255
24.0000000 -60.0000000 82.2983780
24.0000000 -55.0000000 62.2711296
24.0000000 -50.0000000 58.4950562
24.0000000 -45.0000000 59.6518440
24.0000000 -40.0000000 51.0632591
24.0000000 -35.0000000 49.1073494
24.0000000 -30.0000000 58.4538574
24.0000000 -25.0000000 57.7132149
24.0000000 -20.0000000 36.4068565
24.0000000 -15.0000000 34.9617500
24.0000000 -10.0000000 33.2542801
24.0000000 -5.0000000 41.2756691
24.0000000 0.0000000 56.5529976
24.0000000 5.0000000 81.0488586
24.0000000 10.0000000 98.0440521
24.0000000 15.0000000 116.8250732
24.0000000 20.0000000 135.3106384
24.0000000 25.0000000 105.6797867
24.0000000 30.0000000 104.2060699
24.0000000 35.0000000 117.4134979
24.0000000 40.0000000 128.2879944
24.0000000 45.0000000 134.8697205
24.0000000 50.0000000 152.4442139
24.0000000 55.0000000 145.2631836
24.0000000 60.0000000 128.0279846
24.0000000 65.0000000 127.7282257
24.0000000 70.0000000 108.9474945
24.0000000 75.0000000 123.9280014
24.0000000 80.0000000 131.3726349
24.0000000 85.0000000 122.1441650
30.0000000 -85.0000000 107.4794540
30.0000000 -80.0000000 79.5143509
30.0000000 -75.0000000 87.8273010
30.0000000 -70.0000000 73.6303253
30.0000000 -65.0000000 74.0314178
30.0000000 -60.0000000 77.0909195
30.0000000 -55.0000000 65.2169876
30.0000000 -50.0000000 56.9939384
30.0000000 -45.0000000 69.1502151
30.0000000 -40.0000000 56.8889389
30.0000000 -35.0000000 58.4203720
30.0000000 -30.0000000 57.1146965
30.0000000 -25.0000000 47.1594238
30.0000000 -20.0000000 31.7852516
30.0000000 -15.0000000 29.0250454
30.0000000 -10.0000000 29.9310665
30.0000000 -5.0000000 42.2037201
30.0000000 0.0000000 62.7401848
30.0000000 5.0000000 96.3840103
30.0000000 10.0000000 133.1418762
30.0000000 15.0000000 150.7407837
30.0000000 20.0000000 159.4603882
30.0000000 25.0000000 138.1891937
30.0000000 30.0000000 133.7107391
30.0000000 35.0000000 133.9410706
30.0000000 40.0000000 138.0483704
30.0000000 45.0000000 143.5649719
30.0000000 50.0000000 140.6727600
30.0000000 55.0000000 139.6235809
30.0000000 60.0000000 127.9523926
30.0000000 65.0000000 132.3036194
30.0000000 70.0000000 111.1001587
30.0000000 75.0000000 116.7048492
30.0000000 80.0000000 127.9585724
30.0000000 85.0000000 130.4254150
36.0000000 -85.0000000 102.4353867
36.0000000 -80.0000000 76.0513763
36.0000000 -75.0000000 87.7081833
36.0000000 -70.0000000 70.9389801
36.0000000 -65.0000000 72.4531937
36.0000000 -60.0000000 67.6561737
36.0000000 -55.0000000 55.0381088
36.0000000 -50.0000000 48.2221298
36.0000000 -45.0000000 52.2560310
36.0000000 -40.0000000 43.6293106
36.0000000 -35.0000000 53.6841316
36.0000000 -30.0000000 46.0237465
36.0000000 -25.0000000 40.2107201
36.0000000 -20.0000000 33.7083206
36.0000000 -15.0000000 26.4580803
36.0000000 -10.0000000 24.8022194
36.0000000 -5.0000000 39.9115219
36.0000000 0.0000000 62.3583984
36.0000000 5.0000000 99.4845428
36.0000000 10.0000000 159.9040985
36.0000000 15.0000000 198.1829834
36.0000000 20.0000000 209.1046143
36.0000000 25.0000000 162.5537720
36.0000000 30.0000000 164.0966492
36.0000000 35.0000000 159.4012146
36.0000000 40.0000000 152.9192200
36.0000000 45.0000000 123.8896942
36.0000000 50.0000000 112.2158585
36.0000000 55.0000000 135.3728027
36.0000000 60.0000000 138.5434265
36.0000000 65.0000000 131.2740784
36.0000000 70.0000000 108.8419418
36.0000000 75.0000000 115.8024292
36.0000000 80.0000000 124.1935577
36.0000000 85.0000000 134.3225403
42.0000000 -85.0000000 91.3717422
42.0000000 -80.0000000 68.4382553
42.0000000 -75.0000000 84.0517731
42.0000000 -70.0000000 66.7756119
42.0000000 -65.0000000 75.6894989
42.0000000 -60.0000000 60.4709854
42.0000000 -55.0000000 42.3795509
42.0000000 -50.0000000 43.7127571
42.0000000 -45.0000000 56.1955070
42.0000000 -40.0000000 63.4187088
42.0000000 -35.0000000 56.5361748
42.0000000 -30.0000000 44.3954773
42.0000000 -25.0000000 38.3558693
42.0000000 -20.0000000 38.2452087
42.0000000 -15.0000000 24.2470131
42.0000000 -10.0000000 23.3188992
42.0000000 -5.0000000 33.9523773
42.0000000 0.0000000 49.5686646
42.0000000 5.0000000 98.2014084
42.0000000 10.0000000 181.6231537
42.0000000 15.0000000 253.7490234
42.0000000 20.0000000 262.1743164
42.0000000 25.0000000 196.1092072
42.0000000 30.0000000 166.4697876
42.0000000 35.0000000 166.7590027
42.0000000 40.0000000 140.3916321
42.0000000 45.0000000 112.7479401
42.0000000 50.0000000 118.5898285
42.0000000 55.0000000 134.0514984
42.0000000 60.0000000 123.4527130
42.0000000 65.0000000 118.1535873
42.0000000 70.0000000 100.7644958
42.0000000 75.0000000 106.4932022
42.0000000 80.0000000 118.1949692
42.0000000 85.0000000 133.7156067
48.0000000 -85.0000000 90.7930832
48.0000000 -80.0000000 74.1106339
48.0000000 -75.0000000 86.1002960
48.0000000 -70.0000000 76.4229813
48.0000000 -65.0000000 86.1020889
48.0000000 -60.0000000 64.5746613
48.0000000 -55.0000000 45.9570160
48.0000000 -50.0000000 58.3836365
48.0000000 -45.0000000 93.0716934
48.0000000 -40.0000000 123.3350601
48.0000000 -35.0000000 80.6040039
48.0000000 -30.0000000 48.6229897
48.0000000 -25.0000000 36.6409492
48.0000000 -20.0000000 35.2327728
48.0000000 -15.0000000 22.5322189
48.0000000 -10.0000000 20.9665909
48.0000000 -5.0000000 29.5871696
48.0000000 0.0000000 46.9331818
48.0000000 5.0000000 99.0742340
48.0000000 10.0000000 184.4470520
48.0000000 15.0000000 275.5662231
48.0000000 20.0000000 307.3464355
48.0000000 25.0000000 201.1305542
48.0000000 30.0000000 140.9198608
48.0000000 35.0000000 143.4993439
48.0000000 40.0000000 134.7495880
48.0000000 45.0000000 128.0677643
48.0000000 50.0000000 135.7923279
48.0000000 55.0000000 117.6899567
48.0000000 60.0000000 108.9260483
48.0000000 65.0000000 104.2952499
48.0000000 70.0000000 102.4126358
48.0000000 75.0000000 93.4421158
48.0000000 80.0000000 101.7663116
48.0000000 85.0000000 123.7791138
54.0000000 -85.0000000 86.2145920
54.0000000 -80.0000000 74.4025803
54.0000000 -75.0000000 90.9175262
54.0000000 -70.0000000 78.6840973
54.0000000 -65.0000000 82.7479706
54.0000000 -60.0000000 63.6730347
54.0000000 -55.0000000 49.3501892
54.0000000 -50.0000000 53.0060120
54.0000000 -45.0000000 93.6718216
54.0000000 -40.0000000 109.0279388
54.0000000 -35.0000000 86.3556061
54.0000000 -30.0000000 53.0939636
54.0000000 -25.0000000 38.8577957
54.0000000 -20.0000000 28.3339653
54.0000000 -15.0000000 20.4489956
54.0000000 -10.0000000 20.8341217
54.0000000 -5.0000000 25.9885349
54.0000000 0.0000000 47.3077927
54.0000000 5.0000000 90.3419037
54.0000000 10.0000000 172.6725311
54.0000000 15.0000000 281.5911560
54.0000000 20.0000000 302.8693237
54.0000000 25.0000000 172.3585663
54.0000000 30.0000000 104.2036285
54.0000000 35.0000000 127.4397583
54.0000000 40.0000000 130.5272064
54.0000000 45.0000000 129.6454163
54.0000000 50.0000000 130.1622772
54.0000000 55.0000000 110.6948013
54.0000000 60.0000000 103.0331650
54.0000000 65.0000000 105.8288116
54.0000000 70.0000000 104.1724472
54.0000000 75.0000000 97.6699829
54.0000000 80.0000000 99.7976074
54.0000000 85.0000000 122.2365341
60.0000000 -85.0000000 86.1257172
60.0000000 -80.0000000 75.0022354
60.0000000 -75.0000000 107.2302399
60.0000000 -70.0000000 75.9864960
60.0000000 -65.0000000 81.6824799
60.0000000 -60.0000000 75.2746201
60.0000000 -55.0000000 56.5639343
60.0000000 -50.0000000 56.0961494
60.0000000 -45.0000000 113.3525162
60.0000000 -40.0000000 137.7563782
60.0000000 -35.0000000 86.9558411
60.0000000 -30.0000000 52.6237106
60.0000000 -25.0000000 42.2607002
60.0000000 -20.0000000 27.6984501
60.0000000 -15.0000000 23.2181492
60.0000000 -10.0000000 20.7958679
60.0000000 -5.0000000 24.1384106
60.0000000 0.0000000 38.1126022
60.0000000 5.0000000 77.9983978
60.0000000 10.0000000 165.9691010
60.0000000 15.0000000 269.2843933
60.0000000 20.0000000 282.4381714
60.0000000 25.0000000 161.1571350
60.0000000 30.0000000 100.9174194
60.0000000 35.0000000 110.5366364
60.0000000 40.0000000 112.0939484
60.0000000 45.0000000 115.1016998
60.0000000 50.0000000 136.4176331
60.0000000 55.0000000 118.9732285
60.0000000 60.0000000 106.1361923
60.0000000 65.0000000 96.5258636
60.0000000 70.0000000 107.1452637
60.0000000 75.0000000 101.9654541
60.0000000 80.0000000 104.9781494
60.0000000 85.0000000 122.3078232
66.0000000 -85.0000000 80.7275391
66.0000000 -80.0000000 69.1743317
66.0000000 -75.0000000 110.8443985
66.0000000 -70.0000000 72.9661102
66.0000000 -65.0000000 85.7983093
66.0000000 -60.0000000 98.0332489
66.0000000 -55.0000000 52.7823868
66.0000000 -50.0000000 74.1152725
66.0000000 -45.0000000 155.9472351
66.0000000 -40.0000000 149.2904816
66.0000000 -35.0000000 86.7766571
66.0000000 -30.0000000 54.4138870
66.0000000 -25.0000000 39.1599693
66.0000000 -20.0000000 32.4456329
66.0000000 -15.0000000 26.9239616
66.0000000 -10.0000000 22.1367283
66.0000000 -5.0000000 23.3998680
66.0000000 0.0000000 32.6576767
66.0000000 5.0000000 63.0498848
66.0000000 10.0000000 139.6235657
66.0000000 15.0000000 220.7266388
66.0000000 20.0000000 216.9271545
66.0000000 25.0000000 127.9277344
66.0000000 30.0000000 82.2463455
66.0000000 35.0000000 97.6340103
66.0000000 40.0000000 107.2969131
66.0000000 45.0000000 119.6835098
66.0000000 50.0000000 128.8307800
66.0000000 55.0000000 116.0584335
66.0000000 60.0000000 111.2586670
66.0000000 65.0000000 97.0732574
66.0000000 70.0000000 101.5912323
66.0000000 75.0000000 101.3102264
66.0000000 80.0000000 108.4903793
66.0000000 85.0000000 118.6144867
72.0000000 -85.0000000 78.1605148
72.0000000 -80.0000000 70.1512527
72.0000000 -75.0000000 104.3601227
72.0000000 -70.0000000 78.1898651
72.0000000 -65.0000000 82.4750900
72.0000000 -60.0000000 103.9357071
72.0000000 -55.0000000 55.0855789
72.0000000 -50.0000000 91.7945709
72.0000000 -45.0000000 130.6864777
72.0000000 -40.0000000 98.6928253
72.0000000 -35.0000000 58.5942268
72.0000000 -30.0000000 48.8248672
72.0000000 -25.0000000 45.0464630
72.0000000 -20.0000000 36.5760078
72.0000000 -15.0000000 28.2168179
72.0000000 -10.0000000 22.8875465
72.0000000 -5.0000000 22.4535332
72.0000000 0.0000000 27.2563782
72.0000000 5.0000000 51.6148148
72.0000000 10.0000000 120.5001984
72.0000000 15.0000000 167.9063110
72.0000000 20.0000000 155.8123932
72.0000000 25.0000000 98.5372314
72.0000000 30.0000000 76.4514999
72.0000000 35.0000000 85.4616013
72.0000000 40.0000000 114.5556641
72.0000000 45.0000000 112.7883148
72.0000000 50.0000000 109.0500259
72.0000000 55.0000000 123.7438736
72.0000000 60.0000000 125.3400269
72.0000000 65.0000000 99.9570923
72.0000000 70.0000000 99.2485886
72.0000000 75.0000000 102.1173248
72.0000000 80.0000000 102.1950836
72.0000000 85.0000000 122.3914948
78.0000000 -85.0000000 77.2034683
78.0000000 -80.0000000 68.7530060
78.0000000 -75.0000000 94.6030579
78.0000000 -70.0000000 81.8496628
78.0000000 -65.0000000 68.2294769
78.0000000 -60.0000000 95.2206573
78.0000000 -55.0000000 50.1561356
78.0000000 -50.0000000 98.5364304
78.0000000 -45.0000000 103.8036880
78.0000000 -40.0000000 84.8463058
78.0000000 -35.0000000 45.3369331
78.0000000 -30.0000000 43.8520699
78.0000000 -25.0000000 48.8514938
78.0000000 -20.0000000 33.9384232
78.0000000 -15.0000000 26.0760002
78.0000000 -10.0000000 22.4388084
78.0000000 -5.0000000 21.3072891
78.0000000 0.0000000 22.8863621
78.0000000 5.0000000 46.4152336
78.0000000 10.0000000 103.3329086
78.0000000 15.0000000 132.3557281
78.0000000 20.0000000 121.8489227
78.0000000 25.0000000 103.8368149
78.0000000 30.0000000 73.0096207
78.0000000 35.0000000 68.9019012
78.0000000 40.0000000 97.8368149
78.0000000 45.0000000 101.1603241
78.0000000 50.0000000 99.9395294
78.0000000 55.0000000 119.4072113
78.0000000 60.0000000 121.2802734
78.0000000 65.0000000 101.5140533
78.0000000 70.0000000 103.1041412
78.0000000 75.0000000 108.2717667
78.0000000 80.0000000 104.4661102
78.0000000 85.0000000 127.4495392
84.0000000 -85.0000000 73.4012985
84.0000000 -80.0000000 65.8571320
84.0000000 -75.0000000 87.9126663
84.0000000 -70.0000000 73.1812439
84.0000000 -65.0000000 62.9791145
84.0000000 -60.0000000 79.8158951
84.0000000 -55.0000000 51.4190140
84.0000000 -50.0000000 78.5360336
84.0000000 -45.0000000 95.4748611
84.0000000 -40.0000000 81.9402466
84.0000000 -35.0000000 50.6319885
84.0000000 -30.0000000 45.0709267
84.0000000 -25.0000000 44.2522278
84.0000000 -20.0000000 32.6763382
84.0000000 -15.0000000 24.1989326
84.0000000 -10.0000000 21.7381668
84.0000000 -5.0000000 20.4763985
84.0000000 0.0000000 25.1442223
84.0000000 5.0000000 43.0479813
84.0000000 10.0000000 66.8023529
84.0000000 15.0000000 82.7136459
84.0000000 20.0000000 85.0230560
84.0000000 25.0000000 98.2868958
84.0000000 30.0000000 71.1964264
84.0000000 35.0000000 47.2153702
84.0000000 40.0000000 69.2488174
84.0000000 45.0000000 80.3790436
84.0000000 50.0000000 95.6411819
84.0000000 55.0000000 116.9224091
84.0000000 60.0000000 108.4397736
84.0000000 65.0000000 103.9624252
84.0000000 70.0000000 106.5363998
84.0000000 75.0000000 113.7657242
84.0000000 80.0000000 109.9347763
84.0000000 85.0000000 122.8565903
90.0000000 -85.0000000 73.8963089
90.0000000 -80.0000000 64.2179413
90.0000000 -75.0000000 84.2218552
90.0000000 -70.0000000 61.1286201
90.0000000 -65.0000000 52.6893234
90.0000000 -60.0000000 64.1277618
90.0000000 -55.0000000 49.4872704
90.0000000 -50.0000000 63.2295723
90.0000000 -45.0000000 84.7390900
90.0000000 -40.0000000 85.1996002
90.0000000 -35.0000000 57.9412842
90.0000000 -30.0000000 44.9033241
90.0000000 -25.0000000 37.6711655
90.0000000 -20.0000000 37.0385246
90.0000000 -15.0000000 27.9101219
90.0000000 -10.0000000 22.0291481
90.0000000 -5.0000000 24.5117760
90.0000000 0.0000000 30.5302944
90.0000000 5.0000000 36.2427444
90.0000000 10.0000000 52.2070808
90.0000000 15.0000000 61.2588501
90.0000000 20.0000000 71.3865509
90.0000000 25.0000000 99.4663544
90.0000000 30.0000000 80.0181808
90.0000000 35.0000000 43.4638939
90.0000000 40.0000000 56.6402664
90.0000000 45.0000000 93.9632568
90.0000000 50.0000000 109.9531479
90.0000000 55.0000000 114.7075806
90.0000000 60.0000000 111.3326263
90.0000000 65.0000000 115.7007294
90.0000000 70.0000000 115.2154770
90.0000000 75.0000000 120.0422745
90.0000000 80.0000000 105.2500381
90.0000000 85.0000000 126.2126846
96.0000000 -85.0000000 72.0369644
96.0000000 -80.0000000 61.8317986
96.0000000 -75.0000000 77.6720581
96.0000000 -70.0000000 60.2086105
96.0000000 -65.0000000 43.8296089
96.0000000 -60.0000000 58.5797615
96.0000000 -55.0000000 44.4550209
96.0000000 -50.0000000 40.1806107
96.0000000 -45.0000000 61.2614937
96.0000000 -40.0000000 88.0450134
96.0000000 -35.0000000 64.3107224
96.0000000 -30.0000000 46.1877174
96.0000000 -25.0000000 48.4727020
96.0000000 -20.0000000 45.0826492
96.0000000 -15.0000000 28.5628662
96.0000000 -10.0000000 22.4217491
96.0000000 -5.0000000 24.4722309
96.0000000 0.0000000 31.5263634
96.0000000 5.0000000 41.5338249
96.0000000 10.0000000 61.5424004
96.0000000 15.0000000 80.0421677
96.0000000 20.0000000 84.8174362
96.0000000 25.0000000 100.8253021
96.0000000 30.0000000 85.5401230
96.0000000 35.0000000 50.7455406
96.0000000 40.0000000 63.0805054
96.0000000 45.0000000 80.2979507
96.0000000 50.0000000 103.7917099
96.0000000 55.0000000 97.6802750
96.0000000 60.0000000 106.6615753
96.0000000 65.0000000 119.5416718
96.0000000 70.0000000 119.3451538
96.0000000 75.0000000 112.2935410
96.0000000 80.0000000 108.1600952
96.0000000 85.0000000 127.2787094
102.0000000 -85.0000000 67.5077667
102.0000000 -80.0000000 65.9680252
102.0000000 -75.0000000 80.0401154
102.0000000 -70.0000000 72.0297775
102.0000000 -65.0000000 58.6964417
102.0000000 -60.0000000 61.2963562
102.0000000 -55.0000000 56.0496941
102.0000000 -50.0000000 42.8804207
102.0000000 -45.0000000 45.7239571
102.0000000 -40.0000000 67.8154907
102.0000000 -35.0000000 58.0954056
102.0000000 -30.0000000 55.8662300
102.0000000 -25.0000000 57.1627884
102.0000000 -20.0000000 42.4771194
102.0000000 -15.0000000 27.5928230
102.0000000 -10.0000000 25.4856911
102.0000000 -5.0000000 26.9678898
102.0000000 0.0000000 35.4018211
102.0000000 5.0000000 48.9906693
102.0000000 10.0000000 71.9664383
102.0000000 15.0000000 96.4261017
102.0000000 20.0000000 118.9248810
102.0000000 25.0000000 103.5387115
102.0000000 30.0000000 83.1940308
102.0000000 35.0000000 53.4127617
102.0000000 40.0000000 58.9432793
102.0000000 45.0000000 74.5366440
102.0000000 50.0000000 124.1142960
102.0000000 55.0000000 110.7519684
102.0000000 60.0000000 104.1030731
102.0000000 65.0000000 106.2336426
102.0000000 70.0000000 111.3531036
102.0000000 75.0000000 112.9626465
102.0000000 80.0000000 109.3972321
102.0000000 85.0000000 119.1608124
108.0000000 -85.0000000 73.4885788
108.0000000 -80.0000000 66.5467682
108.0000000 -75.0000000 81.8607025
108.0000000 -70.0000000 74.8652344
108.0000000 -65.0000000 76.5456085
108.0000000 -60.0000000 68.2865143
108.0000000 -55.0000000 73.1906891
108.0000000 -50.0000000 66.9062729
108.0000000 -45.0000000 50.1856308
108.0000000 -40.0000000 55.1820602
108.0000000 -35.0000000 56.3353577
108.0000000 -30.0000000 57.9702873
108.0000000 -25.0000000 56.0902901
108.0000000 -20.0000000 35.7892990
108.0000000 -15.0000000 26.1715965
108.0000000 -10.0000000 27.7948360
108.0000000 -5.0000000 30.5181980
108.0000000 0.0000000 37.3512802
108.0000000 5.0000000 53.6987419
108.0000000 10.0000000 82.6835175
108.0000000 15.0000000 111.9232941
108.0000000 20.0000000 124.3441925
108.0000000 25.0000000 123.7685776
108.0000000 30.0000000 85.3232880
108.0000000 35.0000000 74.5632553
108.0000000 40.0000000 61.0010490
108.0000000 45.0000000 82.5764923
108.0000000 50.0000000 125.6904907
108.0000000 55.0000000 124.5570526
108.0000000 60.0000000 112.6145859
108.0000000 65.0000000 103.7704239
108.0000000 70.0000000 108.2566376
108.0000000 75.0000000 117.4237213
108.0000000 80.0000000 115.3712006
108.0000000 85.0000000 123.0562744
114.0000000 -85.0000000 65.5180283
114.0000000 -80.0000000 59.3692627
114.0000000 -75.0000000 72.9651031
114.0000000 -70.0000000 69.8764954
114.0000000 -65.0000000 86.0423737
114.0000000 -60.0000000 73.4979477
114.0000000 -55.0000000 79.7240448
114.0000000 -50.0000000 82.2719498
114.0000000 -45.0000000 67.8734131
114.0000000 -40.0000000 70.9257507
114.0000000 -35.0000000 70.6923370
114.0000000 -30.0000000 69.1916962
114.0000000 -25.0000000 58.1886368
114.0000000 -20.0000000 29.7166481
114.0000000 -15.0000000 21.0123634
114.0000000 -10.0000000 26.0299435
114.0000000 -5.0000000 31.0898628
114.0000000 0.0000000 37.6616249
114.0000000 5.0000000 59.9287605
114.0000000 10.0000000 102.2328644
114.0000000 15.0000000 134.6007996
114.0000000 20.0000000 142.5249023
114.0000000 25.0000000 124.7748032
114.0000000 30.0000000 77.8828583
114.0000000 35.0000000 73.1363983
114.0000000 40.0000000 67.7438660
114.0000000 45.0000000 90.7182846
114.0000000 50.0000000 112.9830704
114.0000000 55.0000000 125.9780273
114.0000000 60.0000000 114.7055206
114.0000000 65.0000000 101.1813736
114.0000000 70.0000000 101.4217682
114.0000000 75.0000000 111.1744843
114.0000000 80.0000000 108.1799545
114.0000000 85.0000000 122.3702774
120.0000000 -85.0000000 69.4165878
120.0000000 -80.0000000 62.1129684
120.0000000 -75.0000000 75.8433380
120.0000000 -70.0000000 66.1284332
120.0000000 -65.0000000 87.6244507
120.0000000 -60.0000000 77.2269440
120.0000000 -55.0000000 70.2719955
120.0000000 -50.0000000 62.8592758
120.0000000 -45.0000000 60.0792923
120.0000000 -40.0000000 70.3628082
120.0000000 -35.0000000 70.7256546
120.0000000 -30.0000000 66.4001312
120.0000000 -25.0000000 48.0964432
120.0000000 -20.0000000 25.1574497
120.0000000 -15.0000000 20.1310101
120.0000000 -10.0000000 25.5915394
120.0000000 -5.0000000 33.6345749
120.0000000 0.0000000 44.7269669
120.0000000 5.0000000 67.6617889
120.0000000 10.0000000 112.4524155
120.0000000 15.0000000 158.1567688
120.0000000 20.0000000 192.2359924
120.0000000 25.0000000 139.0844421
120.0000000 30.0000000 114.0358276
120.0000000 35.0000000 83.7188263
120.0000000 40.0000000 76.3278351
120.0000000 45.0000000 109.6029434
120.0000000 50.0000000 122.7640991
120.0000000 55.0000000 124.7394409
120.0000000 60.0000000 113.6311798
120.0000000 65.0000000 97.1583633
120.0000000 70.0000000 98.4496613
120.0000000 75.0000000 110.5971832
120.0000000 80.0000000 99.1133423
120.0000000 85.0000000 118.7333984
126.0000000 -85.0000000 73.5112152
126.0000000 -80.0000000 62.3998184
126.0000000 -75.0000000 71.9839706
126.0000000 -70.0000000 64.4874191
126.0000000 -65.0000000 76.1422043
126.0000000 -60.0000000 72.1083527
126.0000000 -55.0000000 64.9792862
126.0000000 -50.0000000 56.7551689
126.0000000 -45.0000000 52.9273567
126.0000000 -40.0000000 50.1584969
126.0000000 -35.0000000 62.0860672
126.0000000 -30.0000000 57.9573898
126.0000000 -25.0000000 47.2753220
126.0000000 -20.0000000 27.2562160
126.0000000 -15.0000000 21.2769985
126.0000000 -10.0000000 25.7939453
126.0000000 -5.0000000 37.1530876
126.0000000 0.0000000 53.2751274
126.0000000 5.0000000 76.7800751
126.0000000 10.0000000 118.7724457
126.0000000 15.0000000 166.5369415
126.0000000 20.0000000 214.7096710
126.0000000 25.0000000 156.3437195
126.0000000 30.0000000 134.9831238
126.0000000 35.0000000 92.8442841
126.0000000 40.0000000 93.4052048
126.0000000 45.0000000 130.1988831
126.0000000 50.0000000 136.2659149
126.0000000 55.0000000 120.8139038
126.0000000 60.0000000 112.5710831
126.0000000 65.0000000 97.4298401
126.0000000 70.0000000 103.0371933
126.0000000 75.0000000 109.7688370
126.0000000 80.0000000 99.5869293
126.0000000 85.0000000 120.6043930
132.0000000 -85.0000000 71.9438934
132.0000000 -80.0000000 57.9709396
132.0000000 -75.0000000 68.5746460
132.0000000 -70.0000000 67.2934799
132.0000000 -65.0000000 81.4136963
132.0000000 -60.0000000 73.7245636
132.0000000 -55.0000000 72.5528717
132.0000000 -50.0000000 69.5927353
132.0000000 -45.0000000 63.0586624
132.0000000 -40.0000000 57.0055923
132.0000000 -35.0000000 59.4434586
132.0000000 -30.0000000 49.7654381
132.0000000 -25.0000000 40.1203461
132.0000000 -20.0000000 25.9361153
132.0000000 -15.0000000 21.9742794
132.0000000 -10.0000000 26.1809731
132.0000000 -5.0000000 40.0188980
132.0000000 0.0000000 62.1265488
132.0000000 5.0000000 87.7913589
132.0000000 10.0000000 118.0671539
132.0000000 15.0000000 181.7059021
132.0000000 20.0000000 252.5752411
132.0000000 25.0000000 209.0476990
132.0000000 30.0000000 161.4013824
132.0000000 35.0000000 106.7977448
132.0000000 40.0000000 114.1539307
132.0000000 45.0000000 134.2297668
132.0000000 50.0000000 142.7664185
132.0000000 55.0000000 112.9259415
132.0000000 60.0000000 107.3426666
132.0000000 65.0000000 98.4666443
132.0000000 70.0000000 93.2532806
132.0000000 75.0000000 98.2474823
132.0000000 80.0000000 94.2843628
132.0000000 85.0000000 111.3944931
138.0000000 -85.0000000 68.7101593
138.0000000 -80.0000000 65.2119141
138.0000000 -75.0000000 79.3496399
138.0000000 -70.0000000 63.2967758
138.0000000 -65.0000000 81.1547623
138.0000000 -60.0000000 69.4453430
138.0000000 -55.0000000 64.0383911
138.0000000 -50.0000000 62.5727463
138.0000000 -45.0000000 62.1714172
138.0000000 -40.0000000 61.2883682
138.0000000 -35.0000000 55.1466675
138.0000000 -30.0000000 53.8548965
138.0000000 -25.0000000 39.1033211
138.0000000 -20.0000000 22.9648819
138.0000000 -15.0000000 19.3343887
138.0000000 -10.0000000 23.8868351
138.0000000 -5.0000000 38.0170326
138.0000000 0.0000000 68.6357574
138.0000000 5.0000000 104.4942169
138.0000000 10.0000000 136.8648376
138.0000000 15.0000000 221.6770782
138.0000000 20.0000000 333.9186707
138.0000000 25.0000000 301.8359985
138.0000000 30.0000000 213.5245667
138.0000000 35.0000000 147.9237976
138.0000000 40.0000000 140.3131104
138.0000000 45.0000000 142.4315186
138.0000000 50.0000000 141.0619202
138.0000000 55.0000000 102.4324188
138.0000000 60.0000000 114.5383759
138.0000000 65.0000000 109.1501083
138.0000000 70.0000000 96.0289841
138.0000000 75.0000000 92.4536591
138.0000000 80.0000000 90.5642776
138.0000000 85.0000000 104.3059845
144.0000000 -85.0000000 66.9653473
144.0000000 -80.0000000 69.1265793
144.0000000 -75.0000000 85.0129623
144.0000000 -70.0000000 65.8532639
144.0000000 -65.0000000 86.8639374
144.0000000 -60.0000000 72.1164169
144.0000000 -55.0000000 60.2624207
144.0000000 -50.0000000 66.4312515
144.0000000 -45.0000000 65.0242462
144.0000000 -40.0000000 58.3549080
144.0000000 -35.0000000 48.3150406
144.0000000 -30.0000000 48.1660576
144.0000000 -25.0000000 42.1673508
144.0000000 -20.0000000 23.5433998
144.0000000 -15.0000000 18.5735474
144.0000000 -10.0000000 23.1629028
144.0000000 -5.0000000 37.2553978
144.0000000 0.0000000 67.8152313
144.0000000 5.0000000 113.7194595
144.0000000 10.0000000 172.9883423
144.0000000 15.0000000 308.5162964
144.0000000 20.0000000 421.9458008
144.0000000 25.0000000 423.8828125
144.0000000 30.0000000 306.2395630
144.0000000 35.0000000 189.8314362
144.0000000 40.0000000 169.3552704
144.0000000 45.0000000 161.6387939
144.0000000 50.0000000 137.2163696
144.0000000 55.0000000 121.5128403
144.0000000 60.0000000 111.1493301
144.0000000 65.0000000 102.5188828
144.0000000 70.0000000 100.8164520
144.0000000 75.0000000 101.1872253
144.0000000 80.0000000 87.7504120
144.0000000 85.0000000 106.6132660
150.0000000 -85.0000000 68.8869781
150.0000000 -80.0000000 67.5492249
150.0000000 -75.0000000 83.3837204
150.0000000 -70.0000000 67.7703400
150.0000000 -65.0000000 77.9825821
150.0000000 -60.0000000 74.7381134
150.0000000 -55.0000000 71.1524658
150.0000000 -50.0000000 75.1389084
150.0000000 -45.0000000 60.4136734
150.0000000 -40.0000000 56.9926567
150.0000000 -35.0000000 50.9454994
150.0000000 -30.0000000 42.7430305
150.0000000 -25.0000000 37.5327835
150.0000000 -20.0000000 23.4321747
150.0000000 -15.0000000 19.9614182
150.0000000 -10.0000000 23.4926929
150.0000000 -5.0000000 35.0716095
150.0000000 0.0000000 61.8977051
150.0000000 5.0000000 105.1297989
150.0000000 10.0000000 185.5340271
150.0000000 15.0000000 338.1059875
150.0000000 20.0000000 446.6123657
150.0000000 25.0000000 458.5432129
150.0000000 30.0000000 336.2044067
150.0000000 35.0000000 216.6740723
150.0000000 40.0000000 202.6059570
150.0000000 45.0000000 165.4399719
150.0000000 50.0000000 123.9419098
150.0000000 55.0000000 117.8798447
150.0000000 60.0000000 107.3287354
150.0000000 65.0000000 97.7976608
150.0000000 70.0000000 103.2748642
150.0000000 75.0000000 110.8058090
150.0000000 80.0000000 96.6815720
150.0000000 85.0000000 108.2631378
156.0000000 -85.0000000 72.4720001
156.0000000 -80.0000000 75.3823853
156.0000000 -75.0000000 89.6793594
156.0000000 -70.0000000 69.1057587
156.0000000 -65.0000000 79.0232773
156.0000000 -60.0000000 87.2276993
156.0000000 -55.0000000 91.8334503
156.0000000 -50.0000000 76.8902740
156.0000000 -45.0000000 66.4263458
156.0000000 -40.0000000 53.9363823
156.0000000 -35.0000000 53.0367317
156.0000000 -30.0000000 33.2741127
156.0000000 -25.0000000 33.1613541
156.0000000 -20.0000000 22.8614330
156.0000000 -15.0000000 20.9307499
156.0000000 -10.0000000 24.9778881
156.0000000 -5.0000000 33.0489883
156.0000000 0.0000000 50.3947868
156.0000000 5.0000000 88.7223434
156.0000000 10.0000000 174.7900696
156.0000000 15.0000000 299.7025452
156.0000000 20.0000000 338.2416992
156.0000000 25.0000000 304.1226196
156.0000000 30.0000000 273.4794006
156.0000000 35.0000000 206.4859619
156.0000000 40.0000000 184.9087830
156.0000000 45.0000000 138.9872742
156.0000000 50.0000000 93.5714874
156.0000000 55.0000000 114.6500244
156.0000000 60.0000000 104.2407608
156.0000000 65.0000000 100.1430740
156.0000000 70.0000000 99.8582306
156.0000000 75.0000000 120.7525177
156.0000000 80.0000000 115.3428726
156.0000000 85.0000000 110.5608673
162.0000000 -85.0000000 71.6004944
162.0000000 -80.0000000 78.9207306
162.0000000 -75.0000000 87.3873138
162.0000000 -70.0000000 71.1313248
162.0000000 -65.0000000 77.3363876
162.0000000 -60.0000000 78.9464188
162.0000000 -55.0000000 82.0595398
162.0000000 -50.0000000 82.9011765
162.0000000 -45.0000000 70.9753571
162.0000000 -40.0000000 60.2567253
162.0000000 -35.0000000 48.6160927
162.0000000 -30.0000000 32.6906815
162.0000000 -25.0000000 26.1261139
162.0000000 -20.0000000 20.6109810
162.0000000 -15.0000000 22.4072247
162.0000000 -10.0000000 27.6205788
162.0000000 -5.0000000 33.4355965
162.0000000 0.0000000 46.5992165
162.0000000 5.0000000 68.2238083
162.0000000 10.0000000 137.7716980
162.0000000 15.0000000 255.3715515
162.0000000 20.0000000 234.9853516
162.0000000 25.0000000 205.7666473
162.0000000 30.0000000 197.8980713
162.0000000 35.0000000 173.2077637
162.0000000 40.0000000 172.2246857
162.0000000 45.0000000 125.7382660
162.0000000 50.0000000 95.6002350
162.0000000 55.0000000 109.7748184
162.0000000 60.0000000 106.5743790
162.0000000 65.0000000 98.3435059
162.0000000 70.0000000 98.7325745
162.0000000 75.0000000 121.6454468
162.0000000 80.0000000 109.8083267
162.0000000 85.0000000 113.8699951
168.0000000 -85.0000000 71.1256790
168.0000000 -80.0000000 79.4929581
168.0000000 -75.0000000 80.6734924
168.0000000 -70.0000000 75.2264938
168.0000000 -65.0000000 77.0160141
168.0000000 -60.0000000 78.6814117
168.0000000 -55.0000000 77.4087448
168.0000000 -50.0000000 78.3131866
168.0000000 -45.0000000 74.6697922
168.0000000 -40.0000000 74.6544418
168.0000000 -35.0000000 44.2463722
168.0000000 -30.0000000 30.0535088
168.0000000 -25.0000000 24.1346550
168.0000000 -20.0000000 21.2831669
168.0000000 -15.0000000 24.3112202
168.0000000 -10.0000000 34.7699966
168.0000000 -5.0000000 43.1623917
168.0000000 0.0000000 49.2952347
168.0000000 5.0000000 63.4102097
168.0000000 10.0000000 94.1716385
168.0000000 15.0000000 169.4678650
168.0000000 20.0000000 156.8656311
168.0000000 25.0000000 132.4559784
168.0000000 30.0000000 130.4895325
168.0000000 35.0000000 117.7092438
168.0000000 40.0000000 145.9053650
168.0000000 45.0000000 133.3399963
168.0000000 50.0000000 96.5627136
168.0000000 55.0000000 108.6104355
168.0000000 60.0000000 102.6766205
168.0000000 65.0000000 96.8399429
168.0000000 70.0000000 88.9371033
168.0000000 75.0000000 108.1151733
168.0000000 80.0000000 102.5248566
168.0000000 85.0000000 117.2335815
174.0000000 -85.0000000 73.0540848
174.0000000 -80.0000000 88.3071899
174.0000000 -75.0000000 90.5914154
174.0000000 -70.0000000 80.2012177
174.0000000 -65.0000000 87.4018860
174.0000000 -60.0000000 92.5863495
174.0000000 -55.0000000 82.5762329
174.0000000 -50.0000000 81.6428680
174.0000000 -45.0000000 83.6491852
174.0000000 -40.0000000 74.8551331
174.0000000 -35.0000000 52.1116028
174.0000000 -30.0000000 39.4942513
174.0000000 -25.0000000 27.4443970
174.0000000 -20.0000000 19.6087551
174.0000000 -15.0000000 25.7051735
174.0000000 -10.0000000 42.0977554
174.0000000 -5.0000000 51.1893082
174.0000000 0.0000000 57.7795029
174.0000000 5.0000000 70.9719315
174.0000000 10.0000000 84.0712509
174.0000000 15.0000000 112.0190582
174.0000000 20.0000000 95.8718338
174.0000000 25.0000000 79.5437927
174.0000000 30.0000000 75.1228790
174.0000000 35.0000000 79.8075027
174.0000000 40.0000000 109.3533173
174.0000000 45.0000000 121.2697906
174.0000000 50.0000000 104.5284195
174.0000000 55.0000000 107.4078217
174.0000000 60.0000000 107.0535660
174.0000000 65.0000000 94.7594070
174.0000000 70.0000000 92.7160263
174.0000000 75.0000000 110.5903702
174.0000000 80.0000000 100.9634323
174.0000000 85.0000000 113.2821655
180.0000000 -85.0000000 73.0905380
180.0000000 -80.0000000 81.4677658
180.0000000 -75.0000000 86.7644272
180.0000000 -70.0000000 78.0131454
180.0000000 -65.0000000 85.2666397
180.0000000 -60.0000000 86.8161163
180.0000000 -55.0000000 77.0738983
180.0000000 -50.0000000 82.4423523
180.0000000 -45.0000000 93.0193634
180.0000000 -40.0000000 72.3576736
180.0000000 -35.0000000 50.7941399
180.0000000 -30.0000000 34.0502930
180.0000000 -25.0000000 27.1353359
180.0000000 -20.0000000 22.2393780
180.0000000 -15.0000000 27.9694004
180.0000000 -10.0000000 53.4120865
180.0000000 -5.0000000 61.8396225
180.0000000 0.0000000 68.7448883
180.0000000 5.0000000 83.7551956
180.0000000 10.0000000 95.7592850
180.0000000 15.0000000 105.8333359
180.0000000 20.0000000 79.3633881
180.0000000 25.0000000 63.1754456
180.0000000 30.0000000 51.1803856
180.0000000 35.0000000 70.0456619
180.0000000 40.0000000 102.7019653
180.0000000 45.0000000 126.6771240
180.0000000 50.0000000 105.8505859
180.0000000 55.0000000 90.9801636
180.0000000 60.0000000 110.9478912
180.0000000 65.0000000 99.7625122
180.0000000 70.0000000 92.8189621
180.0000000 75.0000000 108.9935150
180.0000000 80.0000000 107.4108505
180.0000000 85.0000000 115.1426773
