-174.0000000 -85.0000000 245.8339844
-174.0000000 -80.0000000 197.7907410
-174.0000000 -75.0000000 276.7257080
-174.0000000 -70.0000000 152.8191223
-174.0000000 -65.0000000 199.4540405
-174.0000000 -60.0000000 138.9302673
-174.0000000 -55.0000000 39.7920990
-174.0000000 -50.0000000 66.5350494
-174.0000000 -45.0000000 81.2440948
-174.0000000 -40.0000000 16.5589390
-174.0000000 -35.0000000 11.0295162
-174.0000000 -30.0000000 23.2764702
-174.0000000 -25.0000000 28.8240757
-174.0000000 -20.0000000 146.1570892
-174.0000000 -15.0000000 132.0769501
-174.0000000 -10.0000000 69.4690170
-174.0000000 -5.0000000 147.1542358
-174.0000000 0.0000000 124.9047852
-174.0000000 5.0000000 86.7144470
-174.0000000 10.0000000 163.2054749
-174.0000000 15.0000000 291.3885803
-174.0000000 20.0000000 506.4562988
-174.0000000 25.0000000 619.8900146
-174.0000000 30.0000000 397.1804199
-174.0000000 35.0000000 352.1548767
-174.0000000 40.0000000 288.3272095
-174.0000000 45.0000000 198.0635223
-174.0000000 50.0000000 175.2134552
-174.0000000 55.0000000 181.8166656
-174.0000000 60.0000000 161.6431274
-174.0000000 65.0000000 206.2618713
-174.0000000 70.0000000 238.7739258
-174.0000000 75.0000000 266.3330688
-174.0000000 80.0000000 245.2842102
-174.0000000 85.0000000 546.0399780
-168.0000000 -85.0000000 251.0638123
-168.0000000 -80.0000000 257.5709229
-168.0000000 -75.0000000 337.5061646
-168.0000000 -70.0000000 113.8721466
-168.0000000 -65.0000000 248.8302765
-168.0000000 -60.0000000 178.4756012
-168.0000000 -55.0000000 39.2112350
-168.0000000 -50.0000000 93.8393860
-168.0000000 -45.0000000 110.5273590
-168.0000000 -40.0000000 14.1843777
-168.0000000 -35.0000000 24.1846657
-168.0000000 -30.0000000 86.5460968
-168.0000000 -25.0000000 41.9359322
-168.0000000 -20.0000000 150.6142120
-168.0000000 -15.0000000 230.7018127
-168.0000000 -10.0000000 44.8186798
-168.0000000 -5.0000000 82.9603271
-168.0000000 0.0000000 112.6470108
-168.0000000 5.0000000 89.2915726
-168.0000000 10.0000000 165.0573425
-168.0000000 15.0000000 338.5250244
-168.0000000 20.0000000 712.3077393
-168.0000000 25.0000000 1178.8956299
-168.0000000 30.0000000 764.5357666
-168.0000000 35.0000000 517.8731689
-168.0000000 40.0000000 477.1333618
-168.0000000 45.0000000 257.2611694
-168.0000000 50.0000000 187.2648315
-168.0000000 55.0000000 220.4861145
-168.0000000 60.0000000 188.4086761
-168.0000000 65.0000000 210.6648407
-168.0000000 70.0000000 270.1651001
-168.0000000 75.0000000 295.2376709
-168.0000000 80.0000000 257.1347656
-168.0000000 85.0000000 563.6895752
-162.0000000 -85.0000000 247.8966370
-162.0000000 -80.0000000 251.9956818
-162.0000000 -75.0000000 433.6359253
-162.0000000 -70.0000000 97.8759308
-162.0000000 -65.0000000 197.0090637
-162.0000000 -60.0000000 250.7548523
-162.0000000 -55.0000000 50.4237022
-162.0000000 -50.0000000 69.7686920
-162.0000000 -45.0000000 91.9863205
-162.0000000 -40.0000000 16.3065872
-162.0000000 -35.0000000 31.2279968
-162.0000000 -30.0000000 99.9213409
-162.0000000 -25.0000000 34.2545776
-162.0000000 -20.0000000 51.4663506
-162.0000000 -15.0000000 89.1617737
-162.0000000 -10.0000000 33.5783005
-162.0000000 -5.0000000 28.1743431
-162.0000000 0.0000000 76.1138229
-162.0000000 5.0000000 77.6849213
-162.0000000 10.0000000 141.0656281
-162.0000000 15.0000000 424.6643982
-162.0000000 20.0000000 1063.2977295
-162.0000000 25.0000000 1647.5172119
-162.0000000 30.0000000 862.2096558
-162.0000000 35.0000000 673.0418701
-162.0000000 40.0000000 453.9543457
-162.0000000 45.0000000 249.1239471
-162.0000000 50.0000000 195.2243347
-162.0000000 55.0000000 211.1483917
-162.0000000 60.0000000 197.9204865
-162.0000000 65.0000000 256.0503235
-162.0000000 70.0000000 364.5620422
-162.0000000 75.0000000 324.5727539
-162.0000000 80.0000000 271.2860413
-162.0000000 85.0000000 580.4496460
-156.0000000 -85.0000000 285.2876587
-156.0000000 -80.0000000 199.7790070
-156.0000000 -75.0000000 299.0910034
-156.0000000 -70.0000000 52.2558289
-156.0000000 -65.0000000 161.9275665
-156.0000000 -60.0000000 273.7626953
-156.0000000 -55.0000000 67.1308670
-156.0000000 -50.0000000 82.3084030
-156.0000000 -45.0000000 108.5088959
-156.0000000 -40.0000000 18.0611992
-156.0000000 -35.0000000 93.8081055
-156.0000000 -30.0000000 85.4419098
-156.0000000 -25.0000000 27.4825935
-156.0000000 -20.0000000 42.5351906
-156.0000000 -15.0000000 77.9588165
-156.0000000 -10.0000000 56.6554756
-156.0000000 -5.0000000 88.5603027
-156.0000000 0.0000000 248.0233917
-156.0000000 5.0000000 135.5530701
-156.0000000 10.0000000 100.1982422
-156.0000000 15.0000000 370.6443481
-156.0000000 20.0000000 1266.7004395
-156.0000000 25.0000000 2066.6848145
-156.0000000 30.0000000 942.0621948
-156.0000000 35.0000000 561.0484009
-156.0000000 40.0000000 399.7176514
-156.0000000 45.0000000 224.4349060
-156.0000000 50.0000000 200.1314087
-156.0000000 55.0000000 205.2330017
-156.0000000 60.0000000 183.0912170
-156.0000000 65.0000000 215.6623230
-156.0000000 70.0000000 383.3969116
-156.0000000 75.0000000 374.8415833
-156.0000000 80.0000000 320.9869385
-156.0000000 85.0000000 685.8895264
-150.0000000 -85.0000000 352.6681519
-150.0000000 -80.0000000 175.7263947
-150.0000000 -75.0000000 295.5471802
-150.0000000 -70.0000000 158.7379456
-150.0000000 -65.0000000 167.0682068
-150.0000000 -60.0000000 264.2154846
-150.0000000 -55.0000000 102.3765182
-150.0000000 -50.0000000 123.9617310
-150.0000000 -45.0000000 152.1898041
-150.0000000 -40.0000000 24.7006340
-150.0000000 -35.0000000 67.9515915
-150.0000000 -30.0000000 59.4173584
-150.0000000 -25.0000000 35.6077766
-150.0000000 -20.0000000 110.7295074
-150.0000000 -15.0000000 214.5277557
-150.0000000 -10.0000000 128.1747589
-150.0000000 -5.0000000 112.4840469
-150.0000000 0.0000000 222.1407928
-150.0000000 5.0000000 129.6454163
-150.0000000 10.0000000 104.1446991
-150.0000000 15.0000000 347.4465637
-150.0000000 20.0000000 955.8112183
-150.0000000 25.0000000 1638.4101562
-150.0000000 30.0000000 777.6195068
-150.0000000 35.0000000 591.3726196
-150.0000000 40.0000000 467.7746582
-150.0000000 45.0000000 288.8757324
-150.0000000 50.0000000 236.3492432
-150.0000000 55.0000000 195.5681458
-150.0000000 60.0000000 197.1372223
-150.0000000 65.0000000 223.6620178
-150.0000000 70.0000000 386.2503052
-150.0000000 75.0000000 362.1581421
-150.0000000 80.0000000 314.3982239
-150.0000000 85.0000000 695.0675659
-144.0000000 -85.0000000 371.4971008
-144.0000000 -80.0000000 175.7693939
-144.0000000 -75.0000000 379.4260864
-144.0000000 -70.0000000 366.5474243
-144.0000000 -65.0000000 207.0638885
-144.0000000 -60.0000000 247.0024109
-144.0000000 -55.0000000 153.1692200
-144.0000000 -50.0000000 131.4525146
-144.0000000 -45.0000000 161.8326263
-144.0000000 -40.0000000 40.2356606
-144.0000000 -35.0000000 25.6101379
-144.0000000 -30.0000000 25.4124241
-144.0000000 -25.0000000 33.4546051
-144.0000000 -20.0000000 66.6261749
-144.0000000 -15.0000000 119.0906601
-144.0000000 -10.0000000 76.5856094
-144.0000000 -5.0000000 60.6541748
-144.0000000 0.0000000 105.4345245
-144.0000000 5.0000000 126.9985352
-144.0000000 10.0000000 122.6092529
-144.0000000 15.0000000 293.7556458
-144.0000000 20.0000000 593.2356567
-144.0000000 25.0000000 707.4020996
-144.0000000 30.0000000 700.4411621
-144.0000000 35.0000000 692.6429443
-144.0000000 40.0000000 645.6383057
-144.0000000 45.0000000 502.1708984
-144.0000000 50.0000000 328.5674438
-144.0000000 55.0000000 217.1383057
-144.0000000 60.0000000 316.2471924
-144.0000000 65.0000000 336.2814636
-144.0000000 70.0000000 359.8560486
-144.0000000 75.0000000 310.9091797
-144.0000000 80.0000000 314.5337830
-144.0000000 85.0000000 702.0172729
-138.0000000 -85.0000000 340.9947815
-138.0000000 -80.0000000 195.5726471
-138.0000000 -75.0000000 252.9894714
-138.0000000 -70.0000000 344.5166016
-138.0000000 -65.0000000 254.1266632
-138.0000000 -60.0000000 184.9664764
-138.0000000 -55.0000000 141.1698914
-138.0000000 -50.0000000 129.9493256
-138.0000000 -45.0000000 125.5596695
-138.0000000 -40.0000000 54.3969727
-138.0000000 -35.0000000 40.2228127
-138.0000000 -30.0000000 51.5499268
-138.0000000 -25.0000000 55.2252617
-138.0000000 -20.0000000 70.3998260
-138.0000000 -15.0000000 130.6916962
-138.0000000 -10.0000000 119.0295029
-138.0000000 -5.0000000 71.8181381
-138.0000000 0.0000000 181.2090759
-138.0000000 5.0000000 215.0166473
-138.0000000 10.0000000 165.2059937
-138.0000000 15.0000000 420.8637085
-138.0000000 20.0000000 570.2391357
-138.0000000 25.0000000 365.7140503
-138.0000000 30.0000000 492.0634766
-138.0000000 35.0000000 666.9958496
-138.0000000 40.0000000 586.2189331
-138.0000000 45.0000000 557.9951172
-138.0000000 50.0000000 410.9108276
-138.0000000 55.0000000 299.4199219
-138.0000000 60.0000000 505.6705933
-138.0000000 65.0000000 370.9297485
-138.0000000 70.0000000 336.2274780
-138.0000000 75.0000000 334.3256226
-138.0000000 80.0000000 343.2625427
-138.0000000 85.0000000 761.9423828
-132.0000000 -85.0000000 282.3923950
-132.0000000 -80.0000000 260.0628662
-132.0000000 -75.0000000 295.8480530
-132.0000000 -70.0000000 409.9880981
-132.0000000 -65.0000000 362.6784668
-132.0000000 -60.0000000 191.8935089
-132.0000000 -55.0000000 164.2351227
-132.0000000 -50.0000000 145.2329559
-132.0000000 -45.0000000 100.0733795
-132.0000000 -40.0000000 46.1520844
-132.0000000 -35.0000000 50.0349884
-132.0000000 -30.0000000 57.8924332
-132.0000000 -25.0000000 52.9033623
-132.0000000 -20.0000000 66.3412018
-132.0000000 -15.0000000 204.0310974
-132.0000000 -10.0000000 367.2364807
-132.0000000 -5.0000000 100.3288651
-132.0000000 0.0000000 204.0134125
-132.0000000 5.0000000 232.6516876
-132.0000000 10.0000000 223.7580261
-132.0000000 15.0000000 1467.7004395
-132.0000000 20.0000000 1935.2493896
-132.0000000 25.0000000 329.6593933
-132.0000000 30.0000000 209.7807312
-132.0000000 35.0000000 805.2011108
-132.0000000 40.0000000 521.3540039
-132.0000000 45.0000000 585.3021851
-132.0000000 50.0000000 418.7889709
-132.0000000 55.0000000 407.8822937
-132.0000000 60.0000000 549.7510376
-132.0000000 65.0000000 278.5364075
-132.0000000 70.0000000 329.9831848
-132.0000000 75.0000000 359.1798706
-132.0000000 80.0000000 327.5084534
-132.0000000 85.0000000 797.3165283
-126.0000000 -85.0000000 265.9183044
-126.0000000 -80.0000000 222.6855774
-126.0000000 -75.0000000 327.7263184
-126.0000000 -70.0000000 376.7855225
-126.0000000 -65.0000000 391.3594360
-126.0000000 -60.0000000 224.6934052
-126.0000000 -55.0000000 201.4725189
-126.0000000 -50.0000000 218.2445984
-126.0000000 -45.0000000 92.1325684
-126.0000000 -40.0000000 55.5506477
-126.0000000 -35.0000000 53.9687500
-126.0000000 -30.0000000 46.5734138
-126.0000000 -25.0000000 33.6784973
-126.0000000 -20.0000000 31.7533875
-126.0000000 -15.0000000 71.2669449
-126.0000000 -10.0000000 86.7882309
-126.0000000 -5.0000000 35.3210258
-126.0000000 0.0000000 176.6713867
-126.0000000 5.0000000 177.7156677
-126.0000000 10.0000000 175.9562378
-126.0000000 15.0000000 1612.7073975
-126.0000000 20.0000000 2533.8317871
-126.0000000 25.0000000 277.8468628
-126.0000000 30.0000000 247.0683289
-126.0000000 35.0000000 809.9832764
-126.0000000 40.0000000 733.6331787
-126.0000000 45.0000000 595.6996460
-126.0000000 50.0000000 405.3495483
-126.0000000 55.0000000 574.6902466
-126.0000000 60.0000000 510.7208862
-126.0000000 65.0000000 279.1513062
-126.0000000 70.0000000 286.4741211
-126.0000000 75.0000000 287.4057312
-126.0000000 80.0000000 295.3330383
-126.0000000 85.0000000 770.5276489
-120.0000000 -85.0000000 327.4016113
-120.0000000 -80.0000000 165.3185120
-120.0000000 -75.0000000 218.9794464
-120.0000000 -70.0000000 254.3590546
-120.0000000 -65.0000000 277.1740417
-120.0000000 -60.0000000 165.1922607
-120.0000000 -55.0000000 138.0945282
-120.0000000 -50.0000000 144.7021637
-120.0000000 -45.0000000 73.2314148
-120.0000000 -40.0000000 49.2373734
-120.0000000 -35.0000000 44.9800644
-120.0000000 -30.0000000 34.1886215
-120.0000000 -25.0000000 44.8393021
-120.0000000 -20.0000000 41.9005470
-120.0000000 -15.0000000 95.7630997
-120.0000000 -10.0000000 125.6437988
-120.0000000 -5.0000000 44.0905418
-120.0000000 0.0000000 99.8817902
-120.0000000 5.0000000 170.7866821
-120.0000000 10.0000000 78.0275879
-120.0000000 15.0000000 143.4492645
-120.0000000 20.0000000 253.0795441
-120.0000000 25.0000000 161.4112854
-120.0000000 30.0000000 320.2748413
-120.0000000 35.0000000 1037.4123535
-120.0000000 40.0000000 1536.2375488
-120.0000000 45.0000000 873.4838867
-120.0000000 50.0000000 427.9212341
-120.0000000 55.0000000 677.8503418
-120.0000000 60.0000000 530.9029541
-120.0000000 65.0000000 276.3541565
-120.0000000 70.0000000 317.1308594
-120.0000000 75.0000000 313.9023438
-120.0000000 80.0000000 307.0411682
-120.0000000 85.0000000 775.7899780
-114.0000000 -85.0000000 300.9161987
-114.0000000 -80.0000000 192.7027283
-114.0000000 -75.0000000 220.0964661
-114.0000000 -70.0000000 303.8209534
-114.0000000 -65.0000000 336.8106079
-114.0000000 -60.0000000 168.0089569
-114.0000000 -55.0000000 146.2059937
-114.0000000 -50.0000000 123.5852509
-114.0000000 -45.0000000 64.2821884
-114.0000000 -40.0000000 53.5318375
-114.0000000 -35.0000000 67.5349121
-114.0000000 -30.0000000 47.9613800
-114.0000000 -25.0000000 63.1063004
-114.0000000 -20.0000000 30.4898529
-114.0000000 -15.0000000 103.4836426
-114.0000000 -10.0000000 310.1007080
-114.0000000 -5.0000000 77.3938675
-114.0000000 0.0000000 77.7465744
-114.0000000 5.0000000 123.9351425
-114.0000000 10.0000000 125.9192123
-114.0000000 15.0000000 97.9118729
-114.0000000 20.0000000 160.8549805
-114.0000000 25.0000000 269.6150208
-114.0000000 30.0000000 469.2374573
-114.0000000 35.0000000 1988.0798340
-114.0000000 40.0000000 3315.3461914
-114.0000000 45.0000000 1146.6479492
-114.0000000 50.0000000 432.3322144
-114.0000000 55.0000000 710.9426880
-114.0000000 60.0000000 583.0113525
-114.0000000 65.0000000 333.0526428
-114.0000000 70.0000000 369.2902527
-114.0000000 75.0000000 354.3309326
-114.0000000 80.0000000 308.0669861
-114.0000000 85.0000000 892.8350830
-108.0000000 -85.0000000 280.3658447
-108.0000000 -80.0000000 178.1273193
-108.0000000 -75.0000000 230.7057343
-108.0000000 -70.0000000 231.0240936
-108.0000000 -65.0000000 262.2968140
-108.0000000 -60.0000000 128.7126160
-108.0000000 -55.0000000 124.1012726
-108.0000000 -50.0000000 199.7086029
-108.0000000 -45.0000000 88.4792709
-108.0000000 -40.0000000 56.9746628
-108.0000000 -35.0000000 37.7220383
-108.0000000 -30.0000000 16.8774757
-108.0000000 -25.0000000 15.7887897
-108.0000000 -20.0000000 11.8377399
-108.0000000 -15.0000000 27.0079441
-108.0000000 -10.0000000 63.4455338
-108.0000000 -5.0000000 33.3312378
-108.0000000 0.0000000 69.2948456
-108.0000000 5.0000000 42.9717407
-108.0000000 10.0000000 125.6549911
-108.0000000 15.0000000 166.1149292
-108.0000000 20.0000000 345.1138611
-108.0000000 25.0000000 670.2373657
-108.0000000 30.0000000 448.8128967
-108.0000000 35.0000000 1703.9743652
-108.0000000 40.0000000 2429.8625488
-108.0000000 45.0000000 1194.1900635
-108.0000000 50.0000000 575.4713745
-108.0000000 55.0000000 740.9634399
-108.0000000 60.0000000 549.1039429
-108.0000000 65.0000000 328.9729919
-108.0000000 70.0000000 396.1399536
-108.0000000 75.0000000 321.1023560
-108.0000000 80.0000000 297.8173218
-108.0000000 85.0000000 899.8001709
-102.0000000 -85.0000000 375.0315857
-102.0000000 -80.0000000 155.1701355
-102.0000000 -75.0000000 228.2424316
-102.0000000 -70.0000000 174.2437286
-102.0000000 -65.0000000 238.7339172
-102.0000000 -60.0000000 146.7160187
-102.0000000 -55.0000000 125.1674957
-102.0000000 -50.0000000 159.0828552
-102.0000000 -45.0000000 57.0018692
-102.0000000 -40.0000000 38.9895363
-102.0000000 -35.0000000 19.8256798
-102.0000000 -30.0000000 14.8655596
-102.0000000 -25.0000000 12.6973438
-102.0000000 -20.0000000 20.9034691
-102.0000000 -15.0000000 31.6658173
-102.0000000 -10.0000000 30.5657005
-102.0000000 -5.0000000 48.1451416
-102.0000000 0.0000000 26.5419502
-102.0000000 5.0000000 40.0378876
-102.0000000 10.0000000 351.0885315
-102.0000000 15.0000000 62.9069214
-102.0000000 20.0000000 77.1936874
-102.0000000 25.0000000 301.8926392
-102.0000000 30.0000000 266.9302979
-102.0000000 35.0000000 743.7936401
-102.0000000 40.0000000 1315.7343750
-102.0000000 45.0000000 904.5603638
-102.0000000 50.0000000 505.9591675
-102.0000000 55.0000000 668.6565552
-102.0000000 60.0000000 443.3224487
-102.0000000 65.0000000 306.3531494
-102.0000000 70.0000000 404.6929626
-102.0000000 75.0000000 301.4356079
-102.0000000 80.0000000 307.3227234
-102.0000000 85.0000000 942.8907471
-96.0000000 -85.0000000 413.0958557
-96.0000000 -80.0000000 156.8711853
-96.0000000 -75.0000000 284.4371948
-96.0000000 -70.0000000 186.9023743
-96.0000000 -65.0000000 244.6406708
-96.0000000 -60.0000000 180.4068298
-96.0000000 -55.0000000 163.9006805
-96.0000000 -50.0000000 131.7547150
-96.0000000 -45.0000000 53.6879578
-96.0000000 -40.0000000 41.2676964
-96.0000000 -35.0000000 70.7905731
-96.0000000 -30.0000000 73.8823395
-96.0000000 -25.0000000 43.2120628
-96.0000000 -20.0000000 58.4771118
-96.0000000 -15.0000000 131.2996216
-96.0000000 -10.0000000 73.9024887
-96.0000000 -5.0000000 80.7978592
-96.0000000 0.0000000 61.7378044
-96.0000000 5.0000000 44.6261024
-96.0000000 10.0000000 400.1892700
-96.0000000 15.0000000 182.8627167
-96.0000000 20.0000000 111.2079468
-96.0000000 25.0000000 285.8637695
-96.0000000 30.0000000 143.3526611
-96.0000000 35.0000000 585.8941650
-96.0000000 40.0000000 1308.9818115
-96.0000000 45.0000000 711.4538574
-96.0000000 50.0000000 477.7063599
-96.0000000 55.0000000 557.0721436
-96.0000000 60.0000000 333.1323547
-96.0000000 65.0000000 285.9904175
-96.0000000 70.0000000 449.3813477
-96.0000000 75.0000000 287.9069824
-96.0000000 80.0000000 332.0366821
-96.0000000 85.0000000 941.7708130
-90.0000000 -85.0000000 346.2788391
-90.0000000 -80.0000000 174.5700378
-90.0000000 -75.0000000 220.4643555
-90.0000000 -70.0000000 144.8919373
-90.0000000 -65.0000000 191.9715424
-90.0000000 -60.0000000 130.2430573
-90.0000000 -55.0000000 161.7996979
-90.0000000 -50.0000000 114.8123016
-90.0000000 -45.0000000 54.1856384
-90.0000000 -40.0000000 100.4878693
-90.0000000 -35.0000000 41.5821648
-90.0000000 -30.0000000 22.4802437
-90.0000000 -25.0000000 19.0963402
-90.0000000 -20.0000000 21.3512249
-90.0000000 -15.0000000 38.7653732
-90.0000000 -10.0000000 21.4226761
-90.0000000 -5.0000000 46.5703697
-90.0000000 0.0000000 66.5494156
-90.0000000 5.0000000 26.9451027
-90.0000000 10.0000000 41.4136848
-90.0000000 15.0000000 72.7143173
-90.0000000 20.0000000 139.1825256
-90.0000000 25.0000000 345.2278442
-90.0000000 30.0000000 177.7159576
-90.0000000 35.0000000 440.5262756
-90.0000000 40.0000000 830.2980347
-90.0000000 45.0000000 700.4762573
-90.0000000 50.0000000 520.7805786
-90.0000000 55.0000000 586.0753174
-90.0000000 60.0000000 358.6350098
-90.0000000 65.0000000 275.5752563
-90.0000000 70.0000000 387.9888000
-90.0000000 75.0000000 264.5592041
-90.0000000 80.0000000 295.6723022
-90.0000000 85.0000000 924.0975342
-84.0000000 -85.0000000 344.4483032
-84.0000000 -80.0000000 282.3522034
-84.0000000 -75.0000000 289.2199402
-84.0000000 -70.0000000 145.1807556
-84.0000000 -65.0000000 205.7492981
-84.0000000 -60.0000000 131.0184021
-84.0000000 -55.0000000 166.8183441
-84.0000000 -50.0000000 77.7181168
-84.0000000 -45.0000000 44.2697220
-84.0000000 -40.0000000 127.0951920
-84.0000000 -35.0000000 23.3281136
-84.0000000 -30.0000000 9.9613485
-84.0000000 -25.0000000 11.9529123
-84.0000000 -20.0000000 18.9868526
-84.0000000 -15.0000000 34.9753456
-84.0000000 -10.0000000 11.7994328
-84.0000000 -5.0000000 33.6810303
-84.0000000 0.0000000 58.7170334
-84.0000000 5.0000000 47.9673042
-84.0000000 10.0000000 119.8485489
-84.0000000 15.0000000 131.4919586
-84.0000000 20.0000000 131.6172333
-84.0000000 25.0000000 131.5922546
-84.0000000 30.0000000 154.9331818
-84.0000000 35.0000000 404.9858093
-84.0000000 40.0000000 898.0432739
-84.0000000 45.0000000 932.2423706
-84.0000000 50.0000000 481.2717896
-84.0000000 55.0000000 515.7962646
-84.0000000 60.0000000 392.3839722
-84.0000000 65.0000000 225.3409882
-84.0000000 70.0000000 299.7824402
-84.0000000 75.0000000 241.7201691
-84.0000000 80.0000000 269.4100342
-84.0000000 85.0000000 951.1325073
-78.0000000 -85.0000000 370.1885681
-78.0000000 -80.0000000 435.8961792
-78.0000000 -75.0000000 401.7116394
-78.0000000 -70.0000000 143.7993469
-78.0000000 -65.0000000 197.3326263
-78.0000000 -60.0000000 120.6642227
-78.0000000 -55.0000000 95.5787582
-78.0000000 -50.0000000 57.5892525
-78.0000000 -45.0000000 44.6005135
-78.0000000 -40.0000000 94.9078751
-78.0000000 -35.0000000 23.4177723
-78.0000000 -30.0000000 15.3771229
-78.0000000 -25.0000000 6.5413995
-78.0000000 -20.0000000 15.5527477
-78.0000000 -15.0000000 107.6324921
-78.0000000 -10.0000000 31.7785645
-78.0000000 -5.0000000 166.7281647
-78.0000000 0.0000000 122.3165054
-78.0000000 5.0000000 39.7903214
-78.0000000 10.0000000 108.0347672
-78.0000000 15.0000000 186.4595032
-78.0000000 20.0000000 129.4777832
-78.0000000 25.0000000 108.1332169
-78.0000000 30.0000000 129.8669891
-78.0000000 35.0000000 267.7159424
-78.0000000 40.0000000 872.5256958
-78.0000000 45.0000000 1335.4434814
-78.0000000 50.0000000 505.1786194
-78.0000000 55.0000000 293.9332886
-78.0000000 60.0000000 342.2648926
-78.0000000 65.0000000 182.1568604
-78.0000000 70.0000000 225.6488342
-78.0000000 75.0000000 224.0299072
-78.0000000 80.0000000 228.1948242
-78.0000000 85.0000000 995.3275146
-72.0000000 -85.0000000 369.8679810
-72.0000000 -80.0000000 254.0162811
-72.0000000 -75.0000000 248.1117706
-72.0000000 -70.0000000 96.8927689
-72.0000000 -65.0000000 180.5892792
-72.0000000 -60.0000000 108.4868546
-72.0000000 -55.0000000 80.0847168
-72.0000000 -50.0000000 102.1605377
-72.0000000 -45.0000000 70.4459686
-72.0000000 -40.0000000 75.7002106
-72.0000000 -35.0000000 38.9152603
-72.0000000 -30.0000000 38.5070076
-72.0000000 -25.0000000 6.2917762
-72.0000000 -20.0000000 50.9774437
-72.0000000 -15.0000000 235.7548523
-72.0000000 -10.0000000 39.6184883
-72.0000000 -5.0000000 221.5484619
-72.0000000 0.0000000 214.4090118
-72.0000000 5.0000000 54.5529861
-72.0000000 10.0000000 78.6940231
-72.0000000 15.0000000 156.1686859
-72.0000000 20.0000000 163.7403564
-72.0000000 25.0000000 159.1967010
-72.0000000 30.0000000 236.8689728
-72.0000000 35.0000000 421.5819397
-72.0000000 40.0000000 1128.9479980
-72.0000000 45.0000000 1484.2454834
-72.0000000 50.0000000 464.6367188
-72.0000000 55.0000000 221.9255371
-72.0000000 60.0000000 320.9244080
-72.0000000 65.0000000 126.6165390
-72.0000000 70.0000000 203.6994476
-72.0000000 75.0000000 212.0405579
-72.0000000 80.0000000 182.3638611
-72.0000000 85.0000000 994.6173706
-66.0000000 -85.0000000 524.3334961
-66.0000000 -80.0000000 226.4220886
-66.0000000 -75.0000000 418.5960388
-66.0000000 -70.0000000 163.6894989
-66.0000000 -65.0000000 212.8710175
-66.0000000 -60.0000000 147.4136200
-66.0000000 -55.0000000 102.4774628
-66.0000000 -50.0000000 76.9064789
-66.0000000 -45.0000000 100.9847031
-66.0000000 -40.0000000 71.5953827
-66.0000000 -35.0000000 30.6695366
-66.0000000 -30.0000000 43.1362953
-66.0000000 -25.0000000 8.6223259
-66.0000000 -20.0000000 46.5739822
-66.0000000 -15.0000000 50.9126205
-66.0000000 -10.0000000 10.9363995
-66.0000000 -5.0000000 39.3306885
-66.0000000 0.0000000 192.3456726
-66.0000000 5.0000000 100.5489960
-66.0000000 10.0000000 188.8864136
-66.0000000 15.0000000 419.8246155
-66.0000000 20.0000000 212.8009796
-66.0000000 25.0000000 90.6323624
-66.0000000 30.0000000 150.9344788
-66.0000000 35.0000000 645.0814209
-66.0000000 40.0000000 1479.0368652
-66.0000000 45.0000000 1436.2352295
-66.0000000 50.0000000 500.3577576
-66.0000000 55.0000000 161.3553467
-66.0000000 60.0000000 201.3958893
-66.0000000 65.0000000 113.2924805
-66.0000000 70.0000000 228.6290741
-66.0000000 75.0000000 205.9198761
-66.0000000 80.0000000 162.0983887
-66.0000000 85.0000000 757.4219971
-60.0000000 -85.0000000 513.1145630
-60.0000000 -80.0000000 226.1253204
-60.0000000 -75.0000000 308.4653320
-60.0000000 -70.0000000 144.1232910
-60.0000000 -65.0000000 133.6873932
-60.0000000 -60.0000000 136.7480927
-60.0000000 -55.0000000 101.1914368
-60.0000000 -50.0000000 43.8319626
-60.0000000 -45.0000000 77.9473114
-60.0000000 -40.0000000 62.8973618
-60.0000000 -35.0000000 23.4623528
-60.0000000 -30.0000000 12.5360413
-60.0000000 -25.0000000 22.9517612
-60.0000000 -20.0000000 76.8276520
-60.0000000 -15.0000000 21.5651627
-60.0000000 -10.0000000 116.4721527
-60.0000000 -5.0000000 211.8314972
-60.0000000 0.0000000 68.4012375
-60.0000000 5.0000000 68.9426575
-60.0000000 10.0000000 92.9531021
-60.0000000 15.0000000 238.8870087
-60.0000000 20.0000000 288.2065735
-60.0000000 25.0000000 86.1667480
-60.0000000 30.0000000 147.6428375
-60.0000000 35.0000000 720.3693848
-60.0000000 40.0000000 1496.6710205
-60.0000000 45.0000000 1441.0163574
-60.0000000 50.0000000 587.2179565
-60.0000000 55.0000000 160.6220093
-60.0000000 60.0000000 165.7849274
-60.0000000 65.0000000 106.9775238
-60.0000000 70.0000000 187.5668945
-60.0000000 75.0000000 222.7604980
-60.0000000 80.0000000 188.7989807
-60.0000000 85.0000000 756.1895752
-54.0000000 -85.0000000 408.5327148
-54.0000000 -80.0000000 196.8219604
-54.0000000 -75.0000000 216.2383270
-54.0000000 -70.0000000 156.2207336
-54.0000000 -65.0000000 135.0753326
-54.0000000 -60.0000000 175.9329376
-54.0000000 -55.0000000 96.4705505
-54.0000000 -50.0000000 38.8852959
-54.0000000 -45.0000000 97.7227325
-54.0000000 -40.0000000 92.5317459
-54.0000000 -35.0000000 51.7346802
-54.0000000 -30.0000000 10.7613134
-54.0000000 -25.0000000 81.9024506
-54.0000000 -20.0000000 159.6152039
-54.0000000 -15.0000000 16.3312550
-54.0000000 -10.0000000 154.7208862
-54.0000000 -5.0000000 117.4738770
-54.0000000 0.0000000 29.3364983
-54.0000000 5.0000000 103.3544159
-54.0000000 10.0000000 133.2769165
-54.0000000 15.0000000 303.1907043
-54.0000000 20.0000000 483.6052246
-54.0000000 25.0000000 110.8521729
-54.0000000 30.0000000 186.0573425
-54.0000000 35.0000000 914.1043091
-54.0000000 40.0000000 1488.1240234
-54.0000000 45.0000000 1054.5871582
-54.0000000 50.0000000 297.8477478
-54.0000000 55.0000000 101.7833405
-54.0000000 60.0000000 150.3559875
-54.0000000 65.0000000 115.2342529
-54.0000000 70.0000000 170.2048035
-54.0000000 75.0000000 209.4267273
-54.0000000 80.0000000 177.6259766
-54.0000000 85.0000000 759.2550049
-48.0000000 -85.0000000 675.0739746
-48.0000000 -80.0000000 281.9875793
-48.0000000 -75.0000000 396.5095825
-48.0000000 -70.0000000 231.7320251
-48.0000000 -65.0000000 165.8220520
-48.0000000 -60.0000000 270.3663940
-48.0000000 -55.0000000 114.2740936
-48.0000000 -50.0000000 70.6473007
-48.0000000 -45.0000000 179.9512024
-48.0000000 -40.0000000 124.9481049
-48.0000000 -35.0000000 69.0212250
-48.0000000 -30.0000000 7.0832000
-48.0000000 -25.0000000 21.2996044
-48.0000000 -20.0000000 77.1163330
-48.0000000 -15.0000000 9.5653639
-48.0000000 -10.0000000 51.6375809
-48.0000000 -5.0000000 77.1974945
-48.0000000 0.0000000 41.1360359
-48.0000000 5.0000000 167.3851013
-48.0000000 10.0000000 230.4401550
-48.0000000 15.0000000 343.5604248
-48.0000000 20.0000000 420.7079468
-48.0000000 25.0000000 100.6056137
-48.0000000 30.0000000 115.3985825
-48.0000000 35.0000000 450.9112244
-48.0000000 40.0000000 882.0213013
-48.0000000 45.0000000 506.5961914
-48.0000000 50.0000000 169.9054565
-48.0000000 55.0000000 93.9006348
-48.0000000 60.0000000 131.8497162
-48.0000000 65.0000000 125.8291168
-48.0000000 70.0000000 190.3906097
-48.0000000 75.0000000 203.9808655
-48.0000000 80.0000000 126.3245468
-48.0000000 85.0000000 870.9194336
-42.0000000 -85.0000000 687.6268921
-42.0000000 -80.0000000 230.5453644
-42.0000000 -75.0000000 319.7375793
-42.0000000 -70.0000000 190.2001495
-42.0000000 -65.0000000 137.4610291
-42.0000000 -60.0000000 181.1726685
-42.0000000 -55.0000000 85.8020020
-42.0000000 -50.0000000 55.6981201
-42.0000000 -45.0000000 144.9648438
-42.0000000 -40.0000000 106.4823227
-42.0000000 -35.0000000 112.2327499
-42.0000000 -30.0000000 6.6904626
-42.0000000 -25.0000000 19.6481056
-42.0000000 -20.0000000 58.5664139
-42.0000000 -15.0000000 14.5302229
-42.0000000 -10.0000000 89.5654449
-42.0000000 -5.0000000 292.6263123
-42.0000000 0.0000000 75.3789825
-42.0000000 5.0000000 130.6010437
-42.0000000 10.0000000 191.4622345
-42.0000000 15.0000000 245.0981140
-42.0000000 20.0000000 333.3013611
-42.0000000 25.0000000 124.9942474
-42.0000000 30.0000000 99.3972321
-42.0000000 35.0000000 195.5669403
-42.0000000 40.0000000 369.2492065
-42.0000000 45.0000000 196.8962708
-42.0000000 50.0000000 164.9778137
-42.0000000 55.0000000 104.0719604
-42.0000000 60.0000000 127.6306610
-42.0000000 65.0000000 129.6916199
-42.0000000 70.0000000 166.6747894
-42.0000000 75.0000000 188.8921509
-42.0000000 80.0000000 107.3646088
-42.0000000 85.0000000 902.0652466
-36.0000000 -85.0000000 484.4894104
-36.0000000 -80.0000000 202.3832703
-36.0000000 -75.0000000 375.6064758
-36.0000000 -70.0000000 292.4215698
-36.0000000 -65.0000000 207.2402344
-36.0000000 -60.0000000 180.3486786
-36.0000000 -55.0000000 67.4871979
-36.0000000 -50.0000000 51.5917892
-36.0000000 -45.0000000 87.2577133
-36.0000000 -40.0000000 53.5305557
-36.0000000 -35.0000000 77.6766434
-36.0000000 -30.0000000 9.0893688
-36.0000000 -25.0000000 43.1314354
-36.0000000 -20.0000000 251.9439697
-36.0000000 -15.0000000 36.4410629
-36.0000000 -10.0000000 89.8178177
-36.0000000 -5.0000000 428.4584045
-36.0000000 0.0000000 128.6983490
-36.0000000 5.0000000 135.7316589
-36.0000000 10.0000000 171.4416504
-36.0000000 15.0000000 243.2137146
-36.0000000 20.0000000 417.4948730
-36.0000000 25.0000000 186.3915253
-36.0000000 30.0000000 148.0904388
-36.0000000 35.0000000 239.9945526
-36.0000000 40.0000000 254.8318634
-36.0000000 45.0000000 138.3558655
-36.0000000 50.0000000 117.4906769
-36.0000000 55.0000000 81.8833160
-36.0000000 60.0000000 96.1605682
-36.0000000 65.0000000 135.1045685
-36.0000000 70.0000000 182.7798615
-36.0000000 75.0000000 216.7244568
-36.0000000 80.0000000 135.4972229
-36.0000000 85.0000000 743.9743652
-30.0000000 -85.0000000 560.0302734
-30.0000000 -80.0000000 256.9112549
-30.0000000 -75.0000000 517.6212158
-30.0000000 -70.0000000 446.8504944
-30.0000000 -65.0000000 292.7217407
-30.0000000 -60.0000000 213.7209167
-30.0000000 -55.0000000 62.9315491
-30.0000000 -50.0000000 45.2746506
-30.0000000 -45.0000000 72.6978912
-30.0000000 -40.0000000 62.2861824
-30.0000000 -35.0000000 31.0576382
-30.0000000 -30.0000000 5.3325648
-30.0000000 -25.0000000 8.1288195
-30.0000000 -20.0000000 108.3622208
-30.0000000 -15.0000000 101.6206741
-30.0000000 -10.0000000 22.1262016
-30.0000000 -5.0000000 47.3249474
-30.0000000 0.0000000 58.8172913
-30.0000000 5.0000000 64.2177200
-30.0000000 10.0000000 151.3112335
-30.0000000 15.0000000 291.3446045
-30.0000000 20.0000000 481.7290039
-30.0000000 25.0000000 239.4095917
-30.0000000 30.0000000 208.9829407
-30.0000000 35.0000000 232.5543213
-30.0000000 40.0000000 192.6811981
-30.0000000 45.0000000 101.3557816
-30.0000000 50.0000000 114.5958099
-30.0000000 55.0000000 108.4877548
-30.0000000 60.0000000 110.0466766
-30.0000000 65.0000000 129.0660095
-30.0000000 70.0000000 182.4272614
-30.0000000 75.0000000 246.7522736
-30.0000000 80.0000000 210.4935608
-30.0000000 85.0000000 654.5428467
-24.0000000 -85.0000000 596.2176514
-24.0000000 -80.0000000 274.3066711
-24.0000000 -75.0000000 458.2142029
-24.0000000 -70.0000000 401.5902710
-24.0000000 -65.0000000 230.9127960
-24.0000000 -60.0000000 176.4376373
-24.0000000 -55.0000000 79.9158630
-24.0000000 -50.0000000 42.8153152
-24.0000000 -45.0000000 117.7456818
-24.0000000 -40.0000000 67.0828552
-24.0000000 -35.0000000 36.8691483
-24.0000000 -30.0000000 35.2215805
-24.0000000 -25.0000000 6.2566333
-24.0000000 -20.0000000 22.3469944
-24.0000000 -15.0000000 37.9303246
-24.0000000 -10.0000000 17.8575249
-24.0000000 -5.0000000 56.7073174
-24.0000000 0.0000000 163.2893372
-24.0000000 5.0000000 99.1394653
-24.0000000 10.0000000 186.7947540
-24.0000000 15.0000000 307.8320007
-24.0000000 20.0000000 402.0801392
-24.0000000 25.0000000 250.1007843
-24.0000000 30.0000000 221.1122589
-24.0000000 35.0000000 305.4648132
-24.0000000 40.0000000 225.4584198
-24.0000000 45.0000000 80.4104538
-24.0000000 50.0000000 122.5695190
-24.0000000 55.0000000 131.3673401
-24.0000000 60.0000000 118.2336044
-24.0000000 65.0000000 149.3992767
-24.0000000 70.0000000 150.1363220
-24.0000000 75.0000000 239.2116241
-24.0000000 80.0000000 231.5511780
-24.0000000 85.0000000 602.8416138
-18.0000000 -85.0000000 484.8185425
-18.0000000 -80.0000000 237.3487549
-18.0000000 -75.0000000 523.8163452
-18.0000000 -70.0000000 454.5635681
-18.0000000 -65.0000000 266.4878845
-18.0000000 -60.0000000 188.6123810
-18.0000000 -55.0000000 63.0709610
-18.0000000 -50.0000000 47.0004349
-18.0000000 -45.0000000 113.1135101
-18.0000000 -40.0000000 50.6374779
-18.0000000 -35.0000000 28.2825260
-18.0000000 -30.0000000 59.3007202
-18.0000000 -25.0000000 13.3861437
-18.0000000 -20.0000000 21.8650246
-18.0000000 -15.0000000 79.7202682
-18.0000000 -10.0000000 84.6752777
-18.0000000 -5.0000000 138.6789246
-18.0000000 0.0000000 170.7045593
-18.0000000 5.0000000 128.2487030
-18.0000000 10.0000000 158.0998840
-18.0000000 15.0000000 273.5029602
-18.0000000 20.0000000 442.6378479
-18.0000000 25.0000000 379.4512024
-18.0000000 30.0000000 269.6418152
-18.0000000 35.0000000 523.8437500
-18.0000000 40.0000000 374.6797485
-18.0000000 45.0000000 86.1531677
-18.0000000 50.0000000 105.7033463
-18.0000000 55.0000000 108.4506378
-18.0000000 60.0000000 84.2656708
-18.0000000 65.0000000 173.6152954
-18.0000000 70.0000000 141.1255341
-18.0000000 75.0000000 267.0387878
-18.0000000 80.0000000 296.6652222
-18.0000000 85.0000000 645.8709717
-12.0000000 -85.0000000 519.8665161
-12.0000000 -80.0000000 250.1973572
-12.0000000 -75.0000000 556.4019775
-12.0000000 -70.0000000 489.4325562
-12.0000000 -65.0000000 338.2011108
-12.0000000 -60.0000000 246.8192139
-12.0000000 -55.0000000 51.1514893
-12.0000000 -50.0000000 36.5673447
-12.0000000 -45.0000000 83.5540619
-12.0000000 -40.0000000 56.4173965
-12.0000000 -35.0000000 44.6274452
-12.0000000 -30.0000000 63.5693283
-12.0000000 -25.0000000 27.3762856
-12.0000000 -20.0000000 42.6889725
-12.0000000 -15.0000000 108.4170151
-12.0000000 -10.0000000 46.8032799
-12.0000000 -5.0000000 27.0523281
-12.0000000 0.0000000 34.4450836
-12.0000000 5.0000000 73.2079010
-12.0000000 10.0000000 140.5925751
-12.0000000 15.0000000 254.9953613
-12.0000000 20.0000000 552.3214722
-12.0000000 25.0000000 628.5220947
-12.0000000 30.0000000 385.1038818
-12.0000000 35.0000000 590.2094116
-12.0000000 40.0000000 540.1942749
-12.0000000 45.0000000 82.6495819
-12.0000000 50.0000000 95.3300018
-12.0000000 55.0000000 122.1789703
-12.0000000 60.0000000 102.0967102
-12.0000000 65.0000000 191.6352997
-12.0000000 70.0000000 145.6715546
-12.0000000 75.0000000 274.8406372
-12.0000000 80.0000000 308.4595337
-12.0000000 85.0000000 657.5449829
-6.0000000 -85.0000000 554.1345215
-6.0000000 -80.0000000 267.3903198
-6.0000000 -75.0000000 442.7868042
-6.0000000 -70.0000000 358.3009949
-6.0000000 -65.0000000 275.0772095
-6.0000000 -60.0000000 217.6439667
-6.0000000 -55.0000000 50.5936852
-6.0000000 -50.0000000 64.6964264
-6.0000000 -45.0000000 123.7219238
-6.0000000 -40.0000000 67.9522705
-6.0000000 -35.0000000 65.0810776
-6.0000000 -30.0000000 101.4236298
-6.0000000 -25.0000000 41.3992195
-6.0000000 -20.0000000 40.5806427
-6.0000000 -15.0000000 89.0195694
-6.0000000 -10.0000000 81.3315277
-6.0000000 -5.0000000 59.4459114
-6.0000000 0.0000000 72.6162033
-6.0000000 5.0000000 118.5648651
-6.0000000 10.0000000 142.8911438
-6.0000000 15.0000000 179.6893616
-6.0000000 20.0000000 434.0995178
-6.0000000 25.0000000 683.3594360
-6.0000000 30.0000000 507.4822388
-6.0000000 35.0000000 704.4387207
-6.0000000 40.0000000 594.4209595
-6.0000000 45.0000000 135.4275665
-6.0000000 50.0000000 127.4999161
-6.0000000 55.0000000 133.5599060
-6.0000000 60.0000000 132.2026062
-6.0000000 65.0000000 253.8785095
-6.0000000 70.0000000 171.2256622
-6.0000000 75.0000000 276.5243835
-6.0000000 80.0000000 319.8883667
-6.0000000 85.0000000 702.0991821
0.0000000 -85.0000000 696.1548462
0.0000000 -80.0000000 296.2677307
0.0000000 -75.0000000 407.1698608
0.0000000 -70.0000000 343.8105164
0.0000000 -65.0000000 241.4035187
0.0000000 -60.0000000 205.2090607
0.0000000 -55.0000000 79.8606491
0.0000000 -50.0000000 102.8480835
0.0000000 -45.0000000 129.1431580
0.0000000 -40.0000000 67.7805862
0.0000000 -35.0000000 62.7746277
0.0000000 -30.0000000 94.5634689
0.0000000 -25.0000000 82.1733398
0.0000000 -20.0000000 86.8564987
0.0000000 -15.0000000 98.0636139
0.0000000 -10.0000000 57.5801582
0.0000000 -5.0000000 79.0674362
0.0000000 0.0000000 97.2572098
0.0000000 5.0000000 157.4730835
0.0000000 10.0000000 152.9062347
0.0000000 15.0000000 145.0314636
0.0000000 20.0000000 291.8411865
0.0000000 25.0000000 478.9949646
0.0000000 30.0000000 471.1480103
0.0000000 35.0000000 740.6812744
0.0000000 40.0000000 650.5488892
0.0000000 45.0000000 180.6355896
0.0000000 50.0000000 151.6423187
0.0000000 55.0000000 137.3277893
0.0000000 60.0000000 141.9176331
0.0000000 65.0000000 252.5764618
0.0000000 70.0000000 182.5217285
0.0000000 75.0000000 267.0598450
0.0000000 80.0000000 356.3302307
0.0000000 85.0000000 747.6182251
6.0000000 -85.0000000 616.8607788
6.0000000 -80.0000000 296.3374329
6.0000000 -75.0000000 356.4052124
6.0000000 -70.0000000 305.7315674
6.0000000 -65.0000000 213.5383759
6.0000000 -60.0000000 210.0370331
6.0000000 -55.0000000 81.8764954
6.0000000 -50.0000000 61.0898323
6.0000000 -45.0000000 63.6491814
6.0000000 -40.0000000 39.1798782
6.0000000 -35.0000000 39.2698059
6.0000000 -30.0000000 85.5586548
6.0000000 -25.0000000 92.8540497
6.0000000 -20.0000000 133.5360413
6.0000000 -15.0000000 157.1258698
6.0000000 -10.0000000 88.7570724
6.0000000 -5.0000000 76.5114441
6.0000000 0.0000000 83.4464874
6.0000000 5.0000000 163.9948425
6.0000000 10.0000000 196.2825623
6.0000000 15.0000000 151.5745850
6.0000000 20.0000000 250.7071228
6.0000000 25.0000000 296.9677124
6.0000000 30.0000000 407.2403259
6.0000000 35.0000000 749.4669800
6.0000000 40.0000000 570.0673218
6.0000000 45.0000000 181.0932922
6.0000000 50.0000000 138.1395569
6.0000000 55.0000000 116.9123383
6.0000000 60.0000000 107.7649918
6.0000000 65.0000000 259.8151245
6.0000000 70.0000000 178.8292236
6.0000000 75.0000000 251.7111511
6.0000000 80.0000000 404.3900452
6.0000000 85.0000000 670.7399292
12.0000000 -85.0000000 502.3153687
12.0000000 -80.0000000 288.3298340
12.0000000 -75.0000000 348.4613647
12.0000000 -70.0000000 239.2383575
12.0000000 -65.0000000 174.1625977
12.0000000 -60.0000000 165.5123444
12.0000000 -55.0000000 72.4876175
12.0000000 -50.0000000 48.3281631
12.0000000 -45.0000000 73.4375687
12.0000000 -40.0000000 48.8486099
12.0000000 -35.0000000 43.5523491
12.0000000 -30.0000000 69.0173035
12.0000000 -25.0000000 80.8727722
12.0000000 -20.0000000 102.3218536
12.0000000 -15.0000000 142.2571106
12.0000000 -10.0000000 135.7940521
12.0000000 -5.0000000 94.2241974
12.0000000 0.0000000 101.5198898
12.0000000 5.0000000 143.6358948
12.0000000 10.0000000 185.9754944
12.0000000 15.0000000 185.1157227
12.0000000 20.0000000 245.4207458
12.0000000 25.0000000 223.2305145
12.0000000 30.0000000 345.0153809
12.0000000 35.0000000 739.0645752
12.0000000 40.0000000 582.4844971
12.0000000 45.0000000 248.0174255
12.0000000 50.0000000 215.9359131
12.0000000 55.0000000 147.2946320
12.0000000 60.0000000 109.5748291
12.0000000 65.0000000 263.2129211
12.0000000 70.0000000 191.7968750
12.0000000 75.0000000 272.1880493
12.0000000 80.0000000 474.2231445
12.0000000 85.0000000 714.2718506
18.0000000 -85.0000000 527.9493408
18.0000000 -80.0000000 438.5678101
18.0000000 -75.0000000 391.5585327
18.0000000 -70.0000000 232.0637207
18.0000000 -65.0000000 189.1357117
18.0000000 -60.0000000 148.4825745
18.0000000 -55.0000000 78.5480881
18.0000000 -50.0000000 90.0786438
18.0000000 -45.0000000 90.9965973
18.0000000 -40.0000000 53.7091179
18.0000000 -35.0000000 31.9620361
18.0000000 -30.0000000 42.7543716
18.0000000 -25.0000000 87.2713928
18.0000000 -20.0000000 80.7475815
18.0000000 -15.0000000 122.6717911
18.0000000 -10.0000000 132.8861084
18.0000000 -5.0000000 72.4135742
18.0000000 0.0000000 90.3315659
18.0000000 5.0000000 151.3287048
18.0000000 10.0000000 173.2254639
18.0000000 15.0000000 176.8247681
18.0000000 20.0000000 246.7657776
18.0000000 25.0000000 352.1215820
18.0000000 30.0000000 439.7399902
18.0000000 35.0000000 727.8255615
18.0000000 40.0000000 837.9387817
18.0000000 45.0000000 352.5101929
18.0000000 50.0000000 268.8886108
18.0000000 55.0000000 267.0967712
18.0000000 60.0000000 181.9189758
18.0000000 65.0000000 309.3984680
18.0000000 70.0000000 209.5052948
18.0000000 75.0000000 272.5023499
18.0000000 80.0000000 457.8528442
18.0000000 85.0000000 758.9822998
24.0000000 -85.0000000 419.4927368
24.0000000 -80.0000000 360.7567749
24.0000000 -75.0000000 271.7097168
24.0000000 -70.0000000 196.2231598
24.0000000 -65.0000000 165.0916748
24.0000000 -60.0000000 125.9654083
24.0000000 -55.0000000 72.7660141
24.0000000 -50.0000000 79.9218292
24.0000000 -45.0000000 64.2317963
24.0000000 -40.0000000 26.0658455
24.0000000 -35.0000000 33.7245712
24.0000000 -30.0000000 50.9031982
24.0000000 -25.0000000 117.2895279
24.0000000 -20.0000000 99.0493393
24.0000000 -15.0000000 106.4993439
24.0000000 -10.0000000 150.1304169
24.0000000 -5.0000000 91.2653198
24.0000000 0.0000000 90.9111176
24.0000000 5.0000000 135.6139221
24.0000000 10.0000000 176.3853760
24.0000000 15.0000000 138.9707336
24.0000000 20.0000000 225.4324951
24.0000000 25.0000000 418.7296448
24.0000000 30.0000000 501.7520142
24.0000000 35.0000000 732.3335571
24.0000000 40.0000000 845.0279541
24.0000000 45.0000000 337.8103943
24.0000000 50.0000000 208.9109192
24.0000000 55.0000000 207.7368164
24.0000000 60.0000000 202.2666473
24.0000000 65.0000000 313.5598145
24.0000000 70.0000000 227.5950623
24.0000000 75.0000000 292.0354614
24.0000000 80.0000000 435.7971191
24.0000000 85.0000000 729.4106445
30.0000000 -85.0000000 475.8785095
30.0000000 -80.0000000 237.9364471
30.0000000 -75.0000000 236.4861755
30.0000000 -70.0000000 244.5359802
30.0000000 -65.0000000 183.0643158
30.0000000 -60.0000000 119.5848236
30.0000000 -55.0000000 92.5900497
30.0000000 -50.0000000 90.5147247
30.0000000 -45.0000000 96.8012924
30.0000000 -40.0000000 93.0256500
30.0000000 -35.0000000 82.7108307
30.0000000 -30.0000000 39.7095795
30.0000000 -25.0000000 67.3932037
30.0000000 -20.0000000 87.0623550
30.0000000 -15.0000000 76.7518768
30.0000000 -10.0000000 133.3779449
30.0000000 -5.0000000 182.4135132
30.0000000 0.0000000 140.1604919
30.0000000 5.0000000 153.3438721
30.0000000 10.0000000 248.5450897
30.0000000 15.0000000 186.6403809
30.0000000 20.0000000 267.6779175
30.0000000 25.0000000 385.6243286
30.0000000 30.0000000 526.5056152
30.0000000 35.0000000 897.8378906
30.0000000 40.0000000 679.8840332
30.0000000 45.0000000 281.2355957
30.0000000 50.0000000 206.5887756
30.0000000 55.0000000 216.0307312
30.0000000 60.0000000 205.1802673
30.0000000 65.0000000 285.0107117
30.0000000 70.0000000 238.7709198
30.0000000 75.0000000 324.8016968
30.0000000 80.0000000 491.1914673
30.0000000 85.0000000 721.2982178
36.0000000 -85.0000000 527.6016846
36.0000000 -80.0000000 190.1716766
36.0000000 -75.0000000 250.0647278
36.0000000 -70.0000000 262.4650269
36.0000000 -65.0000000 169.4465637
36.0000000 -60.0000000 111.9111328
36.0000000 -55.0000000 98.5452728
36.0000000 -50.0000000 53.9612427
36.0000000 -45.0000000 36.2946091
36.0000000 -40.0000000 42.1535835
36.0000000 -35.0000000 50.7268448
36.0000000 -30.0000000 43.1925087
36.0000000 -25.0000000 54.1224861
36.0000000 -20.0000000 89.0182037
36.0000000 -15.0000000 84.0723267
36.0000000 -10.0000000 100.6189728
36.0000000 -5.0000000 163.7156677
36.0000000 0.0000000 125.2935333
36.0000000 5.0000000 157.1938629
36.0000000 10.0000000 162.3750000
36.0000000 15.0000000 133.6518402
36.0000000 20.0000000 219.7379456
36.0000000 25.0000000 358.9058838
36.0000000 30.0000000 633.6451416
36.0000000 35.0000000 1348.3172607
36.0000000 40.0000000 822.0348511
36.0000000 45.0000000 327.8888245
36.0000000 50.0000000 180.7421570
36.0000000 55.0000000 206.3333740
36.0000000 60.0000000 200.6072388
36.0000000 65.0000000 263.1448059
36.0000000 70.0000000 287.4003906
36.0000000 75.0000000 388.4485779
36.0000000 80.0000000 493.3764648
36.0000000 85.0000000 742.6481934
42.0000000 -85.0000000 361.7993469
42.0000000 -80.0000000 155.7086487
42.0000000 -75.0000000 293.9420471
42.0000000 -70.0000000 185.5912628
42.0000000 -65.0000000 100.3014374
42.0000000 -60.0000000 85.4152679
42.0000000 -55.0000000 54.0356026
42.0000000 -50.0000000 31.5103874
42.0000000 -45.0000000 16.8719749
42.0000000 -40.0000000 14.0376616
42.0000000 -35.0000000 34.3807068
42.0000000 -30.0000000 55.2433853
42.0000000 -25.0000000 68.2962875
42.0000000 -20.0000000 75.0271149
42.0000000 -15.0000000 53.0458069
42.0000000 -10.0000000 56.6600151
42.0000000 -5.0000000 74.2986298
42.0000000 0.0000000 74.4645538
42.0000000 5.0000000 133.6732330
42.0000000 10.0000000 124.9913483
42.0000000 15.0000000 106.3668365
42.0000000 20.0000000 248.1761780
42.0000000 25.0000000 366.4558411
42.0000000 30.0000000 799.7537231
42.0000000 35.0000000 1777.8157959
42.0000000 40.0000000 966.9013672
42.0000000 45.0000000 422.4867249
42.0000000 50.0000000 266.3854980
42.0000000 55.0000000 233.6866760
42.0000000 60.0000000 197.3503418
42.0000000 65.0000000 222.0963135
42.0000000 70.0000000 343.9858093
42.0000000 75.0000000 385.2151489
42.0000000 80.0000000 430.5871582
42.0000000 85.0000000 833.2965698
48.0000000 -85.0000000 385.0855713
48.0000000 -80.0000000 172.5182343
48.0000000 -75.0000000 451.1785278
48.0000000 -70.0000000 195.0255890
48.0000000 -65.0000000 130.8312531
48.0000000 -60.0000000 127.1732635
48.0000000 -55.0000000 45.9154320
48.0000000 -50.0000000 65.9738159
48.0000000 -45.0000000 83.4822311
48.0000000 -40.0000000 39.4433517
48.0000000 -35.0000000 92.8096085
48.0000000 -30.0000000 96.4113922
48.0000000 -25.0000000 45.3714256
48.0000000 -20.0000000 44.0516968
48.0000000 -15.0000000 68.8607941
48.0000000 -10.0000000 77.3207855
48.0000000 -5.0000000 71.7500534
48.0000000 0.0000000 88.8667603
48.0000000 5.0000000 213.9350891
48.0000000 10.0000000 165.7413635
48.0000000 15.0000000 143.4116058
48.0000000 20.0000000 398.4454956
48.0000000 25.0000000 330.0578918
48.0000000 30.0000000 825.2902222
48.0000000 35.0000000 1870.8085938
48.0000000 40.0000000 1082.8062744
48.0000000 45.0000000 536.3674316
48.0000000 50.0000000 345.6093140
48.0000000 55.0000000 272.8442993
48.0000000 60.0000000 220.9154968
48.0000000 65.0000000 203.4069061
48.0000000 70.0000000 426.1520996
48.0000000 75.0000000 356.1744995
48.0000000 80.0000000 373.0684814
48.0000000 85.0000000 821.6235352
54.0000000 -85.0000000 353.6038208
54.0000000 -80.0000000 164.2566071
54.0000000 -75.0000000 321.2103577
54.0000000 -70.0000000 155.1208496
54.0000000 -65.0000000 91.2619171
54.0000000 -60.0000000 115.3948364
54.0000000 -55.0000000 47.2381592
54.0000000 -50.0000000 77.2837906
54.0000000 -45.0000000 69.6316223
54.0000000 -40.0000000 39.3848267
54.0000000 -35.0000000 105.6698151
54.0000000 -30.0000000 183.5215759
54.0000000 -25.0000000 52.7813110
54.0000000 -20.0000000 34.7349892
54.0000000 -15.0000000 94.8795624
54.0000000 -10.0000000 105.5386124
54.0000000 -5.0000000 119.0977936
54.0000000 0.0000000 138.1208801
54.0000000 5.0000000 205.0139923
54.0000000 10.0000000 158.9513550
54.0000000 15.0000000 143.0051575
54.0000000 20.0000000 396.8071594
54.0000000 25.0000000 242.1036072
54.0000000 30.0000000 580.2821045
54.0000000 35.0000000 1623.4412842
54.0000000 40.0000000 936.4066162
54.0000000 45.0000000 540.8770752
54.0000000 50.0000000 361.3023376
54.0000000 55.0000000 223.3414001
54.0000000 60.0000000 198.3995361
54.0000000 65.0000000 242.4807129
54.0000000 70.0000000 444.9095764
54.0000000 75.0000000 322.1431580
54.0000000 80.0000000 315.6051941
54.0000000 85.0000000 831.4735107
60.0000000 -85.0000000 390.9721069
60.0000000 -80.0000000 148.4574280
60.0000000 -75.0000000 368.4158325
60.0000000 -70.0000000 117.7093048
60.0000000 -65.0000000 86.1145172
60.0000000 -60.0000000 147.0280304
60.0000000 -55.0000000 82.5603485
60.0000000 -50.0000000 78.2009735
60.0000000 -45.0000000 58.1443787
60.0000000 -40.0000000 28.7376804
60.0000000 -35.0000000 42.3381119
60.0000000 -30.0000000 115.3613052
60.0000000 -25.0000000 72.9361115
60.0000000 -20.0000000 20.9155006
60.0000000 -15.0000000 37.6759758
60.0000000 -10.0000000 43.2065506
60.0000000 -5.0000000 79.7427521
60.0000000 0.0000000 78.9777374
60.0000000 5.0000000 117.5055695
60.0000000 10.0000000 189.3626099
60.0000000 15.0000000 196.1788177
60.0000000 20.0000000 407.3993835
60.0000000 25.0000000 323.6640320
60.0000000 30.0000000 533.4291992
60.0000000 35.0000000 968.7879639
60.0000000 40.0000000 711.4573975
60.0000000 45.0000000 567.9652100
60.0000000 50.0000000 342.8436279
60.0000000 55.0000000 189.2548523
60.0000000 60.0000000 192.5369415
60.0000000 65.0000000 246.6407928
60.0000000 70.0000000 401.4983826
60.0000000 75.0000000 253.6734314
60.0000000 80.0000000 303.4128113
60.0000000 85.0000000 858.1876831
66.0000000 -85.0000000 503.0482788
66.0000000 -80.0000000 156.0246124
66.0000000 -75.0000000 661.7899170
66.0000000 -70.0000000 142.1709290
66.0000000 -65.0000000 183.1647186
66.0000000 -60.0000000 194.1634979
66.0000000 -55.0000000 110.0701447
66.0000000 -50.0000000 61.2966003
66.0000000 -45.0000000 93.1483154
66.0000000 -40.0000000 48.9556656
66.0000000 -35.0000000 60.7868843
66.0000000 -30.0000000 75.9633636
66.0000000 -25.0000000 112.2104034
66.0000000 -20.0000000 13.4969606
66.0000000 -15.0000000 20.5350971
66.0000000 -10.0000000 38.8528595
66.0000000 -5.0000000 57.3183098
66.0000000 0.0000000 71.8488083
66.0000000 5.0000000 103.3558197
66.0000000 10.0000000 183.4526672
66.0000000 15.0000000 204.8063965
66.0000000 20.0000000 253.6450195
66.0000000 25.0000000 284.3661499
66.0000000 30.0000000 470.7916565
66.0000000 35.0000000 530.9456787
66.0000000 40.0000000 726.5477295
66.0000000 45.0000000 505.4877319
66.0000000 50.0000000 278.5471497
66.0000000 55.0000000 226.2846375
66.0000000 60.0000000 177.8005219
66.0000000 65.0000000 236.5168457
66.0000000 70.0000000 383.1242676
66.0000000 75.0000000 279.6684265
66.0000000 80.0000000 282.3207703
66.0000000 85.0000000 678.5391235
72.0000000 -85.0000000 564.6508179
72.0000000 -80.0000000 160.8704987
72.0000000 -75.0000000 556.5333252
72.0000000 -70.0000000 162.9834290
72.0000000 -65.0000000 224.5940399
72.0000000 -60.0000000 235.4052429
72.0000000 -55.0000000 100.2068024
72.0000000 -50.0000000 34.9150009
72.0000000 -45.0000000 48.4452133
72.0000000 -40.0000000 44.5171661
72.0000000 -35.0000000 38.8095551
72.0000000 -30.0000000 52.8738213
72.0000000 -25.0000000 128.7850037
72.0000000 -20.0000000 24.3573551
72.0000000 -15.0000000 38.1396103
72.0000000 -10.0000000 116.7073517
72.0000000 -5.0000000 131.7867737
72.0000000 0.0000000 121.5754395
72.0000000 5.0000000 118.9349213
72.0000000 10.0000000 263.8155823
72.0000000 15.0000000 266.6378784
72.0000000 20.0000000 288.4589539
72.0000000 25.0000000 410.7479553
72.0000000 30.0000000 556.4318237
72.0000000 35.0000000 794.6141968
72.0000000 40.0000000 960.6282959
72.0000000 45.0000000 427.8516235
72.0000000 50.0000000 229.4165802
72.0000000 55.0000000 265.2472229
72.0000000 60.0000000 202.6056213
72.0000000 65.0000000 229.1300964
72.0000000 70.0000000 367.5921021
72.0000000 75.0000000 281.8445740
72.0000000 80.0000000 276.2546997
72.0000000 85.0000000 654.5261230
78.0000000 -85.0000000 612.9244995
78.0000000 -80.0000000 147.5735168
78.0000000 -75.0000000 423.6637268
78.0000000 -70.0000000 200.9245300
78.0000000 -65.0000000 171.0178070
78.0000000 -60.0000000 211.5918274
78.0000000 -55.0000000 92.6545029
78.0000000 -50.0000000 31.3257504
78.0000000 -45.0000000 50.0892525
78.0000000 -40.0000000 30.8100834
78.0000000 -35.0000000 10.0786724
78.0000000 -30.0000000 38.9354630
78.0000000 -25.0000000 56.6509209
78.0000000 -20.0000000 25.4277344
78.0000000 -15.0000000 19.9721413
78.0000000 -10.0000000 51.4715500
78.0000000 -5.0000000 101.6937408
78.0000000 0.0000000 146.1778870
78.0000000 5.0000000 176.3087463
78.0000000 10.0000000 422.0019531
78.0000000 15.0000000 339.8695068
78.0000000 20.0000000 455.2222290
78.0000000 25.0000000 708.5706177
78.0000000 30.0000000 511.7957153
78.0000000 35.0000000 821.9788208
78.0000000 40.0000000 748.4259033
78.0000000 45.0000000 285.8409729
78.0000000 50.0000000 194.3997345
78.0000000 55.0000000 218.4667511
78.0000000 60.0000000 215.5354309
78.0000000 65.0000000 237.8376007
78.0000000 70.0000000 391.3435669
78.0000000 75.0000000 278.4196777
78.0000000 80.0000000 270.6462708
78.0000000 85.0000000 777.2135010
84.0000000 -85.0000000 507.0554199
84.0000000 -80.0000000 132.4887390
84.0000000 -75.0000000 502.7494202
84.0000000 -70.0000000 270.6770630
84.0000000 -65.0000000 190.1071472
84.0000000 -60.0000000 194.8394470
84.0000000 -55.0000000 108.4727020
84.0000000 -50.0000000 38.1745834
84.0000000 -45.0000000 71.4248123
84.0000000 -40.0000000 24.6554756
84.0000000 -35.0000000 8.2873259
84.0000000 -30.0000000 97.1317596
84.0000000 -25.0000000 71.1976318
84.0000000 -20.0000000 33.2155762
84.0000000 -15.0000000 34.6792488
84.0000000 -10.0000000 41.6753922
84.0000000 -5.0000000 105.7266388
84.0000000 0.0000000 203.5730896
84.0000000 5.0000000 168.3027649
84.0000000 10.0000000 220.6947479
84.0000000 15.0000000 264.3779297
84.0000000 20.0000000 452.4430542
84.0000000 25.0000000 672.9117432
84.0000000 30.0000000 372.4872437
84.0000000 35.0000000 603.6362305
84.0000000 40.0000000 509.9999084
84.0000000 45.0000000 195.2712097
84.0000000 50.0000000 197.3964691
84.0000000 55.0000000 209.0323944
84.0000000 60.0000000 227.7202606
84.0000000 65.0000000 256.3072815
84.0000000 70.0000000 312.2655945
84.0000000 75.0000000 306.0222778
84.0000000 80.0000000 264.1881714
84.0000000 85.0000000 706.9732056
90.0000000 -85.0000000 1022.2022705
90.0000000 -80.0000000 146.7791901
90.0000000 -75.0000000 461.4226685
90.0000000 -70.0000000 404.1475220
90.0000000 -65.0000000 231.6728821
90.0000000 -60.0000000 168.4964447
90.0000000 -55.0000000 158.2866211
90.0000000 -50.0000000 43.2638664
90.0000000 -45.0000000 67.0814133
90.0000000 -40.0000000 39.4758377
90.0000000 -35.0000000 21.7578354
90.0000000 -30.0000000 78.8671722
90.0000000 -25.0000000 62.6449585
90.0000000 -20.0000000 87.5949173
90.0000000 -15.0000000 212.5865021
90.0000000 -10.0000000 159.1926575
90.0000000 -5.0000000 251.3870087
90.0000000 0.0000000 276.8772583
90.0000000 5.0000000 139.3265533
90.0000000 10.0000000 224.3916016
90.0000000 15.0000000 318.1789246
90.0000000 20.0000000 391.8008118
90.0000000 25.0000000 549.4968262
90.0000000 30.0000000 348.5053406
90.0000000 35.0000000 459.0315552
90.0000000 40.0000000 316.1196899
90.0000000 45.0000000 168.1401672
90.0000000 50.0000000 146.3700714
90.0000000 55.0000000 192.1753387
90.0000000 60.0000000 220.6077881
90.0000000 65.0000000 241.3398132
90.0000000 70.0000000 319.2932434
90.0000000 75.0000000 310.3648376
90.0000000 80.0000000 276.3797913
90.0000000 85.0000000 634.4016724
96.0000000 -85.0000000 1199.9562988
96.0000000 -80.0000000 111.2500610
96.0000000 -75.0000000 391.5828857
96.0000000 -70.0000000 433.3121643
96.0000000 -65.0000000 227.6539307
96.0000000 -60.0000000 140.8133545
96.0000000 -55.0000000 127.1645050
96.0000000 -50.0000000 48.4184608
96.0000000 -45.0000000 46.2218018
96.0000000 -40.0000000 31.6829987
96.0000000 -35.0000000 15.8442335
96.0000000 -30.0000000 36.9124069
96.0000000 -25.0000000 73.4704742
96.0000000 -20.0000000 113.7048569
96.0000000 -15.0000000 172.9811096
96.0000000 -10.0000000 122.0309830
96.0000000 -5.0000000 200.7657623
96.0000000 0.0000000 347.8895264
96.0000000 5.0000000 275.2564087
96.0000000 10.0000000 367.2212219
96.0000000 15.0000000 494.0874939
96.0000000 20.0000000 436.7152710
96.0000000 25.0000000 548.0069580
96.0000000 30.0000000 306.2731018
96.0000000 35.0000000 286.7370911
96.0000000 40.0000000 228.6584167
96.0000000 45.0000000 161.9969177
96.0000000 50.0000000 125.6220932
96.0000000 55.0000000 190.7048035
96.0000000 60.0000000 174.3684998
96.0000000 65.0000000 174.6364899
96.0000000 70.0000000 318.0636902
96.0000000 75.0000000 331.4750671
96.0000000 80.0000000 290.3899841
96.0000000 85.0000000 695.4652100
102.0000000 -85.0000000 340.1603394
102.0000000 -80.0000000 119.9286041
102.0000000 -75.0000000 576.7838135
102.0000000 -70.0000000 495.3498535
102.0000000 -65.0000000 303.9027710
102.0000000 -60.0000000 190.7109375
102.0000000 -55.0000000 135.0222778
102.0000000 -50.0000000 87.2204742
102.0000000 -45.0000000 34.7129440
102.0000000 -40.0000000 21.3579216
102.0000000 -35.0000000 13.9327984
102.0000000 -30.0000000 26.0368996
102.0000000 -25.0000000 88.7162018
102.0000000 -20.0000000 95.2898407
102.0000000 -15.0000000 66.2042389
102.0000000 -10.0000000 61.5795212
102.0000000 -5.0000000 175.2653809
102.0000000 0.0000000 399.4266052
102.0000000 5.0000000 446.3060913
102.0000000 10.0000000 383.8867798
102.0000000 15.0000000 399.5729980
102.0000000 20.0000000 415.1366272
102.0000000 25.0000000 548.3677368
102.0000000 30.0000000 293.5809021
102.0000000 35.0000000 236.7877197
102.0000000 40.0000000 216.4767303
102.0000000 45.0000000 220.7153320
102.0000000 50.0000000 154.4499817
102.0000000 55.0000000 142.4692078
102.0000000 60.0000000 162.4681702
102.0000000 65.0000000 153.8169098
102.0000000 70.0000000 307.4008484
102.0000000 75.0000000 336.5367432
102.0000000 80.0000000 266.2119141
102.0000000 85.0000000 635.7503662
108.0000000 -85.0000000 351.0195923
108.0000000 -80.0000000 189.4805298
108.0000000 -75.0000000 579.8345337
108.0000000 -70.0000000 433.5980530
108.0000000 -65.0000000 275.3724060
108.0000000 -60.0000000 171.0211792
108.0000000 -55.0000000 126.2739029
108.0000000 -50.0000000 86.3567963
108.0000000 -45.0000000 27.3272362
108.0000000 -40.0000000 24.5766392
108.0000000 -35.0000000 44.2136841
108.0000000 -30.0000000 32.6552544
108.0000000 -25.0000000 80.0539856
108.0000000 -20.0000000 55.6016846
108.0000000 -15.0000000 30.5062656
108.0000000 -10.0000000 72.8787079
108.0000000 -5.0000000 150.7811584
108.0000000 0.0000000 187.9164124
108.0000000 5.0000000 261.4961853
108.0000000 10.0000000 415.7095337
108.0000000 15.0000000 467.0142212
108.0000000 20.0000000 489.2403870
108.0000000 25.0000000 603.1882324
108.0000000 30.0000000 296.1445618
108.0000000 35.0000000 234.0228577
108.0000000 40.0000000 223.9277649
108.0000000 45.0000000 200.8418732
108.0000000 50.0000000 125.7691803
108.0000000 55.0000000 129.0690002
108.0000000 60.0000000 147.2525330
108.0000000 65.0000000 134.6945648
108.0000000 70.0000000 302.1701965
108.0000000 75.0000000 365.9159546
108.0000000 80.0000000 225.4416046
108.0000000 85.0000000 671.7573853
114.0000000 -85.0000000 379.1799927
114.0000000 -80.0000000 180.1054382
114.0000000 -75.0000000 300.9784546
114.0000000 -70.0000000 273.6475220
114.0000000 -65.0000000 250.2335205
114.0000000 -60.0000000 157.9234924
114.0000000 -55.0000000 136.2388458
114.0000000 -50.0000000 113.8642426
114.0000000 -45.0000000 37.9936523
114.0000000 -40.0000000 48.9243698
114.0000000 -35.0000000 64.7841797
114.0000000 -30.0000000 48.2012215
114.0000000 -25.0000000 119.5155411
114.0000000 -20.0000000 74.2033386
114.0000000 -15.0000000 45.9921112
114.0000000 -10.0000000 98.7837067
114.0000000 -5.0000000 70.8943634
114.0000000 0.0000000 102.8483047
114.0000000 5.0000000 219.5199738
114.0000000 10.0000000 341.2993774
114.0000000 15.0000000 520.1687012
114.0000000 20.0000000 713.9856567
114.0000000 25.0000000 725.8404541
114.0000000 30.0000000 407.3666992
114.0000000 35.0000000 348.0340271
114.0000000 40.0000000 246.4613342
114.0000000 45.0000000 146.1872253
114.0000000 50.0000000 106.0120468
114.0000000 55.0000000 134.1740417
114.0000000 60.0000000 151.8341370
114.0000000 65.0000000 123.8728485
114.0000000 70.0000000 275.8973083
114.0000000 75.0000000 374.5873108
114.0000000 80.0000000 194.0099640
114.0000000 85.0000000 784.6351318
120.0000000 -85.0000000 348.3954773
120.0000000 -80.0000000 160.6478119
120.0000000 -75.0000000 232.2130890
120.0000000 -70.0000000 198.2177582
120.0000000 -65.0000000 302.0886841
120.0000000 -60.0000000 230.6741486
120.0000000 -55.0000000 160.9037323
120.0000000 -50.0000000 134.4264679
120.0000000 -45.0000000 62.7418900
120.0000000 -40.0000000 34.2817726
120.0000000 -35.0000000 31.8293114
120.0000000 -30.0000000 37.7293243
120.0000000 -25.0000000 78.9781723
120.0000000 -20.0000000 75.2089615
120.0000000 -15.0000000 93.3401337
120.0000000 -10.0000000 127.4257812
120.0000000 -5.0000000 79.5010071
120.0000000 0.0000000 128.3317566
120.0000000 5.0000000 235.1617126
120.0000000 10.0000000 216.4256897
120.0000000 15.0000000 434.4097290
120.0000000 20.0000000 904.1947021
120.0000000 25.0000000 956.4378052
120.0000000 30.0000000 532.2969971
120.0000000 35.0000000 433.3546753
120.0000000 40.0000000 283.3856506
120.0000000 45.0000000 136.7834778
120.0000000 50.0000000 113.1410522
120.0000000 55.0000000 112.7433853
120.0000000 60.0000000 152.9443817
120.0000000 65.0000000 145.7530060
120.0000000 70.0000000 262.7022400
120.0000000 75.0000000 358.8557434
120.0000000 80.0000000 172.8894958
120.0000000 85.0000000 552.8355713
126.0000000 -85.0000000 365.6102905
126.0000000 -80.0000000 187.2889099
126.0000000 -75.0000000 299.7689514
126.0000000 -70.0000000 159.6202087
126.0000000 -65.0000000 199.8099976
126.0000000 -60.0000000 183.7634583
126.0000000 -55.0000000 117.9117889
126.0000000 -50.0000000 97.2438736
126.0000000 -45.0000000 68.4494171
126.0000000 -40.0000000 19.5317535
126.0000000 -35.0000000 20.1984348
126.0000000 -30.0000000 35.3167496
126.0000000 -25.0000000 65.2290802
126.0000000 -20.0000000 62.4516182
126.0000000 -15.0000000 104.8021088
126.0000000 -10.0000000 181.2724915
126.0000000 -5.0000000 126.8371964
126.0000000 0.0000000 116.1353989
126.0000000 5.0000000 169.1076202
126.0000000 10.0000000 149.5605164
126.0000000 15.0000000 462.1367798
126.0000000 20.0000000 1274.9372559
126.0000000 25.0000000 1484.0235596
126.0000000 30.0000000 703.7207031
126.0000000 35.0000000 600.1603394
126.0000000 40.0000000 331.1101685
126.0000000 45.0000000 137.0961456
126.0000000 50.0000000 105.5728531
126.0000000 55.0000000 115.4495010
126.0000000 60.0000000 151.0794678
126.0000000 65.0000000 152.7813568
126.0000000 70.0000000 220.9094238
126.0000000 75.0000000 313.9618530
126.0000000 80.0000000 176.9275818
126.0000000 85.0000000 515.1909790
132.0000000 -85.0000000 377.8568726
132.0000000 -80.0000000 149.3305664
132.0000000 -75.0000000 221.2484894
132.0000000 -70.0000000 132.8897247
132.0000000 -65.0000000 168.8394012
132.0000000 -60.0000000 162.6530914
132.0000000 -55.0000000 90.1395340
132.0000000 -50.0000000 103.0346451
132.0000000 -45.0000000 83.4597321
132.0000000 -40.0000000 26.0611610
132.0000000 -35.0000000 38.2091064
132.0000000 -30.0000000 62.2839127
132.0000000 -25.0000000 74.3667145
132.0000000 -20.0000000 54.6372757
132.0000000 -15.0000000 96.2107849
132.0000000 -10.0000000 228.9390106
132.0000000 -5.0000000 131.4051819
132.0000000 0.0000000 71.3162003
132.0000000 5.0000000 92.9263840
132.0000000 10.0000000 115.4957275
132.0000000 15.0000000 339.8651733
132.0000000 20.0000000 1249.0028076
132.0000000 25.0000000 2066.0163574
132.0000000 30.0000000 868.4367065
132.0000000 35.0000000 698.5236206
132.0000000 40.0000000 449.7152710
132.0000000 45.0000000 133.6189880
132.0000000 50.0000000 84.6384735
132.0000000 55.0000000 109.3395386
132.0000000 60.0000000 169.0731201
132.0000000 65.0000000 147.8574219
132.0000000 70.0000000 230.9967041
132.0000000 75.0000000 338.5635986
132.0000000 80.0000000 169.8467255
132.0000000 85.0000000 516.3978882
138.0000000 -85.0000000 407.1582336
138.0000000 -80.0000000 170.5166473
138.0000000 -75.0000000 321.8251953
138.0000000 -70.0000000 100.6975250
138.0000000 -65.0000000 154.1243744
138.0000000 -60.0000000 142.3726501
138.0000000 -55.0000000 101.3271027
138.0000000 -50.0000000 119.3380127
138.0000000 -45.0000000 67.8554764
138.0000000 -40.0000000 24.9809875
138.0000000 -35.0000000 24.1331367
138.0000000 -30.0000000 79.0543060
138.0000000 -25.0000000 61.2347641
138.0000000 -20.0000000 30.0941620
138.0000000 -15.0000000 61.3346939
138.0000000 -10.0000000 125.5515289
138.0000000 -5.0000000 56.8555794
138.0000000 0.0000000 52.6903572
138.0000000 5.0000000 119.5065460
138.0000000 10.0000000 100.0540695
138.0000000 15.0000000 171.2696991
138.0000000 20.0000000 616.3310547
138.0000000 25.0000000 1251.0371094
138.0000000 30.0000000 1007.8560791
138.0000000 35.0000000 800.2874756
138.0000000 40.0000000 527.3668213
138.0000000 45.0000000 159.0812836
138.0000000 50.0000000 95.5963898
138.0000000 55.0000000 102.8775864
138.0000000 60.0000000 169.5488129
138.0000000 65.0000000 152.2926941
138.0000000 70.0000000 223.5786438
138.0000000 75.0000000 318.8786926
138.0000000 80.0000000 183.7972107
138.0000000 85.0000000 440.1279297
144.0000000 -85.0000000 326.3663025
144.0000000 -80.0000000 261.0853882
144.0000000 -75.0000000 701.2967529
144.0000000 -70.0000000 113.3942413
144.0000000 -65.0000000 168.7571106
144.0000000 -60.0000000 137.3149109
144.0000000 -55.0000000 109.3072128
144.0000000 -50.0000000 140.2101746
144.0000000 -45.0000000 107.5723114
144.0000000 -40.0000000 37.4686890
144.0000000 -35.0000000 19.2735786
144.0000000 -30.0000000 78.3309174
144.0000000 -25.0000000 62.9487381
144.0000000 -20.0000000 42.0327148
144.0000000 -15.0000000 87.0526886
144.0000000 -10.0000000 109.8247528
144.0000000 -5.0000000 37.1691742
144.0000000 0.0000000 62.1701546
144.0000000 5.0000000 128.0856781
144.0000000 10.0000000 129.1108856
144.0000000 15.0000000 275.6464844
144.0000000 20.0000000 854.7009888
144.0000000 25.0000000 1447.3978271
144.0000000 30.0000000 1402.4002686
144.0000000 35.0000000 1141.0815430
144.0000000 40.0000000 580.6099854
144.0000000 45.0000000 209.4480286
144.0000000 50.0000000 109.2621613
144.0000000 55.0000000 135.3759613
144.0000000 60.0000000 164.3883362
144.0000000 65.0000000 149.4545441
144.0000000 70.0000000 228.6264191
144.0000000 75.0000000 302.8890686
144.0000000 80.0000000 201.6630707
144.0000000 85.0000000 442.1174316
150.0000000 -85.0000000 268.7736206
150.0000000 -80.0000000 230.1330872
150.0000000 -75.0000000 479.5346069
150.0000000 -70.0000000 141.9097595
150.0000000 -65.0000000 208.8190918
150.0000000 -60.0000000 137.7586365
150.0000000 -55.0000000 96.7368011
150.0000000 -50.0000000 130.5746765
150.0000000 -45.0000000 90.3414459
150.0000000 -40.0000000 49.2510033
150.0000000 -35.0000000 22.2151718
150.0000000 -30.0000000 28.9527531
150.0000000 -25.0000000 23.9643097
150.0000000 -20.0000000 33.9449043
150.0000000 -15.0000000 113.9556503
150.0000000 -10.0000000 106.8539658
150.0000000 -5.0000000 39.4444160
150.0000000 0.0000000 116.2341919
150.0000000 5.0000000 96.5454254
150.0000000 10.0000000 136.9980927
150.0000000 15.0000000 299.3342590
150.0000000 20.0000000 627.4926147
150.0000000 25.0000000 1586.1242676
150.0000000 30.0000000 1897.1267090
150.0000000 35.0000000 1526.1282959
150.0000000 40.0000000 785.3353271
150.0000000 45.0000000 303.9078674
150.0000000 50.0000000 120.9752350
150.0000000 55.0000000 177.0537109
150.0000000 60.0000000 172.8242645
150.0000000 65.0000000 154.9993591
150.0000000 70.0000000 250.6758575
150.0000000 75.0000000 381.8682251
150.0000000 80.0000000 202.6187744
150.0000000 85.0000000 456.6908264
156.0000000 -85.0000000 274.7292480
156.0000000 -80.0000000 235.4767151
156.0000000 -75.0000000 471.9744263
156.0000000 -70.0000000 153.9844818
156.0000000 -65.0000000 221.2944336
156.0000000 -60.0000000 238.4378662
156.0000000 -55.0000000 133.5391388
156.0000000 -50.0000000 98.1978760
156.0000000 -45.0000000 33.7470856
156.0000000 -40.0000000 24.6911335
156.0000000 -35.0000000 28.4179649
156.0000000 -30.0000000 19.3393440
156.0000000 -25.0000000 15.8086071
156.0000000 -20.0000000 39.4749870
156.0000000 -15.0000000 146.0928040
156.0000000 -10.0000000 68.6427460
156.0000000 -5.0000000 29.3417149
156.0000000 0.0000000 72.2181244
156.0000000 5.0000000 66.4045792
156.0000000 10.0000000 77.4430084
156.0000000 15.0000000 162.6578827
156.0000000 20.0000000 327.1481323
156.0000000 25.0000000 748.0562744
156.0000000 30.0000000 1227.0897217
156.0000000 35.0000000 1119.0495605
156.0000000 40.0000000 733.9644775
156.0000000 45.0000000 289.5075989
156.0000000 50.0000000 157.8008881
156.0000000 55.0000000 187.3695221
156.0000000 60.0000000 182.5178528
156.0000000 65.0000000 184.2412567
156.0000000 70.0000000 256.5678406
156.0000000 75.0000000 362.2870789
156.0000000 80.0000000 182.2744751
156.0000000 85.0000000 435.7293396
162.0000000 -85.0000000 299.2359009
162.0000000 -80.0000000 245.8663635
162.0000000 -75.0000000 657.6356812
162.0000000 -70.0000000 229.7815399
162.0000000 -65.0000000 201.6531830
162.0000000 -60.0000000 291.4454346
162.0000000 -55.0000000 104.3602524
162.0000000 -50.0000000 74.9441833
162.0000000 -45.0000000 28.7683258
162.0000000 -40.0000000 25.6064968
162.0000000 -35.0000000 18.5873642
162.0000000 -30.0000000 21.4351082
162.0000000 -25.0000000 25.2928638
162.0000000 -20.0000000 56.3158951
162.0000000 -15.0000000 146.1442871
162.0000000 -10.0000000 72.2409058
162.0000000 -5.0000000 35.3875465
162.0000000 0.0000000 42.9062042
162.0000000 5.0000000 70.6702728
162.0000000 10.0000000 96.6710205
162.0000000 15.0000000 139.8444824
162.0000000 20.0000000 258.7009277
162.0000000 25.0000000 357.7555847
162.0000000 30.0000000 493.9422302
162.0000000 35.0000000 902.8900146
162.0000000 40.0000000 710.5554810
162.0000000 45.0000000 316.3721313
162.0000000 50.0000000 215.6296692
162.0000000 55.0000000 212.8493958
162.0000000 60.0000000 194.4023438
162.0000000 65.0000000 208.6396484
162.0000000 70.0000000 222.2053528
162.0000000 75.0000000 309.2055054
162.0000000 80.0000000 185.8511658
162.0000000 85.0000000 422.6337891
168.0000000 -85.0000000 278.4984131
168.0000000 -80.0000000 211.8395081
168.0000000 -75.0000000 365.9640503
168.0000000 -70.0000000 158.9098206
168.0000000 -65.0000000 177.1916809
168.0000000 -60.0000000 202.1599274
168.0000000 -55.0000000 93.5447006
168.0000000 -50.0000000 45.1104012
168.0000000 -45.0000000 36.7710800
168.0000000 -40.0000000 38.4989853
168.0000000 -35.0000000 11.5041590
168.0000000 -30.0000000 26.4333687
168.0000000 -25.0000000 44.3845901
168.0000000 -20.0000000 38.4023476
168.0000000 -15.0000000 53.8331223
168.0000000 -10.0000000 68.6146393
168.0000000 -5.0000000 45.5776634
168.0000000 0.0000000 48.4716415
168.0000000 5.0000000 84.8123016
168.0000000 10.0000000 140.8897400
168.0000000 15.0000000 226.3107452
168.0000000 20.0000000 389.9439392
168.0000000 25.0000000 498.1663208
168.0000000 30.0000000 390.0599976
168.0000000 35.0000000 572.9443359
168.0000000 40.0000000 549.8132935
168.0000000 45.0000000 371.6698608
168.0000000 50.0000000 241.2950439
168.0000000 55.0000000 210.3955536
168.0000000 60.0000000 209.9737091
168.0000000 65.0000000 194.7834778
168.0000000 70.0000000 243.3632355
168.0000000 75.0000000 322.9417725
168.0000000 80.0000000 208.9734802
168.0000000 85.0000000 451.8997192
174.0000000 -85.0000000 286.0732727
174.0000000 -80.0000000 267.3742676
174.0000000 -75.0000000 419.7382202
174.0000000 -70.0000000 172.3119812
174.0000000 -65.0000000 212.7420654
174.0000000 -60.0000000 224.5071716
174.0000000 -55.0000000 111.5920868
174.0000000 -50.0000000 64.0916214
174.0000000 -45.0000000 63.2980423
174.0000000 -40.0000000 42.0521164
174.0000000 -35.0000000 13.3862438
174.0000000 -30.0000000 50.1950493
174.0000000 -25.0000000 97.3678741
174.0000000 -20.0000000 63.8259354
174.0000000 -15.0000000 49.9587479
174.0000000 -10.0000000 64.8063812
174.0000000 -5.0000000 37.8682899
174.0000000 0.0000000 44.6270523
174.0000000 5.0000000 72.6982880
174.0000000 10.0000000 138.8866730
174.0000000 15.0000000 226.8329315
174.0000000 20.0000000 402.1846313
174.0000000 25.0000000 472.2508240
174.0000000 30.0000000 293.2532349
174.0000000 35.0000000 242.2412109
174.0000000 40.0000000 255.1128387
174.0000000 45.0000000 205.3266144
174.0000000 50.0000000 234.6672821
174.0000000 55.0000000 202.9889832
174.0000000 60.0000000 190.9358063
174.0000000 65.0000000 224.3669739
174.0000000 70.0000000 245.7860107
174.0000000 75.0000000 286.7048035
174.0000000 80.0000000 214.1927490
174.0000000 85.0000000 434.0551758
180.0000000 -85.0000000 268.0402222
180.0000000 -80.0000000 234.4621582
180.0000000 -75.0000000 420.8942871
180.0000000 -70.0000000 205.5339661
180.0000000 -65.0000000 222.2154846
180.0000000 -60.0000000 155.1461029
180.0000000 -55.0000000 64.8331909
180.0000000 -50.0000000 65.7946472
180.0000000 -45.0000000 86.3158340
180.0000000 -40.0000000 23.6286850
180.0000000 -35.0000000 8.2054129
180.0000000 -30.0000000 28.9318390
180.0000000 -25.0000000 56.8061943
180.0000000 -20.0000000 110.7998428
180.0000000 -15.0000000 90.9637146
180.0000000 -10.0000000 97.0136871
180.0000000 -5.0000000 90.0384903
180.0000000 0.0000000 58.3793030
180.0000000 5.0000000 72.8638306
180.0000000 10.0000000 151.2812042
180.0000000 15.0000000 241.9898224
180.0000000 20.0000000 379.9004517
180.0000000 25.0000000 439.6513062
180.0000000 30.0000000 322.1449585
180.0000000 35.0000000 221.6205139
180.0000000 40.0000000 183.4761963
180.0000000 45.0000000 130.7917023
180.0000000 50.0000000 152.9437561
180.0000000 55.0000000 174.0012360
180.0000000 60.0000000 159.2813568
180.0000000 65.0000000 220.3823242
180.0000000 70.0000000 229.7494202
180.0000000 75.0000000 247.9122620
180.0000000 80.0000000 212.4627686
180.0000000 85.0000000 453.3431702
