-174.0000000 -85.0000000 597.7192383
-174.0000000 -80.0000000 572.3515625
-174.0000000 -75.0000000 597.7855225
-174.0000000 -70.0000000 644.5111694
-174.0000000 -65.0000000 686.5799561
-174.0000000 -60.0000000 366.6634827
-174.0000000 -55.0000000 226.2704315
-174.0000000 -50.0000000 199.0119019
-174.0000000 -45.0000000 128.4241028
-174.0000000 -40.0000000 57.8416557
-174.0000000 -35.0000000 30.2626991
-174.0000000 -30.0000000 28.1768036
-174.0000000 -25.0000000 63.9230537
-174.0000000 -20.0000000 174.1906433
-174.0000000 -15.0000000 218.6328430
-174.0000000 -10.0000000 206.2638702
-174.0000000 -5.0000000 392.1196594
-174.0000000 0.0000000 343.2639160
-174.0000000 5.0000000 498.1994629
-174.0000000 10.0000000 762.5177002
-174.0000000 15.0000000 1092.3728027
-174.0000000 20.0000000 1435.0395508
-174.0000000 25.0000000 1478.1437988
-174.0000000 30.0000000 1207.9338379
-174.0000000 35.0000000 756.5809937
-174.0000000 40.0000000 400.1213074
-174.0000000 45.0000000 262.8531189
-174.0000000 50.0000000 217.9444275
-174.0000000 55.0000000 307.0224609
-174.0000000 60.0000000 506.8484497
-174.0000000 65.0000000 573.7458496
-174.0000000 70.0000000 525.1121826
-174.0000000 75.0000000 570.4994507
-174.0000000 80.0000000 697.7661743
-174.0000000 85.0000000 1636.7432861
-168.0000000 -85.0000000 588.4262085
-168.0000000 -80.0000000 670.6467896
-168.0000000 -75.0000000 721.5969238
-168.0000000 -70.0000000 506.5567017
-168.0000000 -65.0000000 721.6735229
-168.0000000 -60.0000000 409.5746155
-168.0000000 -55.0000000 212.8630371
-168.0000000 -50.0000000 217.1125183
-168.0000000 -45.0000000 143.9876709
-168.0000000 -40.0000000 53.4980240
-168.0000000 -35.0000000 32.8510818
-168.0000000 -30.0000000 87.5914764
-168.0000000 -25.0000000 89.5673904
-168.0000000 -20.0000000 267.9974976
-168.0000000 -15.0000000 288.2506409
-168.0000000 -10.0000000 144.5065460
-168.0000000 -5.0000000 271.0527954
-168.0000000 0.0000000 295.6746216
-168.0000000 5.0000000 505.4984741
-168.0000000 10.0000000 826.8546143
-168.0000000 15.0000000 1231.6735840
-168.0000000 20.0000000 1789.3776855
-168.0000000 25.0000000 1845.4074707
-168.0000000 30.0000000 1428.2360840
-168.0000000 35.0000000 852.0146484
-168.0000000 40.0000000 394.7376099
-168.0000000 45.0000000 241.0422058
-168.0000000 50.0000000 223.1532440
-168.0000000 55.0000000 323.7351685
-168.0000000 60.0000000 476.5804749
-168.0000000 65.0000000 559.4578247
-168.0000000 70.0000000 528.7550049
-168.0000000 75.0000000 550.4641724
-168.0000000 80.0000000 667.7076416
-168.0000000 85.0000000 1583.5927734
-162.0000000 -85.0000000 580.1331787
-162.0000000 -80.0000000 584.9160767
-162.0000000 -75.0000000 739.8679810
-162.0000000 -70.0000000 405.6611328
-162.0000000 -65.0000000 585.0979614
-162.0000000 -60.0000000 462.6526794
-162.0000000 -55.0000000 224.5785828
-162.0000000 -50.0000000 191.1023254
-162.0000000 -45.0000000 132.1368408
-162.0000000 -40.0000000 51.9720840
-162.0000000 -35.0000000 37.6944695
-162.0000000 -30.0000000 113.8338394
-162.0000000 -25.0000000 79.2596283
-162.0000000 -20.0000000 124.0548096
-162.0000000 -15.0000000 144.8412781
-162.0000000 -10.0000000 76.7262115
-162.0000000 -5.0000000 92.3848877
-162.0000000 0.0000000 210.7657471
-162.0000000 5.0000000 512.9501343
-162.0000000 10.0000000 865.2653198
-162.0000000 15.0000000 1468.2341309
-162.0000000 20.0000000 2297.4694824
-162.0000000 25.0000000 2539.4643555
-162.0000000 30.0000000 1931.6044922
-162.0000000 35.0000000 1083.0002441
-162.0000000 40.0000000 474.6766052
-162.0000000 45.0000000 279.7180176
-162.0000000 50.0000000 229.5477600
-162.0000000 55.0000000 353.4000854
-162.0000000 60.0000000 457.7592163
-162.0000000 65.0000000 583.5910645
-162.0000000 70.0000000 566.4986572
-162.0000000 75.0000000 563.6147461
-162.0000000 80.0000000 668.7588501
-162.0000000 85.0000000 1585.4038086
-156.0000000 -85.0000000 659.4151001
-156.0000000 -80.0000000 504.8972778
-156.0000000 -75.0000000 492.5044861
-156.0000000 -70.0000000 348.2947693
-156.0000000 -65.0000000 467.8767700
-156.0000000 -60.0000000 535.0179443
-156.0000000 -55.0000000 242.1035614
-156.0000000 -50.0000000 213.3755798
-156.0000000 -45.0000000 151.3808594
-156.0000000 -40.0000000 56.5192871
-156.0000000 -35.0000000 103.0473862
-156.0000000 -30.0000000 109.4726562
-156.0000000 -25.0000000 57.8041496
-156.0000000 -20.0000000 65.2643051
-156.0000000 -15.0000000 102.3292999
-156.0000000 -10.0000000 100.0798187
-156.0000000 -5.0000000 184.4678955
-156.0000000 0.0000000 453.4678650
-156.0000000 5.0000000 600.0096436
-156.0000000 10.0000000 885.9050903
-156.0000000 15.0000000 1402.8969727
-156.0000000 20.0000000 2293.2019043
-156.0000000 25.0000000 3092.8781738
-156.0000000 30.0000000 2580.9453125
-156.0000000 35.0000000 1318.0637207
-156.0000000 40.0000000 556.3839111
-156.0000000 45.0000000 284.1876831
-156.0000000 50.0000000 229.1466827
-156.0000000 55.0000000 346.6059875
-156.0000000 60.0000000 448.9771118
-156.0000000 65.0000000 648.3463745
-156.0000000 70.0000000 697.6519165
-156.0000000 75.0000000 584.8478394
-156.0000000 80.0000000 727.9640503
-156.0000000 85.0000000 1905.4108887
-150.0000000 -85.0000000 806.9637451
-150.0000000 -80.0000000 452.7585449
-150.0000000 -75.0000000 632.6026001
-150.0000000 -70.0000000 469.1659241
-150.0000000 -65.0000000 448.4046936
-150.0000000 -60.0000000 526.5068970
-150.0000000 -55.0000000 259.9940796
-150.0000000 -50.0000000 245.7537079
-150.0000000 -45.0000000 182.4891968
-150.0000000 -40.0000000 62.2393990
-150.0000000 -35.0000000 90.4532776
-150.0000000 -30.0000000 65.4519272
-150.0000000 -25.0000000 58.9341545
-150.0000000 -20.0000000 132.9922791
-150.0000000 -15.0000000 317.0223694
-150.0000000 -10.0000000 243.1689758
-150.0000000 -5.0000000 252.5373993
-150.0000000 0.0000000 386.6091003
-150.0000000 5.0000000 547.7492065
-150.0000000 10.0000000 959.4117432
-150.0000000 15.0000000 1641.1663818
-150.0000000 20.0000000 2485.9223633
-150.0000000 25.0000000 3172.7409668
-150.0000000 30.0000000 2694.7683105
-150.0000000 35.0000000 1742.9729004
-150.0000000 40.0000000 803.5404053
-150.0000000 45.0000000 343.4532471
-150.0000000 50.0000000 256.5725403
-150.0000000 55.0000000 391.2790222
-150.0000000 60.0000000 513.2519531
-150.0000000 65.0000000 678.4235229
-150.0000000 70.0000000 738.2421875
-150.0000000 75.0000000 627.8712158
-150.0000000 80.0000000 756.1332397
-150.0000000 85.0000000 1837.5980225
-144.0000000 -85.0000000 748.6842651
-144.0000000 -80.0000000 443.4694824
-144.0000000 -75.0000000 923.9403076
-144.0000000 -70.0000000 904.4729614
-144.0000000 -65.0000000 550.4777832
-144.0000000 -60.0000000 518.9056396
-144.0000000 -55.0000000 285.5286865
-144.0000000 -50.0000000 230.7635956
-144.0000000 -45.0000000 198.0166626
-144.0000000 -40.0000000 60.0357742
-144.0000000 -35.0000000 38.5600090
-144.0000000 -30.0000000 35.3952446
-144.0000000 -25.0000000 63.5774536
-144.0000000 -20.0000000 130.8342285
-144.0000000 -15.0000000 225.8236084
-144.0000000 -10.0000000 130.8303528
-144.0000000 -5.0000000 84.1036606
-144.0000000 0.0000000 177.0468903
-144.0000000 5.0000000 444.2357788
-144.0000000 10.0000000 823.3132935
-144.0000000 15.0000000 1579.5668945
-144.0000000 20.0000000 2857.2827148
-144.0000000 25.0000000 3136.4545898
-144.0000000 30.0000000 2364.7963867
-144.0000000 35.0000000 2194.5136719
-144.0000000 40.0000000 919.9356689
-144.0000000 45.0000000 389.2241821
-144.0000000 50.0000000 313.2101440
-144.0000000 55.0000000 401.0189514
-144.0000000 60.0000000 533.9037476
-144.0000000 65.0000000 644.9151611
-144.0000000 70.0000000 755.8306885
-144.0000000 75.0000000 765.6183472
-144.0000000 80.0000000 810.7155151
-144.0000000 85.0000000 1869.2575684
-138.0000000 -85.0000000 646.8405151
-138.0000000 -80.0000000 472.8954163
-138.0000000 -75.0000000 859.1032104
-138.0000000 -70.0000000 1083.3391113
-138.0000000 -65.0000000 646.1853027
-138.0000000 -60.0000000 435.8580627
-138.0000000 -55.0000000 259.6741333
-138.0000000 -50.0000000 223.4536133
-138.0000000 -45.0000000 156.0259705
-138.0000000 -40.0000000 52.6065750
-138.0000000 -35.0000000 38.9977493
-138.0000000 -30.0000000 47.5815239
-138.0000000 -25.0000000 88.2027206
-138.0000000 -20.0000000 140.4928284
-138.0000000 -15.0000000 163.5703125
-138.0000000 -10.0000000 137.7000427
-138.0000000 -5.0000000 97.0282135
-138.0000000 0.0000000 213.6928711
-138.0000000 5.0000000 466.4015503
-138.0000000 10.0000000 709.8942261
-138.0000000 15.0000000 1373.4611816
-138.0000000 20.0000000 2181.9841309
-138.0000000 25.0000000 2572.2033691
-138.0000000 30.0000000 3076.9902344
-138.0000000 35.0000000 3564.6835938
-138.0000000 40.0000000 910.4396362
-138.0000000 45.0000000 398.2934265
-138.0000000 50.0000000 341.9123535
-138.0000000 55.0000000 356.0096130
-138.0000000 60.0000000 539.0867920
-138.0000000 65.0000000 657.9340210
-138.0000000 70.0000000 778.6126099
-138.0000000 75.0000000 886.3842773
-138.0000000 80.0000000 823.7391357
-138.0000000 85.0000000 2009.6452637
-132.0000000 -85.0000000 609.3579712
-132.0000000 -80.0000000 613.1756592
-132.0000000 -75.0000000 963.1475830
-132.0000000 -70.0000000 1446.4367676
-132.0000000 -65.0000000 936.0686646
-132.0000000 -60.0000000 498.1003418
-132.0000000 -55.0000000 300.9835510
-132.0000000 -50.0000000 225.1429749
-132.0000000 -45.0000000 123.0198364
-132.0000000 -40.0000000 46.9121971
-132.0000000 -35.0000000 40.8383484
-132.0000000 -30.0000000 57.0163193
-132.0000000 -25.0000000 100.2677765
-132.0000000 -20.0000000 184.3157043
-132.0000000 -15.0000000 380.6192017
-132.0000000 -10.0000000 768.7778320
-132.0000000 -5.0000000 164.5444641
-132.0000000 0.0000000 196.9207153
-132.0000000 5.0000000 368.8729858
-132.0000000 10.0000000 503.5103149
-132.0000000 15.0000000 1661.5339355
-132.0000000 20.0000000 2932.9370117
-132.0000000 25.0000000 1722.0084229
-132.0000000 30.0000000 2670.5478516
-132.0000000 35.0000000 4781.6181641
-132.0000000 40.0000000 971.1907959
-132.0000000 45.0000000 495.5880737
-132.0000000 50.0000000 360.7696533
-132.0000000 55.0000000 377.9362793
-132.0000000 60.0000000 582.6458130
-132.0000000 65.0000000 680.7903442
-132.0000000 70.0000000 796.8133545
-132.0000000 75.0000000 908.2117920
-132.0000000 80.0000000 760.0484009
-132.0000000 85.0000000 1954.9187012
-126.0000000 -85.0000000 617.2210083
-126.0000000 -80.0000000 517.2866211
-126.0000000 -75.0000000 939.3920898
-126.0000000 -70.0000000 1377.4714355
-126.0000000 -65.0000000 1203.3454590
-126.0000000 -60.0000000 608.5514526
-126.0000000 -55.0000000 357.1943054
-126.0000000 -50.0000000 253.8108826
-126.0000000 -45.0000000 105.6230469
-126.0000000 -40.0000000 58.0073547
-126.0000000 -35.0000000 42.2021790
-126.0000000 -30.0000000 47.6053276
-126.0000000 -25.0000000 72.1522522
-126.0000000 -20.0000000 104.5021362
-126.0000000 -15.0000000 162.9751282
-126.0000000 -10.0000000 153.6919861
-126.0000000 -5.0000000 66.3584824
-126.0000000 0.0000000 162.1998291
-126.0000000 5.0000000 216.0650330
-126.0000000 10.0000000 388.0675659
-126.0000000 15.0000000 2119.3508301
-126.0000000 20.0000000 4015.7597656
-126.0000000 25.0000000 1432.4537354
-126.0000000 30.0000000 2276.4450684
-126.0000000 35.0000000 4717.8227539
-126.0000000 40.0000000 993.5311279
-126.0000000 45.0000000 432.3598022
-126.0000000 50.0000000 342.5422974
-126.0000000 55.0000000 448.0618591
-126.0000000 60.0000000 527.1524658
-126.0000000 65.0000000 650.2266235
-126.0000000 70.0000000 780.1298828
-126.0000000 75.0000000 794.8179932
-126.0000000 80.0000000 702.3400879
-126.0000000 85.0000000 1795.2001953
-120.0000000 -85.0000000 590.0106201
-120.0000000 -80.0000000 416.9663086
-120.0000000 -75.0000000 707.2071533
-120.0000000 -70.0000000 1067.2888184
-120.0000000 -65.0000000 993.9322510
-120.0000000 -60.0000000 494.6354370
-120.0000000 -55.0000000 262.9071350
-120.0000000 -50.0000000 177.9013519
-120.0000000 -45.0000000 96.3086090
-120.0000000 -40.0000000 65.2424850
-120.0000000 -35.0000000 45.0574570
-120.0000000 -30.0000000 48.0960922
-120.0000000 -25.0000000 77.3138199
-120.0000000 -20.0000000 109.9265518
-120.0000000 -15.0000000 313.0207214
-120.0000000 -10.0000000 188.5509949
-120.0000000 -5.0000000 67.9995575
-120.0000000 0.0000000 135.8563385
-120.0000000 5.0000000 302.1276245
-120.0000000 10.0000000 326.3728638
-120.0000000 15.0000000 734.6728516
-120.0000000 20.0000000 1208.8665771
-120.0000000 25.0000000 1123.7150879
-120.0000000 30.0000000 2383.6166992
-120.0000000 35.0000000 3758.2465820
-120.0000000 40.0000000 1281.4929199
-120.0000000 45.0000000 430.3339233
-120.0000000 50.0000000 312.4500122
-120.0000000 55.0000000 508.0432739
-120.0000000 60.0000000 549.3936768
-120.0000000 65.0000000 692.2645874
-120.0000000 70.0000000 823.1035156
-120.0000000 75.0000000 916.2526245
-120.0000000 80.0000000 769.8677979
-120.0000000 85.0000000 1781.5312500
-114.0000000 -85.0000000 524.8023071
-114.0000000 -80.0000000 453.8406372
-114.0000000 -75.0000000 688.9710693
-114.0000000 -70.0000000 1025.5745850
-114.0000000 -65.0000000 1116.1998291
-114.0000000 -60.0000000 508.0597229
-114.0000000 -55.0000000 265.3607788
-114.0000000 -50.0000000 172.8282776
-114.0000000 -45.0000000 91.1060333
-114.0000000 -40.0000000 68.2513275
-114.0000000 -35.0000000 61.1818619
-114.0000000 -30.0000000 60.6334114
-114.0000000 -25.0000000 106.5451660
-114.0000000 -20.0000000 84.3440094
-114.0000000 -15.0000000 249.9838409
-114.0000000 -10.0000000 405.1270752
-114.0000000 -5.0000000 120.3613434
-114.0000000 0.0000000 211.8478241
-114.0000000 5.0000000 433.4230042
-114.0000000 10.0000000 509.2969360
-114.0000000 15.0000000 542.8192749
-114.0000000 20.0000000 715.9402466
-114.0000000 25.0000000 1198.7325439
-114.0000000 30.0000000 2299.9177246
-114.0000000 35.0000000 3739.4304199
-114.0000000 40.0000000 2611.0920410
-114.0000000 45.0000000 672.1365356
-114.0000000 50.0000000 374.4757080
-114.0000000 55.0000000 735.8677368
-114.0000000 60.0000000 575.5202637
-114.0000000 65.0000000 705.8641968
-114.0000000 70.0000000 979.1658936
-114.0000000 75.0000000 901.3187256
-114.0000000 80.0000000 779.2820435
-114.0000000 85.0000000 2098.7656250
-108.0000000 -85.0000000 521.0897217
-108.0000000 -80.0000000 427.5613708
-108.0000000 -75.0000000 701.3547974
-108.0000000 -70.0000000 845.1531372
-108.0000000 -65.0000000 864.4772339
-108.0000000 -60.0000000 406.1463013
-108.0000000 -55.0000000 239.5359802
-108.0000000 -50.0000000 193.4080048
-108.0000000 -45.0000000 98.1707611
-108.0000000 -40.0000000 75.7744598
-108.0000000 -35.0000000 63.5686951
-108.0000000 -30.0000000 38.6006737
-108.0000000 -25.0000000 50.3040085
-108.0000000 -20.0000000 35.3874855
-108.0000000 -15.0000000 40.0038223
-108.0000000 -10.0000000 86.1168365
-108.0000000 -5.0000000 97.5499878
-108.0000000 0.0000000 254.6355286
-108.0000000 5.0000000 258.0948486
-108.0000000 10.0000000 431.4140015
-108.0000000 15.0000000 631.9261475
-108.0000000 20.0000000 775.8699951
-108.0000000 25.0000000 1305.0476074
-108.0000000 30.0000000 1827.0634766
-108.0000000 35.0000000 3114.7866211
-108.0000000 40.0000000 3052.4370117
-108.0000000 45.0000000 1456.8577881
-108.0000000 50.0000000 663.8197632
-108.0000000 55.0000000 1144.8851318
-108.0000000 60.0000000 666.4367065
-108.0000000 65.0000000 701.3502808
-108.0000000 70.0000000 1014.3112183
-108.0000000 75.0000000 848.6683350
-108.0000000 80.0000000 704.8031616
-108.0000000 85.0000000 2095.6291504
-102.0000000 -85.0000000 614.9517212
-102.0000000 -80.0000000 392.0401001
-102.0000000 -75.0000000 663.6376343
-102.0000000 -70.0000000 684.1968994
-102.0000000 -65.0000000 746.3190918
-102.0000000 -60.0000000 437.4716187
-102.0000000 -55.0000000 241.0541534
-102.0000000 -50.0000000 181.6658630
-102.0000000 -45.0000000 94.4507217
-102.0000000 -40.0000000 58.9047470
-102.0000000 -35.0000000 82.6845703
-102.0000000 -30.0000000 54.3045654
-102.0000000 -25.0000000 46.7057495
-102.0000000 -20.0000000 61.3448067
-102.0000000 -15.0000000 57.0460587
-102.0000000 -10.0000000 42.7683220
-102.0000000 -5.0000000 81.1799316
-102.0000000 0.0000000 114.3857269
-102.0000000 5.0000000 224.2214355
-102.0000000 10.0000000 735.9745483
-102.0000000 15.0000000 508.7444458
-102.0000000 20.0000000 572.3588257
-102.0000000 25.0000000 1220.5291748
-102.0000000 30.0000000 1669.5183105
-102.0000000 35.0000000 1792.3238525
-102.0000000 40.0000000 2030.7346191
-102.0000000 45.0000000 1877.3044434
-102.0000000 50.0000000 1004.5979614
-102.0000000 55.0000000 1149.9997559
-102.0000000 60.0000000 698.5404053
-102.0000000 65.0000000 710.1635132
-102.0000000 70.0000000 1127.6707764
-102.0000000 75.0000000 908.6466675
-102.0000000 80.0000000 797.7273560
-102.0000000 85.0000000 2148.4184570
-96.0000000 -85.0000000 620.3375244
-96.0000000 -80.0000000 429.7966309
-96.0000000 -75.0000000 647.0513306
-96.0000000 -70.0000000 634.9664917
-96.0000000 -65.0000000 737.5729980
-96.0000000 -60.0000000 520.7402954
-96.0000000 -55.0000000 351.2507019
-96.0000000 -50.0000000 196.3174133
-96.0000000 -45.0000000 85.8482742
-96.0000000 -40.0000000 64.6638412
-96.0000000 -35.0000000 127.9509506
-96.0000000 -30.0000000 96.9678650
-96.0000000 -25.0000000 67.7342377
-96.0000000 -20.0000000 67.4060516
-96.0000000 -15.0000000 145.5451202
-96.0000000 -10.0000000 147.7937317
-96.0000000 -5.0000000 184.4877014
-96.0000000 0.0000000 98.1045456
-96.0000000 5.0000000 191.3772888
-96.0000000 10.0000000 1053.1289062
-96.0000000 15.0000000 717.6201172
-96.0000000 20.0000000 562.8825684
-96.0000000 25.0000000 989.9060669
-96.0000000 30.0000000 1154.2575684
-96.0000000 35.0000000 1177.2158203
-96.0000000 40.0000000 1573.7999268
-96.0000000 45.0000000 881.5206909
-96.0000000 50.0000000 815.1484985
-96.0000000 55.0000000 1022.7713013
-96.0000000 60.0000000 657.8945312
-96.0000000 65.0000000 798.3348389
-96.0000000 70.0000000 1114.2476807
-96.0000000 75.0000000 864.0842896
-96.0000000 80.0000000 819.4002075
-96.0000000 85.0000000 2143.4321289
-90.0000000 -85.0000000 594.8841553
-90.0000000 -80.0000000 508.0840759
-90.0000000 -75.0000000 526.9314575
-90.0000000 -70.0000000 499.6119690
-90.0000000 -65.0000000 563.3809814
-90.0000000 -60.0000000 407.0683594
-90.0000000 -55.0000000 377.2841187
-90.0000000 -50.0000000 220.7624207
-90.0000000 -45.0000000 98.0181808
-90.0000000 -40.0000000 132.4955902
-90.0000000 -35.0000000 68.8760223
-90.0000000 -30.0000000 44.2541084
-90.0000000 -25.0000000 43.3721542
-90.0000000 -20.0000000 55.7728767
-90.0000000 -15.0000000 104.4138412
-90.0000000 -10.0000000 98.3849335
-90.0000000 -5.0000000 115.0124054
-90.0000000 0.0000000 139.4923553
-90.0000000 5.0000000 177.8898010
-90.0000000 10.0000000 350.0004578
-90.0000000 15.0000000 390.1400146
-90.0000000 20.0000000 481.1379395
-90.0000000 25.0000000 851.6405029
-90.0000000 30.0000000 952.9508667
-90.0000000 35.0000000 1215.2370605
-90.0000000 40.0000000 1363.2775879
-90.0000000 45.0000000 755.0184937
-90.0000000 50.0000000 622.7091064
-90.0000000 55.0000000 811.2435303
-90.0000000 60.0000000 673.1730347
-90.0000000 65.0000000 887.0040894
-90.0000000 70.0000000 1075.5965576
-90.0000000 75.0000000 779.5381470
-90.0000000 80.0000000 787.0885620
-90.0000000 85.0000000 2121.4370117
-84.0000000 -85.0000000 619.1422119
-84.0000000 -80.0000000 696.7592163
-84.0000000 -75.0000000 606.0692139
-84.0000000 -70.0000000 435.7846680
-84.0000000 -65.0000000 522.4125977
-84.0000000 -60.0000000 391.4455261
-84.0000000 -55.0000000 316.5385437
-84.0000000 -50.0000000 144.3075562
-84.0000000 -45.0000000 87.8573532
-84.0000000 -40.0000000 159.3682861
-84.0000000 -35.0000000 40.5384750
-84.0000000 -30.0000000 30.2861843
-84.0000000 -25.0000000 29.7799568
-84.0000000 -20.0000000 64.9477768
-84.0000000 -15.0000000 73.6970367
-84.0000000 -10.0000000 28.7481995
-84.0000000 -5.0000000 53.9661179
-84.0000000 0.0000000 109.4636459
-84.0000000 5.0000000 199.6699219
-84.0000000 10.0000000 433.3715210
-84.0000000 15.0000000 416.1081543
-84.0000000 20.0000000 436.7926331
-84.0000000 25.0000000 605.2796021
-84.0000000 30.0000000 845.1629028
-84.0000000 35.0000000 1473.2878418
-84.0000000 40.0000000 1735.9779053
-84.0000000 45.0000000 1107.9418945
-84.0000000 50.0000000 605.1682739
-84.0000000 55.0000000 602.3519897
-84.0000000 60.0000000 672.9195557
-84.0000000 65.0000000 824.5108643
-84.0000000 70.0000000 973.0338135
-84.0000000 75.0000000 759.6505737
-84.0000000 80.0000000 794.9720459
-84.0000000 85.0000000 2169.8815918
-78.0000000 -85.0000000 655.3788452
-78.0000000 -80.0000000 865.1647339
-78.0000000 -75.0000000 683.5965576
-78.0000000 -70.0000000 407.1765747
-78.0000000 -65.0000000 439.5883179
-78.0000000 -60.0000000 308.9929504
-78.0000000 -55.0000000 247.4794922
-78.0000000 -50.0000000 134.5317078
-78.0000000 -45.0000000 85.4890137
-78.0000000 -40.0000000 117.6034164
-78.0000000 -35.0000000 49.5783463
-78.0000000 -30.0000000 28.4656563
-78.0000000 -25.0000000 23.3497200
-78.0000000 -20.0000000 50.2476387
-78.0000000 -15.0000000 74.8827667
-78.0000000 -10.0000000 29.2339478
-78.0000000 -5.0000000 122.0413589
-78.0000000 0.0000000 141.6669312
-78.0000000 5.0000000 177.6049500
-78.0000000 10.0000000 429.4776306
-78.0000000 15.0000000 490.4660034
-78.0000000 20.0000000 428.1137085
-78.0000000 25.0000000 435.2052612
-78.0000000 30.0000000 687.0175781
-78.0000000 35.0000000 1101.3254395
-78.0000000 40.0000000 1600.0908203
-78.0000000 45.0000000 1558.2116699
-78.0000000 50.0000000 608.1295166
-78.0000000 55.0000000 512.7919312
-78.0000000 60.0000000 751.4664307
-78.0000000 65.0000000 760.0003662
-78.0000000 70.0000000 834.8737183
-78.0000000 75.0000000 748.7293091
-78.0000000 80.0000000 822.6649170
-78.0000000 85.0000000 2163.8481445
-72.0000000 -85.0000000 680.5249023
-72.0000000 -80.0000000 498.6151428
-72.0000000 -75.0000000 521.3370972
-72.0000000 -70.0000000 319.5875854
-72.0000000 -65.0000000 388.7489014
-72.0000000 -60.0000000 279.4336853
-72.0000000 -55.0000000 215.8461151
-72.0000000 -50.0000000 196.8970032
-72.0000000 -45.0000000 132.7177429
-72.0000000 -40.0000000 107.5881577
-72.0000000 -35.0000000 71.6520309
-72.0000000 -30.0000000 43.1794090
-72.0000000 -25.0000000 19.4155006
-72.0000000 -20.0000000 36.5606689
-72.0000000 -15.0000000 38.3480148
-72.0000000 -10.0000000 23.4534073
-72.0000000 -5.0000000 90.5820312
-72.0000000 0.0000000 172.0831604
-72.0000000 5.0000000 219.3217316
-72.0000000 10.0000000 380.3171387
-72.0000000 15.0000000 527.7472534
-72.0000000 20.0000000 478.5198669
-72.0000000 25.0000000 494.3927307
-72.0000000 30.0000000 884.1242065
-72.0000000 35.0000000 1335.8051758
-72.0000000 40.0000000 1986.7825928
-72.0000000 45.0000000 1885.2861328
-72.0000000 50.0000000 615.3560181
-72.0000000 55.0000000 479.1795959
-72.0000000 60.0000000 856.6040039
-72.0000000 65.0000000 681.0399170
-72.0000000 70.0000000 723.3549194
-72.0000000 75.0000000 695.9691162
-72.0000000 80.0000000 760.3867188
-72.0000000 85.0000000 2100.8188477
-66.0000000 -85.0000000 776.2530518
-66.0000000 -80.0000000 478.5732422
-66.0000000 -75.0000000 738.9992065
-66.0000000 -70.0000000 365.3287659
-66.0000000 -65.0000000 420.5848694
-66.0000000 -60.0000000 341.3731079
-66.0000000 -55.0000000 278.8933716
-66.0000000 -50.0000000 221.8454132
-66.0000000 -45.0000000 153.5433807
-66.0000000 -40.0000000 98.0862579
-66.0000000 -35.0000000 58.6078720
-66.0000000 -30.0000000 59.1620178
-66.0000000 -25.0000000 28.1284676
-66.0000000 -20.0000000 37.5864487
-66.0000000 -15.0000000 22.3056374
-66.0000000 -10.0000000 26.5600796
-66.0000000 -5.0000000 49.7418671
-66.0000000 0.0000000 192.3290863
-66.0000000 5.0000000 311.0984802
-66.0000000 10.0000000 549.6511841
-66.0000000 15.0000000 829.9197388
-66.0000000 20.0000000 607.3332520
-66.0000000 25.0000000 485.2987366
-66.0000000 30.0000000 834.8554688
-66.0000000 35.0000000 1644.8347168
-66.0000000 40.0000000 2352.7592773
-66.0000000 45.0000000 1885.0357666
-66.0000000 50.0000000 717.6564941
-66.0000000 55.0000000 458.3816833
-66.0000000 60.0000000 743.9588623
-66.0000000 65.0000000 642.6901855
-66.0000000 70.0000000 663.6250000
-66.0000000 75.0000000 731.7698975
-66.0000000 80.0000000 752.8541260
-66.0000000 85.0000000 1789.6334229
-60.0000000 -85.0000000 656.7105713
-60.0000000 -80.0000000 427.8877869
-60.0000000 -75.0000000 472.6078491
-60.0000000 -70.0000000 326.3908386
-60.0000000 -65.0000000 348.6961060
-60.0000000 -60.0000000 336.6177063
-60.0000000 -55.0000000 255.6020966
-60.0000000 -50.0000000 128.4969635
-60.0000000 -45.0000000 97.2045135
-60.0000000 -40.0000000 71.8842010
-60.0000000 -35.0000000 40.2341309
-60.0000000 -30.0000000 26.5095158
-60.0000000 -25.0000000 35.0113716
-60.0000000 -20.0000000 79.5037079
-60.0000000 -15.0000000 22.6963501
-60.0000000 -10.0000000 72.5496063
-60.0000000 -5.0000000 142.9615784
-60.0000000 0.0000000 138.0454407
-60.0000000 5.0000000 292.0022583
-60.0000000 10.0000000 471.3528442
-60.0000000 15.0000000 816.3831177
-60.0000000 20.0000000 793.2422485
-60.0000000 25.0000000 551.3861694
-60.0000000 30.0000000 744.1895752
-60.0000000 35.0000000 1577.5054932
-60.0000000 40.0000000 2026.8918457
-60.0000000 45.0000000 2191.6799316
-60.0000000 50.0000000 1038.4206543
-60.0000000 55.0000000 535.6297607
-60.0000000 60.0000000 631.0121460
-60.0000000 65.0000000 574.1641235
-60.0000000 70.0000000 595.8530884
-60.0000000 75.0000000 681.3366089
-60.0000000 80.0000000 853.8831177
-60.0000000 85.0000000 1827.8050537
-54.0000000 -85.0000000 635.9105225
-54.0000000 -80.0000000 417.1570435
-54.0000000 -75.0000000 357.0328369
-54.0000000 -70.0000000 302.9908142
-54.0000000 -65.0000000 381.4822388
-54.0000000 -60.0000000 389.5729370
-54.0000000 -55.0000000 211.4539032
-54.0000000 -50.0000000 113.9622345
-54.0000000 -45.0000000 74.6958160
-54.0000000 -40.0000000 63.5094910
-54.0000000 -35.0000000 66.5619354
-54.0000000 -30.0000000 27.1546288
-54.0000000 -25.0000000 62.9604187
-54.0000000 -20.0000000 190.6324768
-54.0000000 -15.0000000 21.9028416
-54.0000000 -10.0000000 103.0009613
-54.0000000 -5.0000000 96.2047577
-54.0000000 0.0000000 114.5197601
-54.0000000 5.0000000 344.5273438
-54.0000000 10.0000000 560.9784546
-54.0000000 15.0000000 897.9129639
-54.0000000 20.0000000 1033.9508057
-54.0000000 25.0000000 643.4404907
-54.0000000 30.0000000 788.3863525
-54.0000000 35.0000000 1794.8480225
-54.0000000 40.0000000 2228.8747559
-54.0000000 45.0000000 1784.8601074
-54.0000000 50.0000000 731.4266357
-54.0000000 55.0000000 424.9486389
-54.0000000 60.0000000 531.4866333
-54.0000000 65.0000000 512.6202393
-54.0000000 70.0000000 592.7994995
-54.0000000 75.0000000 631.0373535
-54.0000000 80.0000000 852.5518799
-54.0000000 85.0000000 1828.6429443
-48.0000000 -85.0000000 911.2249146
-48.0000000 -80.0000000 530.3490601
-48.0000000 -75.0000000 579.3830566
-48.0000000 -70.0000000 397.1385498
-48.0000000 -65.0000000 409.4844360
-48.0000000 -60.0000000 433.3613892
-48.0000000 -55.0000000 232.7101288
-48.0000000 -50.0000000 121.2556992
-48.0000000 -45.0000000 104.3094330
-48.0000000 -40.0000000 78.1085052
-48.0000000 -35.0000000 49.0357361
-48.0000000 -30.0000000 15.1724901
-48.0000000 -25.0000000 27.7066498
-48.0000000 -20.0000000 71.7583466
-48.0000000 -15.0000000 19.9879150
-48.0000000 -10.0000000 30.3693962
-48.0000000 -5.0000000 74.1700974
-48.0000000 0.0000000 124.6436768
-48.0000000 5.0000000 438.8777466
-48.0000000 10.0000000 742.4195557
-48.0000000 15.0000000 1017.2273560
-48.0000000 20.0000000 1032.4838867
-48.0000000 25.0000000 698.2277222
-48.0000000 30.0000000 669.9519653
-48.0000000 35.0000000 1152.6633301
-48.0000000 40.0000000 1407.5949707
-48.0000000 45.0000000 1073.7796631
-48.0000000 50.0000000 465.5408325
-48.0000000 55.0000000 363.3423462
-48.0000000 60.0000000 476.4126587
-48.0000000 65.0000000 477.5337524
-48.0000000 70.0000000 564.6871338
-48.0000000 75.0000000 622.2827759
-48.0000000 80.0000000 775.4504395
-48.0000000 85.0000000 1902.0452881
-42.0000000 -85.0000000 822.2252197
-42.0000000 -80.0000000 451.6855469
-42.0000000 -75.0000000 439.0156860
-42.0000000 -70.0000000 303.8895874
-42.0000000 -65.0000000 363.3245544
-42.0000000 -60.0000000 412.4413147
-42.0000000 -55.0000000 232.5212860
-42.0000000 -50.0000000 147.8060150
-42.0000000 -45.0000000 118.9665909
-42.0000000 -40.0000000 97.4280396
-42.0000000 -35.0000000 57.7507935
-42.0000000 -30.0000000 16.2453766
-42.0000000 -25.0000000 21.6341972
-42.0000000 -20.0000000 44.0804558
-42.0000000 -15.0000000 20.6195469
-42.0000000 -10.0000000 31.6214695
-42.0000000 -5.0000000 124.6846695
-42.0000000 0.0000000 144.5692749
-42.0000000 5.0000000 410.4422302
-42.0000000 10.0000000 785.4169312
-42.0000000 15.0000000 948.4427490
-42.0000000 20.0000000 928.4454346
-42.0000000 25.0000000 660.1752930
-42.0000000 30.0000000 516.3742676
-42.0000000 35.0000000 460.2743225
-42.0000000 40.0000000 597.6973877
-42.0000000 45.0000000 572.9950562
-42.0000000 50.0000000 344.5055847
-42.0000000 55.0000000 349.7924805
-42.0000000 60.0000000 465.3723755
-42.0000000 65.0000000 475.7171021
-42.0000000 70.0000000 493.0443726
-42.0000000 75.0000000 534.9375000
-42.0000000 80.0000000 653.2402344
-42.0000000 85.0000000 2055.5654297
-36.0000000 -85.0000000 714.5125732
-36.0000000 -80.0000000 464.3607483
-36.0000000 -75.0000000 580.2830200
-36.0000000 -70.0000000 415.5929260
-36.0000000 -65.0000000 507.8664551
-36.0000000 -60.0000000 459.4724121
-36.0000000 -55.0000000 228.9475098
-36.0000000 -50.0000000 139.2807922
-36.0000000 -45.0000000 94.8364410
-36.0000000 -40.0000000 81.5351791
-36.0000000 -35.0000000 56.4911690
-36.0000000 -30.0000000 20.2295990
-36.0000000 -25.0000000 39.6190186
-36.0000000 -20.0000000 198.6753387
-36.0000000 -15.0000000 20.5708427
-36.0000000 -10.0000000 29.8236847
-36.0000000 -5.0000000 133.9399719
-36.0000000 0.0000000 150.0621490
-36.0000000 5.0000000 462.9969788
-36.0000000 10.0000000 919.2747803
-36.0000000 15.0000000 1076.6716309
-36.0000000 20.0000000 974.0532227
-36.0000000 25.0000000 703.0761719
-36.0000000 30.0000000 515.2474365
-36.0000000 35.0000000 448.6336060
-36.0000000 40.0000000 425.4245605
-36.0000000 45.0000000 351.6171265
-36.0000000 50.0000000 279.7458496
-36.0000000 55.0000000 321.2302856
-36.0000000 60.0000000 419.7469177
-36.0000000 65.0000000 466.6039429
-36.0000000 70.0000000 495.8534546
-36.0000000 75.0000000 572.2606201
-36.0000000 80.0000000 720.0998535
-36.0000000 85.0000000 1882.3835449
-30.0000000 -85.0000000 854.0519409
-30.0000000 -80.0000000 615.8477783
-30.0000000 -75.0000000 862.5128174
-30.0000000 -70.0000000 633.4353027
-30.0000000 -65.0000000 614.8211670
-30.0000000 -60.0000000 524.7950439
-30.0000000 -55.0000000 242.9802246
-30.0000000 -50.0000000 123.9692612
-30.0000000 -45.0000000 88.9500046
-30.0000000 -40.0000000 87.2901459
-30.0000000 -35.0000000 39.3519821
-30.0000000 -30.0000000 22.4575386
-30.0000000 -25.0000000 27.0184879
-30.0000000 -20.0000000 100.0185089
-30.0000000 -15.0000000 36.2064438
-30.0000000 -10.0000000 22.7391472
-30.0000000 -5.0000000 56.0214233
-30.0000000 0.0000000 146.9774475
-30.0000000 5.0000000 395.3323364
-30.0000000 10.0000000 851.3591919
-30.0000000 15.0000000 1155.5400391
-30.0000000 20.0000000 1110.0583496
-30.0000000 25.0000000 827.2091675
-30.0000000 30.0000000 582.6741333
-30.0000000 35.0000000 354.8504944
-30.0000000 40.0000000 309.6768188
-30.0000000 45.0000000 247.0001221
-30.0000000 50.0000000 247.9004364
-30.0000000 55.0000000 318.7551270
-30.0000000 60.0000000 429.1895447
-30.0000000 65.0000000 531.5126343
-30.0000000 70.0000000 481.7040100
-30.0000000 75.0000000 548.3997803
-30.0000000 80.0000000 875.7599487
-30.0000000 85.0000000 1731.2181396
-24.0000000 -85.0000000 917.2384644
-24.0000000 -80.0000000 641.0256958
-24.0000000 -75.0000000 842.3496094
-24.0000000 -70.0000000 589.5531006
-24.0000000 -65.0000000 460.1776733
-24.0000000 -60.0000000 499.8786011
-24.0000000 -55.0000000 280.5810547
-24.0000000 -50.0000000 152.8419800
-24.0000000 -45.0000000 125.4004288
-24.0000000 -40.0000000 113.3769073
-24.0000000 -35.0000000 36.9388733
-24.0000000 -30.0000000 32.7383766
-24.0000000 -25.0000000 22.4916878
-24.0000000 -20.0000000 18.7545815
-24.0000000 -15.0000000 19.9092579
-24.0000000 -10.0000000 21.3229008
-24.0000000 -5.0000000 56.0847855
-24.0000000 0.0000000 182.9380341
-24.0000000 5.0000000 462.8963928
-24.0000000 10.0000000 912.7969971
-24.0000000 15.0000000 1269.3509521
-24.0000000 20.0000000 1279.4788818
-24.0000000 25.0000000 998.8014526
-24.0000000 30.0000000 713.3515015
-24.0000000 35.0000000 417.9579468
-24.0000000 40.0000000 240.5241394
-24.0000000 45.0000000 193.3241272
-24.0000000 50.0000000 231.1995087
-24.0000000 55.0000000 313.9945679
-24.0000000 60.0000000 439.9981995
-24.0000000 65.0000000 588.4654541
-24.0000000 70.0000000 493.6916504
-24.0000000 75.0000000 611.5906982
-24.0000000 80.0000000 989.4364014
-24.0000000 85.0000000 1610.6125488
-18.0000000 -85.0000000 825.8107300
-18.0000000 -80.0000000 622.3685913
-18.0000000 -75.0000000 1141.0161133
-18.0000000 -70.0000000 786.1334839
-18.0000000 -65.0000000 533.2387695
-18.0000000 -60.0000000 558.7642822
-18.0000000 -55.0000000 310.6375122
-18.0000000 -50.0000000 213.9248352
-18.0000000 -45.0000000 155.2223053
-18.0000000 -40.0000000 71.4734421
-18.0000000 -35.0000000 28.4123287
-18.0000000 -30.0000000 29.6393375
-18.0000000 -25.0000000 26.2023067
-18.0000000 -20.0000000 26.6745796
-18.0000000 -15.0000000 30.7239075
-18.0000000 -10.0000000 31.4777164
-18.0000000 -5.0000000 96.5575104
-18.0000000 0.0000000 253.3054199
-18.0000000 5.0000000 532.9671631
-18.0000000 10.0000000 1028.8194580
-18.0000000 15.0000000 1418.5067139
-18.0000000 20.0000000 1478.7248535
-18.0000000 25.0000000 1209.5905762
-18.0000000 30.0000000 999.2478638
-18.0000000 35.0000000 686.1077881
-18.0000000 40.0000000 338.9262085
-18.0000000 45.0000000 190.4498749
-18.0000000 50.0000000 227.2786560
-18.0000000 55.0000000 314.5743408
-18.0000000 60.0000000 408.1727600
-18.0000000 65.0000000 557.8551025
-18.0000000 70.0000000 536.3449707
-18.0000000 75.0000000 681.5968018
-18.0000000 80.0000000 1182.8691406
-18.0000000 85.0000000 1701.9042969
-12.0000000 -85.0000000 896.9396362
-12.0000000 -80.0000000 637.9913940
-12.0000000 -75.0000000 1424.2286377
-12.0000000 -70.0000000 987.7884521
-12.0000000 -65.0000000 689.8308716
-12.0000000 -60.0000000 714.6871338
-12.0000000 -55.0000000 312.9508972
-12.0000000 -50.0000000 221.1025391
-12.0000000 -45.0000000 131.4530792
-12.0000000 -40.0000000 52.2627182
-12.0000000 -35.0000000 29.1092834
-12.0000000 -30.0000000 26.1283321
-12.0000000 -25.0000000 23.5401039
-12.0000000 -20.0000000 33.6641922
-12.0000000 -15.0000000 31.5258694
-12.0000000 -10.0000000 25.9432430
-12.0000000 -5.0000000 52.5294189
-12.0000000 0.0000000 133.5013275
-12.0000000 5.0000000 394.1227417
-12.0000000 10.0000000 1021.7013550
-12.0000000 15.0000000 1620.9018555
-12.0000000 20.0000000 1868.0148926
-12.0000000 25.0000000 1543.0075684
-12.0000000 30.0000000 1265.0603027
-12.0000000 35.0000000 1001.6353760
-12.0000000 40.0000000 481.2348633
-12.0000000 45.0000000 212.5819855
-12.0000000 50.0000000 229.4592743
-12.0000000 55.0000000 339.0029297
-12.0000000 60.0000000 386.2090149
-12.0000000 65.0000000 591.9621582
-12.0000000 70.0000000 593.9172363
-12.0000000 75.0000000 694.0220947
-12.0000000 80.0000000 1283.1553955
-12.0000000 85.0000000 1770.0937500
-6.0000000 -85.0000000 949.6831055
-6.0000000 -80.0000000 699.3602295
-6.0000000 -75.0000000 1276.6086426
-6.0000000 -70.0000000 813.1165161
-6.0000000 -65.0000000 614.3157959
-6.0000000 -60.0000000 702.5407715
-6.0000000 -55.0000000 355.5491638
-6.0000000 -50.0000000 240.9059143
-6.0000000 -45.0000000 158.1039581
-6.0000000 -40.0000000 45.8966599
-6.0000000 -35.0000000 31.1839199
-6.0000000 -30.0000000 29.8375053
-6.0000000 -25.0000000 23.9372807
-6.0000000 -20.0000000 21.1147556
-6.0000000 -15.0000000 26.0592079
-6.0000000 -10.0000000 35.5224915
-6.0000000 -5.0000000 72.5070877
-6.0000000 0.0000000 139.8761292
-6.0000000 5.0000000 365.3786011
-6.0000000 10.0000000 856.5759888
-6.0000000 15.0000000 1392.3676758
-6.0000000 20.0000000 1784.9667969
-6.0000000 25.0000000 1714.7988281
-6.0000000 30.0000000 1627.3212891
-6.0000000 35.0000000 1654.1848145
-6.0000000 40.0000000 736.8316650
-6.0000000 45.0000000 285.7080383
-6.0000000 50.0000000 271.3196411
-6.0000000 55.0000000 325.2784119
-6.0000000 60.0000000 376.1034851
-6.0000000 65.0000000 620.1859741
-6.0000000 70.0000000 621.0433350
-6.0000000 75.0000000 817.5203247
-6.0000000 80.0000000 1442.4910889
-6.0000000 85.0000000 1970.1289062
0.0000000 -85.0000000 1132.6839600
0.0000000 -80.0000000 740.2407227
0.0000000 -75.0000000 1150.7583008
0.0000000 -70.0000000 761.8512573
0.0000000 -65.0000000 595.0430908
0.0000000 -60.0000000 653.5125732
0.0000000 -55.0000000 382.6466370
0.0000000 -50.0000000 257.5062866
0.0000000 -45.0000000 159.7823181
0.0000000 -40.0000000 44.3126793
0.0000000 -35.0000000 27.0780602
0.0000000 -30.0000000 35.3462105
0.0000000 -25.0000000 32.4983749
0.0000000 -20.0000000 31.6526585
0.0000000 -15.0000000 29.1536064
0.0000000 -10.0000000 31.9908390
0.0000000 -5.0000000 71.3023224
0.0000000 0.0000000 156.2228699
0.0000000 5.0000000 408.3074341
0.0000000 10.0000000 712.9705811
0.0000000 15.0000000 1111.2844238
0.0000000 20.0000000 1425.5461426
0.0000000 25.0000000 1474.1163330
0.0000000 30.0000000 1827.9466553
0.0000000 35.0000000 2454.9907227
0.0000000 40.0000000 1171.1215820
0.0000000 45.0000000 408.5147705
0.0000000 50.0000000 330.2167664
0.0000000 55.0000000 351.2936707
0.0000000 60.0000000 375.7481079
0.0000000 65.0000000 739.7711182
0.0000000 70.0000000 603.5451050
0.0000000 75.0000000 935.7408447
0.0000000 80.0000000 1635.4890137
0.0000000 85.0000000 2258.1127930
6.0000000 -85.0000000 993.1729736
6.0000000 -80.0000000 702.2184448
6.0000000 -75.0000000 1031.1149902
6.0000000 -70.0000000 692.9086304
6.0000000 -65.0000000 569.4231567
6.0000000 -60.0000000 594.7180786
6.0000000 -55.0000000 369.1402588
6.0000000 -50.0000000 193.4360199
6.0000000 -45.0000000 100.0793304
6.0000000 -40.0000000 32.4473534
6.0000000 -35.0000000 26.3372841
6.0000000 -30.0000000 39.4509277
6.0000000 -25.0000000 38.3544235
6.0000000 -20.0000000 43.2340469
6.0000000 -15.0000000 48.0890007
6.0000000 -10.0000000 44.1074944
6.0000000 -5.0000000 83.4779739
6.0000000 0.0000000 175.8853455
6.0000000 5.0000000 431.8588257
6.0000000 10.0000000 691.6282959
6.0000000 15.0000000 866.0579224
6.0000000 20.0000000 1125.0373535
6.0000000 25.0000000 1149.7373047
6.0000000 30.0000000 1645.2287598
6.0000000 35.0000000 2543.3764648
6.0000000 40.0000000 1399.4239502
6.0000000 45.0000000 490.8329163
6.0000000 50.0000000 323.1032104
6.0000000 55.0000000 421.8903809
6.0000000 60.0000000 420.9875488
6.0000000 65.0000000 706.4044800
6.0000000 70.0000000 592.4760132
6.0000000 75.0000000 1003.8934326
6.0000000 80.0000000 1591.4279785
6.0000000 85.0000000 2099.7099609
12.0000000 -85.0000000 915.2078247
12.0000000 -80.0000000 729.3569336
12.0000000 -75.0000000 986.2650146
12.0000000 -70.0000000 608.7840576
12.0000000 -65.0000000 518.3585815
12.0000000 -60.0000000 503.4895020
12.0000000 -55.0000000 304.1079712
12.0000000 -50.0000000 159.2903748
12.0000000 -45.0000000 85.6643982
12.0000000 -40.0000000 39.7382736
12.0000000 -35.0000000 25.6399326
12.0000000 -30.0000000 32.4612236
12.0000000 -25.0000000 39.9927750
12.0000000 -20.0000000 47.9675179
12.0000000 -15.0000000 50.3382797
12.0000000 -10.0000000 79.9930267
12.0000000 -5.0000000 145.7239685
12.0000000 0.0000000 255.5137482
12.0000000 5.0000000 462.1223145
12.0000000 10.0000000 654.3917236
12.0000000 15.0000000 768.8448486
12.0000000 20.0000000 937.7110596
12.0000000 25.0000000 894.5567627
12.0000000 30.0000000 1494.0266113
12.0000000 35.0000000 2295.8249512
12.0000000 40.0000000 1365.7368164
12.0000000 45.0000000 441.8617554
12.0000000 50.0000000 342.9308472
12.0000000 55.0000000 470.1466370
12.0000000 60.0000000 491.1817017
12.0000000 65.0000000 773.9519043
12.0000000 70.0000000 648.7827759
12.0000000 75.0000000 969.7297974
12.0000000 80.0000000 1630.3653564
12.0000000 85.0000000 2201.1062012
18.0000000 -85.0000000 982.2230225
18.0000000 -80.0000000 995.1655273
18.0000000 -75.0000000 1035.1456299
18.0000000 -70.0000000 576.3518066
18.0000000 -65.0000000 516.9867554
18.0000000 -60.0000000 477.1847534
18.0000000 -55.0000000 277.6286011
18.0000000 -50.0000000 180.2439880
18.0000000 -45.0000000 114.0381622
18.0000000 -40.0000000 48.1892242
18.0000000 -35.0000000 25.5129681
18.0000000 -30.0000000 25.5724220
18.0000000 -25.0000000 49.8833809
18.0000000 -20.0000000 62.8009720
18.0000000 -15.0000000 88.4319916
18.0000000 -10.0000000 146.8153534
18.0000000 -5.0000000 168.9786072
18.0000000 0.0000000 301.4216003
18.0000000 5.0000000 516.6571045
18.0000000 10.0000000 605.7426147
18.0000000 15.0000000 693.4218140
18.0000000 20.0000000 766.9713135
18.0000000 25.0000000 752.2242432
18.0000000 30.0000000 1256.3645020
18.0000000 35.0000000 2351.0253906
18.0000000 40.0000000 1265.6159668
18.0000000 45.0000000 427.2395020
18.0000000 50.0000000 365.7238159
18.0000000 55.0000000 461.8387756
18.0000000 60.0000000 480.9574280
18.0000000 65.0000000 844.2076416
18.0000000 70.0000000 700.9385376
18.0000000 75.0000000 841.8916016
18.0000000 80.0000000 1578.7717285
18.0000000 85.0000000 2298.4008789
24.0000000 -85.0000000 901.2838135
24.0000000 -80.0000000 716.0806885
24.0000000 -75.0000000 827.2262573
24.0000000 -70.0000000 540.1511230
24.0000000 -65.0000000 487.0381775
24.0000000 -60.0000000 410.8605347
24.0000000 -55.0000000 258.7056274
24.0000000 -50.0000000 149.5845337
24.0000000 -45.0000000 72.2886734
24.0000000 -40.0000000 34.1641731
24.0000000 -35.0000000 26.4592037
24.0000000 -30.0000000 28.7326508
24.0000000 -25.0000000 66.4128494
24.0000000 -20.0000000 98.4952316
24.0000000 -15.0000000 128.5151978
24.0000000 -10.0000000 223.0255585
24.0000000 -5.0000000 217.6547546
24.0000000 0.0000000 230.0639954
24.0000000 5.0000000 419.8334351
24.0000000 10.0000000 591.2284546
24.0000000 15.0000000 605.8977051
24.0000000 20.0000000 696.2463989
24.0000000 25.0000000 783.9729614
24.0000000 30.0000000 1289.9361572
24.0000000 35.0000000 2337.8422852
24.0000000 40.0000000 984.8385620
24.0000000 45.0000000 353.1604309
24.0000000 50.0000000 364.5906372
24.0000000 55.0000000 453.5868225
24.0000000 60.0000000 527.5491943
24.0000000 65.0000000 797.0371094
24.0000000 70.0000000 706.0648193
24.0000000 75.0000000 894.3670654
24.0000000 80.0000000 1573.0432129
24.0000000 85.0000000 2230.8859863
30.0000000 -85.0000000 1160.3374023
30.0000000 -80.0000000 597.6350098
30.0000000 -75.0000000 746.3663330
30.0000000 -70.0000000 545.1520386
30.0000000 -65.0000000 511.2640686
30.0000000 -60.0000000 413.4759827
30.0000000 -55.0000000 267.2984924
30.0000000 -50.0000000 147.8013306
30.0000000 -45.0000000 99.0330505
30.0000000 -40.0000000 82.5664597
30.0000000 -35.0000000 48.2865067
30.0000000 -30.0000000 21.2242050
30.0000000 -25.0000000 39.5338631
30.0000000 -20.0000000 94.4250641
30.0000000 -15.0000000 118.6766739
30.0000000 -10.0000000 201.3308868
30.0000000 -5.0000000 336.6977844
30.0000000 0.0000000 301.5847473
30.0000000 5.0000000 434.3631287
30.0000000 10.0000000 793.2575684
30.0000000 15.0000000 762.2976074
30.0000000 20.0000000 801.4785767
30.0000000 25.0000000 914.5332031
30.0000000 30.0000000 1502.0739746
30.0000000 35.0000000 2473.5510254
30.0000000 40.0000000 1009.2092896
30.0000000 45.0000000 404.2970581
30.0000000 50.0000000 412.7405396
30.0000000 55.0000000 503.1219177
30.0000000 60.0000000 532.5103760
30.0000000 65.0000000 750.1810303
30.0000000 70.0000000 727.7268066
30.0000000 75.0000000 921.0827026
30.0000000 80.0000000 1521.1785889
30.0000000 85.0000000 2146.2888184
36.0000000 -85.0000000 1159.8948975
36.0000000 -80.0000000 513.9957886
36.0000000 -75.0000000 684.6693115
36.0000000 -70.0000000 581.7742920
36.0000000 -65.0000000 477.7648010
36.0000000 -60.0000000 408.7359924
36.0000000 -55.0000000 233.3101501
36.0000000 -50.0000000 117.7894287
36.0000000 -45.0000000 78.8841705
36.0000000 -40.0000000 86.6541519
36.0000000 -35.0000000 54.8089409
36.0000000 -30.0000000 16.5836258
36.0000000 -25.0000000 30.3139496
36.0000000 -20.0000000 89.2727127
36.0000000 -15.0000000 126.6964951
36.0000000 -10.0000000 171.5570831
36.0000000 -5.0000000 312.3450623
36.0000000 0.0000000 320.8935242
36.0000000 5.0000000 408.2596741
36.0000000 10.0000000 675.3521118
36.0000000 15.0000000 694.8709717
36.0000000 20.0000000 841.6826172
36.0000000 25.0000000 905.1274414
36.0000000 30.0000000 1573.0449219
36.0000000 35.0000000 2745.6892090
36.0000000 40.0000000 1381.6563721
36.0000000 45.0000000 407.5594177
36.0000000 50.0000000 368.9303589
36.0000000 55.0000000 501.0747681
36.0000000 60.0000000 562.9761963
36.0000000 65.0000000 708.4268799
36.0000000 70.0000000 686.4956665
36.0000000 75.0000000 880.5004883
36.0000000 80.0000000 1396.1274414
36.0000000 85.0000000 2147.6293945
42.0000000 -85.0000000 854.5382690
42.0000000 -80.0000000 448.5988770
42.0000000 -75.0000000 693.1550903
42.0000000 -70.0000000 458.6768494
42.0000000 -65.0000000 376.9631042
42.0000000 -60.0000000 390.9147339
42.0000000 -55.0000000 180.3033142
42.0000000 -50.0000000 94.0816727
42.0000000 -45.0000000 59.4885330
42.0000000 -40.0000000 38.6391373
42.0000000 -35.0000000 19.3836784
42.0000000 -30.0000000 15.1718035
42.0000000 -25.0000000 31.0692806
42.0000000 -20.0000000 71.3861237
42.0000000 -15.0000000 90.0418167
42.0000000 -10.0000000 111.6385269
42.0000000 -5.0000000 161.4343872
42.0000000 0.0000000 166.2352448
42.0000000 5.0000000 300.1457520
42.0000000 10.0000000 491.2292480
42.0000000 15.0000000 634.9589844
42.0000000 20.0000000 911.0202026
42.0000000 25.0000000 978.6873169
42.0000000 30.0000000 1929.3242188
42.0000000 35.0000000 3672.1223145
42.0000000 40.0000000 1684.4306641
42.0000000 45.0000000 502.0104065
42.0000000 50.0000000 379.7736816
42.0000000 55.0000000 502.6961060
42.0000000 60.0000000 472.1975098
42.0000000 65.0000000 728.1286011
42.0000000 70.0000000 665.3283691
42.0000000 75.0000000 887.9498291
42.0000000 80.0000000 1273.8406982
42.0000000 85.0000000 2264.2602539
48.0000000 -85.0000000 909.9212646
48.0000000 -80.0000000 525.9369507
48.0000000 -75.0000000 956.3612061
48.0000000 -70.0000000 482.6211548
48.0000000 -65.0000000 454.0634766
48.0000000 -60.0000000 388.9180603
48.0000000 -55.0000000 167.3569794
48.0000000 -50.0000000 125.6564331
48.0000000 -45.0000000 120.7561264
48.0000000 -40.0000000 59.5651016
48.0000000 -35.0000000 48.8173332
48.0000000 -30.0000000 17.0834827
48.0000000 -25.0000000 21.3970718
48.0000000 -20.0000000 35.5023613
48.0000000 -15.0000000 87.6936340
48.0000000 -10.0000000 120.1268921
48.0000000 -5.0000000 134.6913605
48.0000000 0.0000000 202.6952515
48.0000000 5.0000000 491.2684937
48.0000000 10.0000000 553.4022827
48.0000000 15.0000000 654.2114868
48.0000000 20.0000000 1145.0552979
48.0000000 25.0000000 1040.0173340
48.0000000 30.0000000 2141.8171387
48.0000000 35.0000000 4255.2041016
48.0000000 40.0000000 1863.8521729
48.0000000 45.0000000 595.9927979
48.0000000 50.0000000 418.2263794
48.0000000 55.0000000 483.8672485
48.0000000 60.0000000 436.8574829
48.0000000 65.0000000 657.6492310
48.0000000 70.0000000 595.3292236
48.0000000 75.0000000 814.0975342
48.0000000 80.0000000 1062.8303223
48.0000000 85.0000000 2159.6547852
54.0000000 -85.0000000 881.6178589
54.0000000 -80.0000000 448.9319763
54.0000000 -75.0000000 700.5626221
54.0000000 -70.0000000 437.7947693
54.0000000 -65.0000000 370.3764648
54.0000000 -60.0000000 349.4411011
54.0000000 -55.0000000 195.4243622
54.0000000 -50.0000000 157.0376129
54.0000000 -45.0000000 91.7057953
54.0000000 -40.0000000 46.6289024
54.0000000 -35.0000000 58.3673019
54.0000000 -30.0000000 46.4823074
54.0000000 -25.0000000 23.6685181
54.0000000 -20.0000000 28.5330143
54.0000000 -15.0000000 102.3858261
54.0000000 -10.0000000 166.7018585
54.0000000 -5.0000000 201.2337189
54.0000000 0.0000000 276.6157837
54.0000000 5.0000000 561.2181396
54.0000000 10.0000000 511.8928223
54.0000000 15.0000000 560.6999512
54.0000000 20.0000000 1032.7310791
54.0000000 25.0000000 1005.8361206
54.0000000 30.0000000 2153.3334961
54.0000000 35.0000000 4588.5595703
54.0000000 40.0000000 1994.7503662
54.0000000 45.0000000 641.6632080
54.0000000 50.0000000 398.7169495
54.0000000 55.0000000 397.8166809
54.0000000 60.0000000 478.4256897
54.0000000 65.0000000 672.6812134
54.0000000 70.0000000 600.4246826
54.0000000 75.0000000 760.3793945
54.0000000 80.0000000 880.3045654
54.0000000 85.0000000 2135.7260742
60.0000000 -85.0000000 984.6756592
60.0000000 -80.0000000 386.4963074
60.0000000 -75.0000000 817.8956299
60.0000000 -70.0000000 347.7447510
60.0000000 -65.0000000 372.8064575
60.0000000 -60.0000000 453.3240662
60.0000000 -55.0000000 246.6154327
60.0000000 -50.0000000 169.6518250
60.0000000 -45.0000000 105.1194611
60.0000000 -40.0000000 41.1268539
60.0000000 -35.0000000 33.1517372
60.0000000 -30.0000000 30.0945492
60.0000000 -25.0000000 24.0015392
60.0000000 -20.0000000 28.4050045
60.0000000 -15.0000000 44.5695267
60.0000000 -10.0000000 105.4815216
60.0000000 -5.0000000 183.5909119
60.0000000 0.0000000 178.7174988
60.0000000 5.0000000 322.0671997
60.0000000 10.0000000 542.7404175
60.0000000 15.0000000 563.8162231
60.0000000 20.0000000 1064.3220215
60.0000000 25.0000000 1279.7679443
60.0000000 30.0000000 2506.1875000
60.0000000 35.0000000 3994.7031250
60.0000000 40.0000000 1908.8017578
60.0000000 45.0000000 773.1815796
60.0000000 50.0000000 412.8881226
60.0000000 55.0000000 390.1683044
60.0000000 60.0000000 551.5541992
60.0000000 65.0000000 716.3624878
60.0000000 70.0000000 661.7967529
60.0000000 75.0000000 716.7100220
60.0000000 80.0000000 871.0191650
60.0000000 85.0000000 2212.8264160
66.0000000 -85.0000000 1128.4333496
66.0000000 -80.0000000 405.7824402
66.0000000 -75.0000000 1325.7799072
66.0000000 -70.0000000 387.9011230
66.0000000 -65.0000000 534.6854248
66.0000000 -60.0000000 581.9642944
66.0000000 -55.0000000 266.8473206
66.0000000 -50.0000000 173.8036346
66.0000000 -45.0000000 128.8242340
66.0000000 -40.0000000 60.7128983
66.0000000 -35.0000000 63.3552628
66.0000000 -30.0000000 25.6242924
66.0000000 -25.0000000 25.8743839
66.0000000 -20.0000000 20.9885769
66.0000000 -15.0000000 26.7001915
66.0000000 -10.0000000 84.7523422
66.0000000 -5.0000000 118.0553436
66.0000000 0.0000000 144.7799225
66.0000000 5.0000000 258.7697144
66.0000000 10.0000000 443.5241699
66.0000000 15.0000000 516.3933105
66.0000000 20.0000000 741.1153564
66.0000000 25.0000000 1245.5544434
66.0000000 30.0000000 2336.3083496
66.0000000 35.0000000 2409.9125977
66.0000000 40.0000000 1706.1677246
66.0000000 45.0000000 742.9995728
66.0000000 50.0000000 364.3643494
66.0000000 55.0000000 398.2721863
66.0000000 60.0000000 570.5904541
66.0000000 65.0000000 657.9730225
66.0000000 70.0000000 684.1174927
66.0000000 75.0000000 742.7853394
66.0000000 80.0000000 872.5159302
66.0000000 85.0000000 1984.6292725
72.0000000 -85.0000000 1050.4508057
72.0000000 -80.0000000 414.0195312
72.0000000 -75.0000000 1074.9053955
72.0000000 -70.0000000 410.1473694
72.0000000 -65.0000000 520.7416992
72.0000000 -60.0000000 569.8314209
72.0000000 -55.0000000 264.1777954
72.0000000 -50.0000000 163.3347168
72.0000000 -45.0000000 116.6197739
72.0000000 -40.0000000 81.9533310
72.0000000 -35.0000000 72.4403381
72.0000000 -30.0000000 24.4920864
72.0000000 -25.0000000 39.7206688
72.0000000 -20.0000000 19.6423302
72.0000000 -15.0000000 31.1502266
72.0000000 -10.0000000 123.3792496
72.0000000 -5.0000000 152.4550629
72.0000000 0.0000000 168.8086700
72.0000000 5.0000000 288.3280640
72.0000000 10.0000000 513.3411865
72.0000000 15.0000000 574.3837280
72.0000000 20.0000000 636.5992432
72.0000000 25.0000000 1126.0512695
72.0000000 30.0000000 2182.6384277
72.0000000 35.0000000 2224.6135254
72.0000000 40.0000000 1891.8576660
72.0000000 45.0000000 764.2697144
72.0000000 50.0000000 374.0846558
72.0000000 55.0000000 473.7068787
72.0000000 60.0000000 636.7286377
72.0000000 65.0000000 647.4500732
72.0000000 70.0000000 731.4396362
72.0000000 75.0000000 693.1042480
72.0000000 80.0000000 826.3645630
72.0000000 85.0000000 1960.2392578
78.0000000 -85.0000000 893.8416748
78.0000000 -80.0000000 407.1219177
78.0000000 -75.0000000 846.1954956
78.0000000 -70.0000000 439.3012695
78.0000000 -65.0000000 373.9808655
78.0000000 -60.0000000 465.1660156
78.0000000 -55.0000000 272.6813660
78.0000000 -50.0000000 175.3067017
78.0000000 -45.0000000 122.0435562
78.0000000 -40.0000000 81.0787125
78.0000000 -35.0000000 40.3121223
78.0000000 -30.0000000 23.8439655
78.0000000 -25.0000000 23.8975563
78.0000000 -20.0000000 17.1096840
78.0000000 -15.0000000 23.2823811
78.0000000 -10.0000000 59.8502922
78.0000000 -5.0000000 124.7098846
78.0000000 0.0000000 199.7439117
78.0000000 5.0000000 385.2590942
78.0000000 10.0000000 764.6009521
78.0000000 15.0000000 724.2358398
78.0000000 20.0000000 737.3481445
78.0000000 25.0000000 1195.0537109
78.0000000 30.0000000 1550.8728027
78.0000000 35.0000000 1561.7187500
78.0000000 40.0000000 1553.7976074
78.0000000 45.0000000 657.7268677
78.0000000 50.0000000 446.7223511
78.0000000 55.0000000 507.1353149
78.0000000 60.0000000 706.7695923
78.0000000 65.0000000 741.4564209
78.0000000 70.0000000 748.2450562
78.0000000 75.0000000 732.3941040
78.0000000 80.0000000 805.9384766
78.0000000 85.0000000 2104.1591797
84.0000000 -85.0000000 795.4672241
84.0000000 -80.0000000 402.5574646
84.0000000 -75.0000000 1092.7530518
84.0000000 -70.0000000 542.8007202
84.0000000 -65.0000000 373.8038025
84.0000000 -60.0000000 459.1871643
84.0000000 -55.0000000 306.9100952
84.0000000 -50.0000000 221.4067841
84.0000000 -45.0000000 131.3485107
84.0000000 -40.0000000 62.3687019
84.0000000 -35.0000000 33.3195267
84.0000000 -30.0000000 49.4053268
84.0000000 -25.0000000 33.8182068
84.0000000 -20.0000000 20.7729549
84.0000000 -15.0000000 42.8764687
84.0000000 -10.0000000 68.5402985
84.0000000 -5.0000000 133.9615173
84.0000000 0.0000000 252.9902802
84.0000000 5.0000000 391.8671265
84.0000000 10.0000000 650.9151611
84.0000000 15.0000000 642.5845947
84.0000000 20.0000000 731.7238159
84.0000000 25.0000000 1147.3312988
84.0000000 30.0000000 788.5884399
84.0000000 35.0000000 916.0670776
84.0000000 40.0000000 1003.0389404
84.0000000 45.0000000 540.8720093
84.0000000 50.0000000 437.7865295
84.0000000 55.0000000 466.1051331
84.0000000 60.0000000 715.0911865
84.0000000 65.0000000 778.0379639
84.0000000 70.0000000 766.7349243
84.0000000 75.0000000 738.4121094
84.0000000 80.0000000 734.7678833
84.0000000 85.0000000 1915.5589600
90.0000000 -85.0000000 1602.6868896
90.0000000 -80.0000000 398.7451782
90.0000000 -75.0000000 1026.4899902
90.0000000 -70.0000000 794.1185303
90.0000000 -65.0000000 408.7230835
90.0000000 -60.0000000 470.0686951
90.0000000 -55.0000000 331.8766479
90.0000000 -50.0000000 248.3959045
90.0000000 -45.0000000 112.2799530
90.0000000 -40.0000000 57.3235893
90.0000000 -35.0000000 33.0796280
90.0000000 -30.0000000 67.1107941
90.0000000 -25.0000000 39.7515488
90.0000000 -20.0000000 32.8655357
90.0000000 -15.0000000 228.9707336
90.0000000 -10.0000000 173.8085175
90.0000000 -5.0000000 239.1106720
90.0000000 0.0000000 294.8871460
90.0000000 5.0000000 386.7330017
90.0000000 10.0000000 647.4766846
90.0000000 15.0000000 765.8072510
90.0000000 20.0000000 750.9588623
90.0000000 25.0000000 994.5206909
90.0000000 30.0000000 630.5547485
90.0000000 35.0000000 784.8038330
90.0000000 40.0000000 838.7615356
90.0000000 45.0000000 477.6598511
90.0000000 50.0000000 404.0204468
90.0000000 55.0000000 409.1132507
90.0000000 60.0000000 655.7262573
90.0000000 65.0000000 757.2482910
90.0000000 70.0000000 761.8487549
90.0000000 75.0000000 724.4973755
90.0000000 80.0000000 717.4293213
90.0000000 85.0000000 1861.8197021
96.0000000 -85.0000000 807.2598877
96.0000000 -80.0000000 335.9725647
96.0000000 -75.0000000 850.2812500
96.0000000 -70.0000000 952.8494873
96.0000000 -65.0000000 404.7382202
96.0000000 -60.0000000 426.4849243
96.0000000 -55.0000000 366.2583313
96.0000000 -50.0000000 215.9681702
96.0000000 -45.0000000 85.9862518
96.0000000 -40.0000000 55.2866592
96.0000000 -35.0000000 35.2072983
96.0000000 -30.0000000 43.1011543
96.0000000 -25.0000000 32.7448959
96.0000000 -20.0000000 42.8990402
96.0000000 -15.0000000 161.9934998
96.0000000 -10.0000000 120.6007690
96.0000000 -5.0000000 190.7273407
96.0000000 0.0000000 376.9981079
96.0000000 5.0000000 545.4417725
96.0000000 10.0000000 821.1510010
96.0000000 15.0000000 1158.9714355
96.0000000 20.0000000 910.7094727
96.0000000 25.0000000 947.3396606
96.0000000 30.0000000 546.6589966
96.0000000 35.0000000 581.8986816
96.0000000 40.0000000 558.9987183
96.0000000 45.0000000 407.7560120
96.0000000 50.0000000 326.0785522
96.0000000 55.0000000 394.7152100
96.0000000 60.0000000 627.1547852
96.0000000 65.0000000 707.9794922
96.0000000 70.0000000 882.8855591
96.0000000 75.0000000 803.6012573
96.0000000 80.0000000 743.4369507
96.0000000 85.0000000 1976.9641113
102.0000000 -85.0000000 385.4816284
102.0000000 -80.0000000 360.6403503
102.0000000 -75.0000000 1316.5441895
102.0000000 -70.0000000 1308.6346436
102.0000000 -65.0000000 615.6495972
102.0000000 -60.0000000 536.3809204
102.0000000 -55.0000000 418.2984314
102.0000000 -50.0000000 266.7695312
102.0000000 -45.0000000 98.2085266
102.0000000 -40.0000000 49.8834648
102.0000000 -35.0000000 32.4342804
102.0000000 -30.0000000 27.5841579
102.0000000 -25.0000000 53.7247810
102.0000000 -20.0000000 62.8581963
102.0000000 -15.0000000 81.5681534
102.0000000 -10.0000000 79.9727783
102.0000000 -5.0000000 166.7615356
102.0000000 0.0000000 493.2834473
102.0000000 5.0000000 733.6475220
102.0000000 10.0000000 894.2293701
102.0000000 15.0000000 1086.5827637
102.0000000 20.0000000 1109.8458252
102.0000000 25.0000000 1029.7506104
102.0000000 30.0000000 705.8107910
102.0000000 35.0000000 500.6015625
102.0000000 40.0000000 432.8895569
102.0000000 45.0000000 343.5153198
102.0000000 50.0000000 299.5234070
102.0000000 55.0000000 377.1224060
102.0000000 60.0000000 575.7204590
102.0000000 65.0000000 677.2670288
102.0000000 70.0000000 845.9537354
102.0000000 75.0000000 810.0227051
102.0000000 80.0000000 705.3942871
102.0000000 85.0000000 1915.6927490
108.0000000 -85.0000000 436.0024414
108.0000000 -80.0000000 502.1656189
108.0000000 -75.0000000 1798.4739990
108.0000000 -70.0000000 1525.9968262
108.0000000 -65.0000000 655.7490845
108.0000000 -60.0000000 531.9456787
108.0000000 -55.0000000 418.6177673
108.0000000 -50.0000000 247.7084503
108.0000000 -45.0000000 85.7112427
108.0000000 -40.0000000 76.1533051
108.0000000 -35.0000000 43.7968979
108.0000000 -30.0000000 30.7762871
108.0000000 -25.0000000 47.4994774
108.0000000 -20.0000000 45.5117111
108.0000000 -15.0000000 55.4859695
108.0000000 -10.0000000 119.7843170
108.0000000 -5.0000000 217.7028503
108.0000000 0.0000000 333.3985901
108.0000000 5.0000000 635.0465088
108.0000000 10.0000000 1045.4974365
108.0000000 15.0000000 1240.3297119
108.0000000 20.0000000 1396.5339355
108.0000000 25.0000000 1477.0407715
108.0000000 30.0000000 952.4749146
108.0000000 35.0000000 570.9865112
108.0000000 40.0000000 365.5006104
108.0000000 45.0000000 300.5109253
108.0000000 50.0000000 281.8843384
108.0000000 55.0000000 384.0361938
108.0000000 60.0000000 577.5693970
108.0000000 65.0000000 686.0878906
108.0000000 70.0000000 816.9276733
108.0000000 75.0000000 820.0659180
108.0000000 80.0000000 711.0001221
108.0000000 85.0000000 2110.9162598
114.0000000 -85.0000000 518.6551514
114.0000000 -80.0000000 431.3526001
114.0000000 -75.0000000 1170.2453613
114.0000000 -70.0000000 1155.7373047
114.0000000 -65.0000000 666.3160400
114.0000000 -60.0000000 427.1931152
114.0000000 -55.0000000 349.5433960
114.0000000 -50.0000000 246.2326355
114.0000000 -45.0000000 86.3129730
114.0000000 -40.0000000 76.8588181
114.0000000 -35.0000000 62.6725693
114.0000000 -30.0000000 49.3397636
114.0000000 -25.0000000 61.9991989
114.0000000 -20.0000000 39.6454010
114.0000000 -15.0000000 60.2315674
114.0000000 -10.0000000 142.0812683
114.0000000 -5.0000000 109.5577393
114.0000000 0.0000000 204.8064728
114.0000000 5.0000000 605.9256592
114.0000000 10.0000000 1157.5734863
114.0000000 15.0000000 1476.3620605
114.0000000 20.0000000 1755.1350098
114.0000000 25.0000000 1964.6271973
114.0000000 30.0000000 1304.6785889
114.0000000 35.0000000 810.0076904
114.0000000 40.0000000 427.0253906
114.0000000 45.0000000 302.7163391
114.0000000 50.0000000 286.5468140
114.0000000 55.0000000 368.4874268
114.0000000 60.0000000 612.1255493
114.0000000 65.0000000 698.3500366
114.0000000 70.0000000 785.7526855
114.0000000 75.0000000 752.3485107
114.0000000 80.0000000 692.8967896
114.0000000 85.0000000 2380.0175781
120.0000000 -85.0000000 532.5681152
120.0000000 -80.0000000 395.4843140
120.0000000 -75.0000000 958.2667847
120.0000000 -70.0000000 815.6546631
120.0000000 -65.0000000 743.0602417
120.0000000 -60.0000000 515.7637329
120.0000000 -55.0000000 310.0509949
120.0000000 -50.0000000 248.9159698
120.0000000 -45.0000000 120.0599976
120.0000000 -40.0000000 78.3573608
120.0000000 -35.0000000 54.7011185
120.0000000 -30.0000000 43.4965401
120.0000000 -25.0000000 44.3186607
120.0000000 -20.0000000 46.5119133
120.0000000 -15.0000000 103.1400375
120.0000000 -10.0000000 176.1885681
120.0000000 -5.0000000 124.4525146
120.0000000 0.0000000 250.8051758
120.0000000 5.0000000 737.0177002
120.0000000 10.0000000 1048.6921387
120.0000000 15.0000000 1552.1828613
120.0000000 20.0000000 2110.8393555
120.0000000 25.0000000 2369.0415039
120.0000000 30.0000000 1881.2678223
120.0000000 35.0000000 1143.5523682
120.0000000 40.0000000 473.4099731
120.0000000 45.0000000 311.0614624
120.0000000 50.0000000 284.8058167
120.0000000 55.0000000 359.0239868
120.0000000 60.0000000 628.8624268
120.0000000 65.0000000 738.4738159
120.0000000 70.0000000 759.0756226
120.0000000 75.0000000 766.3475342
120.0000000 80.0000000 672.3403320
120.0000000 85.0000000 1787.3775635
126.0000000 -85.0000000 565.7728271
126.0000000 -80.0000000 423.2351685
126.0000000 -75.0000000 885.5661011
126.0000000 -70.0000000 636.9930420
126.0000000 -65.0000000 586.4954834
126.0000000 -60.0000000 428.5154419
126.0000000 -55.0000000 241.6899414
126.0000000 -50.0000000 201.8863831
126.0000000 -45.0000000 120.0769882
126.0000000 -40.0000000 53.3473587
126.0000000 -35.0000000 45.8801346
126.0000000 -30.0000000 39.6139908
126.0000000 -25.0000000 51.6975822
126.0000000 -20.0000000 67.6609344
126.0000000 -15.0000000 124.1207047
126.0000000 -10.0000000 310.8560181
126.0000000 -5.0000000 212.9383850
126.0000000 0.0000000 240.3972931
126.0000000 5.0000000 617.2687378
126.0000000 10.0000000 1063.2336426
126.0000000 15.0000000 1628.0656738
126.0000000 20.0000000 2594.2631836
126.0000000 25.0000000 3088.6210938
126.0000000 30.0000000 2325.4687500
126.0000000 35.0000000 1559.9415283
126.0000000 40.0000000 573.8654785
126.0000000 45.0000000 295.9902954
126.0000000 50.0000000 276.7186890
126.0000000 55.0000000 364.3116455
126.0000000 60.0000000 608.5827026
126.0000000 65.0000000 654.2786865
126.0000000 70.0000000 751.6473389
126.0000000 75.0000000 809.4656372
126.0000000 80.0000000 689.8357544
126.0000000 85.0000000 1789.1572266
132.0000000 -85.0000000 577.0831299
132.0000000 -80.0000000 344.3069763
132.0000000 -75.0000000 590.2584229
132.0000000 -70.0000000 514.5865479
132.0000000 -65.0000000 508.7105103
132.0000000 -60.0000000 402.4727783
132.0000000 -55.0000000 208.5545349
132.0000000 -50.0000000 204.2382812
132.0000000 -45.0000000 158.7107697
132.0000000 -40.0000000 64.5712967
132.0000000 -35.0000000 70.6176987
132.0000000 -30.0000000 68.2269821
132.0000000 -25.0000000 73.6503220
132.0000000 -20.0000000 88.3451309
132.0000000 -15.0000000 126.7301178
132.0000000 -10.0000000 350.3619385
132.0000000 -5.0000000 206.3783875
132.0000000 0.0000000 205.7501526
132.0000000 5.0000000 444.5679626
132.0000000 10.0000000 877.7895508
132.0000000 15.0000000 1458.7810059
132.0000000 20.0000000 2427.4201660
132.0000000 25.0000000 3568.6433105
132.0000000 30.0000000 3371.5249023
132.0000000 35.0000000 2285.8217773
132.0000000 40.0000000 776.0703125
132.0000000 45.0000000 314.0536194
132.0000000 50.0000000 271.8078308
132.0000000 55.0000000 329.1163025
132.0000000 60.0000000 537.3963013
132.0000000 65.0000000 667.0427246
132.0000000 70.0000000 776.7764893
132.0000000 75.0000000 745.2249146
132.0000000 80.0000000 652.6857910
132.0000000 85.0000000 1867.2792969
138.0000000 -85.0000000 640.5712280
138.0000000 -80.0000000 373.1352844
138.0000000 -75.0000000 727.7271118
138.0000000 -70.0000000 445.4071655
138.0000000 -65.0000000 373.1298523
138.0000000 -60.0000000 358.1848755
138.0000000 -55.0000000 225.9586182
138.0000000 -50.0000000 221.8161926
138.0000000 -45.0000000 192.0486145
138.0000000 -40.0000000 83.0420990
138.0000000 -35.0000000 76.9165726
138.0000000 -30.0000000 107.8299408
138.0000000 -25.0000000 75.1109695
138.0000000 -20.0000000 61.0017281
138.0000000 -15.0000000 86.5438232
138.0000000 -10.0000000 176.2662659
138.0000000 -5.0000000 110.5859985
138.0000000 0.0000000 176.5386200
138.0000000 5.0000000 347.5578613
138.0000000 10.0000000 610.6468506
138.0000000 15.0000000 1114.7708740
138.0000000 20.0000000 1629.6639404
138.0000000 25.0000000 2438.2609863
138.0000000 30.0000000 3467.9121094
138.0000000 35.0000000 3505.2043457
138.0000000 40.0000000 1186.5389404
138.0000000 45.0000000 324.1649780
138.0000000 50.0000000 267.1426086
138.0000000 55.0000000 332.5508423
138.0000000 60.0000000 573.6485596
138.0000000 65.0000000 724.9370117
138.0000000 70.0000000 712.1043701
138.0000000 75.0000000 764.2312012
138.0000000 80.0000000 618.8411255
138.0000000 85.0000000 1580.6329346
144.0000000 -85.0000000 566.6060791
144.0000000 -80.0000000 491.5591431
144.0000000 -75.0000000 1500.3226318
144.0000000 -70.0000000 454.2149048
144.0000000 -65.0000000 358.6635132
144.0000000 -60.0000000 326.9848022
144.0000000 -55.0000000 264.3413391
144.0000000 -50.0000000 274.4204102
144.0000000 -45.0000000 228.7346954
144.0000000 -40.0000000 101.4755630
144.0000000 -35.0000000 63.0589180
144.0000000 -30.0000000 96.7178497
144.0000000 -25.0000000 79.8624420
144.0000000 -20.0000000 64.8289261
144.0000000 -15.0000000 122.1493988
144.0000000 -10.0000000 146.5086365
144.0000000 -5.0000000 89.2852936
144.0000000 0.0000000 173.7460785
144.0000000 5.0000000 312.8469238
144.0000000 10.0000000 528.4967041
144.0000000 15.0000000 988.0904541
144.0000000 20.0000000 1657.5921631
144.0000000 25.0000000 2596.0056152
144.0000000 30.0000000 5158.1743164
144.0000000 35.0000000 5405.9326172
144.0000000 40.0000000 1593.1345215
144.0000000 45.0000000 356.3609619
144.0000000 50.0000000 258.7056274
144.0000000 55.0000000 380.5020447
144.0000000 60.0000000 584.4351196
144.0000000 65.0000000 689.9935913
144.0000000 70.0000000 656.8422241
144.0000000 75.0000000 754.1708374
144.0000000 80.0000000 586.3447876
144.0000000 85.0000000 1537.9554443
150.0000000 -85.0000000 537.8234253
150.0000000 -80.0000000 441.9895020
150.0000000 -75.0000000 1074.9527588
150.0000000 -70.0000000 574.9999390
150.0000000 -65.0000000 488.8376465
150.0000000 -60.0000000 364.9929504
150.0000000 -55.0000000 267.8124695
150.0000000 -50.0000000 278.4041138
150.0000000 -45.0000000 195.9684143
150.0000000 -40.0000000 115.2078705
150.0000000 -35.0000000 49.6043053
150.0000000 -30.0000000 40.4311333
150.0000000 -25.0000000 28.6787815
150.0000000 -20.0000000 50.2359543
150.0000000 -15.0000000 150.2661438
150.0000000 -10.0000000 151.7886047
150.0000000 -5.0000000 113.2270737
150.0000000 0.0000000 253.4526062
150.0000000 5.0000000 274.0543518
150.0000000 10.0000000 499.5294495
150.0000000 15.0000000 997.2487183
150.0000000 20.0000000 1485.0872803
150.0000000 25.0000000 2874.4204102
150.0000000 30.0000000 6652.3056641
150.0000000 35.0000000 5806.9833984
150.0000000 40.0000000 1809.0158691
150.0000000 45.0000000 461.5504456
150.0000000 50.0000000 241.8089294
150.0000000 55.0000000 385.1164246
150.0000000 60.0000000 654.9148560
150.0000000 65.0000000 716.2987061
150.0000000 70.0000000 655.1275024
150.0000000 75.0000000 819.2015381
150.0000000 80.0000000 547.3282471
150.0000000 85.0000000 1536.8995361
156.0000000 -85.0000000 544.1849976
156.0000000 -80.0000000 502.8986816
156.0000000 -75.0000000 1066.3054199
156.0000000 -70.0000000 648.0527344
156.0000000 -65.0000000 632.3464355
156.0000000 -60.0000000 501.3613892
156.0000000 -55.0000000 334.4922485
156.0000000 -50.0000000 245.6472473
156.0000000 -45.0000000 135.9855042
156.0000000 -40.0000000 84.7590103
156.0000000 -35.0000000 49.7107697
156.0000000 -30.0000000 24.6611862
156.0000000 -25.0000000 20.5351543
156.0000000 -20.0000000 47.3800392
156.0000000 -15.0000000 168.0304871
156.0000000 -10.0000000 113.6459579
156.0000000 -5.0000000 98.4887314
156.0000000 0.0000000 197.3554382
156.0000000 5.0000000 271.6010132
156.0000000 10.0000000 445.3089294
156.0000000 15.0000000 790.1306152
156.0000000 20.0000000 1111.7463379
156.0000000 25.0000000 2414.3225098
156.0000000 30.0000000 4817.6723633
156.0000000 35.0000000 3842.1027832
156.0000000 40.0000000 1446.6364746
156.0000000 45.0000000 397.2509766
156.0000000 50.0000000 252.1933289
156.0000000 55.0000000 410.7363892
156.0000000 60.0000000 718.4185791
156.0000000 65.0000000 761.1962280
156.0000000 70.0000000 640.4671021
156.0000000 75.0000000 738.2874756
156.0000000 80.0000000 512.8430786
156.0000000 85.0000000 1507.7050781
162.0000000 -85.0000000 569.1181030
162.0000000 -80.0000000 504.7547913
162.0000000 -75.0000000 1259.5314941
162.0000000 -70.0000000 794.6488037
162.0000000 -65.0000000 772.6875000
162.0000000 -60.0000000 551.6685181
162.0000000 -55.0000000 320.0786438
162.0000000 -50.0000000 201.8659515
162.0000000 -45.0000000 121.3573380
162.0000000 -40.0000000 81.2889557
162.0000000 -35.0000000 37.6200790
162.0000000 -30.0000000 19.0484676
162.0000000 -25.0000000 25.3021049
162.0000000 -20.0000000 70.9152451
162.0000000 -15.0000000 150.9117432
162.0000000 -10.0000000 123.5127945
162.0000000 -5.0000000 98.8721466
162.0000000 0.0000000 194.8239136
162.0000000 5.0000000 322.3261719
162.0000000 10.0000000 482.2940369
162.0000000 15.0000000 699.0959473
162.0000000 20.0000000 893.5247803
162.0000000 25.0000000 1283.7329102
162.0000000 30.0000000 2328.8461914
162.0000000 35.0000000 2206.7749023
162.0000000 40.0000000 932.3247070
162.0000000 45.0000000 327.1997070
162.0000000 50.0000000 267.9284973
162.0000000 55.0000000 420.8761292
162.0000000 60.0000000 716.9210815
162.0000000 65.0000000 712.3488159
162.0000000 70.0000000 677.1910400
162.0000000 75.0000000 664.7661743
162.0000000 80.0000000 535.7756958
162.0000000 85.0000000 1519.8786621
168.0000000 -85.0000000 596.6659546
168.0000000 -80.0000000 466.5772400
168.0000000 -75.0000000 741.4757080
168.0000000 -70.0000000 768.0975952
168.0000000 -65.0000000 738.8972168
168.0000000 -60.0000000 490.4076538
168.0000000 -55.0000000 299.6520081
168.0000000 -50.0000000 186.3353271
168.0000000 -45.0000000 127.6719818
168.0000000 -40.0000000 87.6203613
168.0000000 -35.0000000 32.9837532
168.0000000 -30.0000000 21.1417046
168.0000000 -25.0000000 46.4402809
168.0000000 -20.0000000 54.1285934
168.0000000 -15.0000000 60.0762711
168.0000000 -10.0000000 83.5120392
168.0000000 -5.0000000 103.4185028
168.0000000 0.0000000 204.2462616
168.0000000 5.0000000 402.7128296
168.0000000 10.0000000 589.2682495
168.0000000 15.0000000 824.9693604
168.0000000 20.0000000 941.7760010
168.0000000 25.0000000 1256.9809570
168.0000000 30.0000000 1411.2564697
168.0000000 35.0000000 1136.6547852
168.0000000 40.0000000 945.1499023
168.0000000 45.0000000 474.6396484
168.0000000 50.0000000 305.7708740
168.0000000 55.0000000 453.0914612
168.0000000 60.0000000 662.6547241
168.0000000 65.0000000 660.9471436
168.0000000 70.0000000 682.5013428
168.0000000 75.0000000 663.9363403
168.0000000 80.0000000 623.6270752
168.0000000 85.0000000 1646.2041016
174.0000000 -85.0000000 617.7926636
174.0000000 -80.0000000 577.8416748
174.0000000 -75.0000000 884.4910889
174.0000000 -70.0000000 782.9441528
174.0000000 -65.0000000 795.1405640
174.0000000 -60.0000000 501.3587036
174.0000000 -55.0000000 348.0688782
174.0000000 -50.0000000 257.7692871
174.0000000 -45.0000000 155.7147217
174.0000000 -40.0000000 92.0423965
174.0000000 -35.0000000 34.1106491
174.0000000 -30.0000000 44.0551224
174.0000000 -25.0000000 108.5601654
174.0000000 -20.0000000 82.3053818
174.0000000 -15.0000000 68.1827240
174.0000000 -10.0000000 85.7426376
174.0000000 -5.0000000 94.9881973
174.0000000 0.0000000 192.3622131
174.0000000 5.0000000 428.9595642
174.0000000 10.0000000 622.3445435
174.0000000 15.0000000 908.1121216
174.0000000 20.0000000 1035.5483398
174.0000000 25.0000000 1118.0671387
174.0000000 30.0000000 1096.1811523
174.0000000 35.0000000 598.1368408
174.0000000 40.0000000 459.4672241
174.0000000 45.0000000 347.3426208
174.0000000 50.0000000 287.7825317
174.0000000 55.0000000 422.2566833
174.0000000 60.0000000 609.5732422
174.0000000 65.0000000 688.5552979
174.0000000 70.0000000 629.5322876
174.0000000 75.0000000 629.1495361
174.0000000 80.0000000 676.3939819
174.0000000 85.0000000 1506.8817139
180.0000000 -85.0000000 599.7354736
180.0000000 -80.0000000 543.1190186
180.0000000 -75.0000000 819.2480469
180.0000000 -70.0000000 855.6204224
180.0000000 -65.0000000 758.3709717
180.0000000 -60.0000000 402.0684509
180.0000000 -55.0000000 271.1259155
180.0000000 -50.0000000 223.7506866
180.0000000 -45.0000000 154.0422821
180.0000000 -40.0000000 65.9260025
180.0000000 -35.0000000 34.4440498
180.0000000 -30.0000000 29.6357021
180.0000000 -25.0000000 86.8282928
180.0000000 -20.0000000 120.7100601
180.0000000 -15.0000000 136.6329498
180.0000000 -10.0000000 199.5348053
180.0000000 -5.0000000 166.8777161
180.0000000 0.0000000 218.8324280
180.0000000 5.0000000 447.9104919
180.0000000 10.0000000 670.1531982
180.0000000 15.0000000 992.2891846
180.0000000 20.0000000 1088.1136475
180.0000000 25.0000000 1134.3630371
180.0000000 30.0000000 1123.3067627
180.0000000 35.0000000 680.1549072
180.0000000 40.0000000 391.3991089
180.0000000 45.0000000 275.0834961
180.0000000 50.0000000 240.1315155
180.0000000 55.0000000 347.6420288
180.0000000 60.0000000 547.5557251
180.0000000 65.0000000 643.9216919
180.0000000 70.0000000 544.9394531
180.0000000 75.0000000 571.3114014
180.0000000 80.0000000 685.8003540
180.0000000 85.0000000 1449.8997803
