0.646581
0.681318
0.716055
0.750792
0.785529
0.820265
0.855002
0.889739
0.924476
0.959213
0.99395
1.02869
1.06342
1.09816
1.1329
1.16763
1.20237
1.23711
1.27185
1.30658
1.34132
1.37606
1.41079
1.44553
1.48027
1.515
1.54974
1.58448
1.61921
1.65395
1.68869
1.72342
1.75816
1.7929
1.82764
1.86237
1.89711
1.93185
1.96658
2.00132
2.03606
2.07079
2.10553
2.14027
2.175
2.20974
2.24448
2.27921
2.31395
2.34869
2.38343
2.41816
2.4529
2.48764
2.52237
2.55711
2.59185
2.62658
2.66132
2.69606
2.73079
2.76553
2.80027
2.83501
2.86974
2.90448
2.93922
2.97395
3.00869
3.04343
3.07816
3.1129
3.14764
3.18237
3.21711
3.25185
3.28658
3.32132
3.35606
3.3908
3.42553
3.46027
3.49501
3.52974
3.56448
3.59922
3.63395
3.66869
3.70343
3.73816
3.7729
3.80764
3.84237
3.87711
3.91185
3.94659
3.98132
4.01606
4.0508
4.08553
