FILE FORMAT:
lat   [deg] (size = (35))
lon   [deg] (size = (60))
cprec [cm]  (size = (60,35))
topo  [km]  (size = (60,35))
    -85.0000000    -80.0000000    -75.0000000    -70.0000000    -65.0000000    -60.0000000    -55.0000000    -50.0000000    -45.0000000    -40.0000000    -35.0000000    -30.0000000    -25.0000000    -20.0000000    -15.0000000    -10.0000000     -5.0000000      0.0000000      5.0000000     10.0000000     15.0000000     20.0000000     25.0000000     30.0000000     35.0000000     40.0000000     45.0000000     50.0000000     55.0000000     60.0000000     65.0000000     70.0000000     75.0000000     80.0000000     85.0000000
   -174.0000000   -168.0000000   -162.0000000   -156.0000000   -150.0000000   -144.0000000   -138.0000000   -132.0000000   -126.0000000   -120.0000000   -114.0000000   -108.0000000   -102.0000000    -96.0000000    -90.0000000    -84.0000000    -78.0000000    -72.0000000    -66.0000000    -60.0000000    -54.0000000    -48.0000000    -42.0000000    -36.0000000    -30.0000000    -24.0000000    -18.0000000    -12.0000000     -6.0000000      0.0000000      6.0000000     12.0000000     18.0000000     24.0000000     30.0000000     36.0000000     42.0000000     48.0000000     54.0000000     60.0000000     66.0000000     72.0000000     78.0000000     84.0000000     90.0000000     96.0000000    102.0000000    108.0000000    114.0000000    120.0000000    126.0000000    132.0000000    138.0000000    144.0000000    150.0000000    156.0000000    162.0000000    168.0000000    174.0000000    180.0000000
    597.7192383    572.3515625    597.7855225    644.5111694    686.5799561    366.6634827    226.2704315    199.0119019    128.4241028     57.8416557     30.2626991     28.1768036     63.9230537    174.1906433    218.6328430    206.2638702    392.1196594    343.2639160    498.1994629    762.5177002   1092.3728027   1435.0395508   1478.1437988   1207.9338379    756.5809937    400.1213074    262.8531189    217.9444275    307.0224609    506.8484497    573.7458496    525.1121826    570.4994507    697.7661743   1636.7432861
    588.4262085    670.6467896    721.5969238    506.5567017    721.6735229    409.5746155    212.8630371    217.1125183    143.9876709     53.4980240     32.8510818     87.5914764     89.5673904    267.9974976    288.2506409    144.5065460    271.0527954    295.6746216    505.4984741    826.8546143   1231.6735840   1789.3776855   1845.4074707   1428.2360840    852.0146484    394.7376099    241.0422058    223.1532440    323.7351685    476.5804749    559.4578247    528.7550049    550.4641724    667.7076416   1583.5927734
    580.1331787    584.9160767    739.8679810    405.6611328    585.0979614    462.6526794    224.5785828    191.1023254    132.1368408     51.9720840     37.6944695    113.8338394     79.2596283    124.0548096    144.8412781     76.7262115     92.3848877    210.7657471    512.9501343    865.2653198   1468.2341309   2297.4694824   2539.4643555   1931.6044922   1083.0002441    474.6766052    279.7180176    229.5477600    353.4000854    457.7592163    583.5910645    566.4986572    563.6147461    668.7588501   1585.4038086
    659.4151001    504.8972778    492.5044861    348.2947693    467.8767700    535.0179443    242.1035614    213.3755798    151.3808594     56.5192871    103.0473862    109.4726562     57.8041496     65.2643051    102.3292999    100.0798187    184.4678955    453.4678650    600.0096436    885.9050903   1402.8969727   2293.2019043   3092.8781738   2580.9453125   1318.0637207    556.3839111    284.1876831    229.1466827    346.6059875    448.9771118    648.3463745    697.6519165    584.8478394    727.9640503   1905.4108887
    806.9637451    452.7585449    632.6026001    469.1659241    448.4046936    526.5068970    259.9940796    245.7537079    182.4891968     62.2393990     90.4532776     65.4519272     58.9341545    132.9922791    317.0223694    243.1689758    252.5373993    386.6091003    547.7492065    959.4117432   1641.1663818   2485.9223633   3172.7409668   2694.7683105   1742.9729004    803.5404053    343.4532471    256.5725403    391.2790222    513.2519531    678.4235229    738.2421875    627.8712158    756.1332397   1837.5980225
    748.6842651    443.4694824    923.9403076    904.4729614    550.4777832    518.9056396    285.5286865    230.7635956    198.0166626     60.0357742     38.5600090     35.3952446     63.5774536    130.8342285    225.8236084    130.8303528     84.1036606    177.0468903    444.2357788    823.3132935   1579.5668945   2857.2827148   3136.4545898   2364.7963867   2194.5136719    919.9356689    389.2241821    313.2101440    401.0189514    533.9037476    644.9151611    755.8306885    765.6183472    810.7155151   1869.2575684
    646.8405151    472.8954163    859.1032104   1083.3391113    646.1853027    435.8580627    259.6741333    223.4536133    156.0259705     52.6065750     38.9977493     47.5815239     88.2027206    140.4928284    163.5703125    137.7000427     97.0282135    213.6928711    466.4015503    709.8942261   1373.4611816   2181.9841309   2572.2033691   3076.9902344   3564.6835938    910.4396362    398.2934265    341.9123535    356.0096130    539.0867920    657.9340210    778.6126099    886.3842773    823.7391357   2009.6452637
    609.3579712    613.1756592    963.1475830   1446.4367676    936.0686646    498.1003418    300.9835510    225.1429749    123.0198364     46.9121971     40.8383484     57.0163193    100.2677765    184.3157043    380.6192017    768.7778320    164.5444641    196.9207153    368.8729858    503.5103149   1661.5339355   2932.9370117   1722.0084229   2670.5478516   4781.6181641    971.1907959    495.5880737    360.7696533    377.9362793    582.6458130    680.7903442    796.8133545    908.2117920    760.0484009   1954.9187012
    617.2210083    517.2866211    939.3920898   1377.4714355   1203.3454590    608.5514526    357.1943054    253.8108826    105.6230469     58.0073547     42.2021790     47.6053276     72.1522522    104.5021362    162.9751282    153.6919861     66.3584824    162.1998291    216.0650330    388.0675659   2119.3508301   4015.7597656   1432.4537354   2276.4450684   4717.8227539    993.5311279    432.3598022    342.5422974    448.0618591    527.1524658    650.2266235    780.1298828    794.8179932    702.3400879   1795.2001953
    590.0106201    416.9663086    707.2071533   1067.2888184    993.9322510    494.6354370    262.9071350    177.9013519     96.3086090     65.2424850     45.0574570     48.0960922     77.3138199    109.9265518    313.0207214    188.5509949     67.9995575    135.8563385    302.1276245    326.3728638    734.6728516   1208.8665771   1123.7150879   2383.6166992   3758.2465820   1281.4929199    430.3339233    312.4500122    508.0432739    549.3936768    692.2645874    823.1035156    916.2526245    769.8677979   1781.5312500
    524.8023071    453.8406372    688.9710693   1025.5745850   1116.1998291    508.0597229    265.3607788    172.8282776     91.1060333     68.2513275     61.1818619     60.6334114    106.5451660     84.3440094    249.9838409    405.1270752    120.3613434    211.8478241    433.4230042    509.2969360    542.8192749    715.9402466   1198.7325439   2299.9177246   3739.4304199   2611.0920410    672.1365356    374.4757080    735.8677368    575.5202637    705.8641968    979.1658936    901.3187256    779.2820435   2098.7656250
    521.0897217    427.5613708    701.3547974    845.1531372    864.4772339    406.1463013    239.5359802    193.4080048     98.1707611     75.7744598     63.5686951     38.6006737     50.3040085     35.3874855     40.0038223     86.1168365     97.5499878    254.6355286    258.0948486    431.4140015    631.9261475    775.8699951   1305.0476074   1827.0634766   3114.7866211   3052.4370117   1456.8577881    663.8197632   1144.8851318    666.4367065    701.3502808   1014.3112183    848.6683350    704.8031616   2095.6291504
    614.9517212    392.0401001    663.6376343    684.1968994    746.3190918    437.4716187    241.0541534    181.6658630     94.4507217     58.9047470     82.6845703     54.3045654     46.7057495     61.3448067     57.0460587     42.7683220     81.1799316    114.3857269    224.2214355    735.9745483    508.7444458    572.3588257   1220.5291748   1669.5183105   1792.3238525   2030.7346191   1877.3044434   1004.5979614   1149.9997559    698.5404053    710.1635132   1127.6707764    908.6466675    797.7273560   2148.4184570
    620.3375244    429.7966309    647.0513306    634.9664917    737.5729980    520.7402954    351.2507019    196.3174133     85.8482742     64.6638412    127.9509506     96.9678650     67.7342377     67.4060516    145.5451202    147.7937317    184.4877014     98.1045456    191.3772888   1053.1289062    717.6201172    562.8825684    989.9060669   1154.2575684   1177.2158203   1573.7999268    881.5206909    815.1484985   1022.7713013    657.8945312    798.3348389   1114.2476807    864.0842896    819.4002075   2143.4321289
    594.8841553    508.0840759    526.9314575    499.6119690    563.3809814    407.0683594    377.2841187    220.7624207     98.0181808    132.4955902     68.8760223     44.2541084     43.3721542     55.7728767    104.4138412     98.3849335    115.0124054    139.4923553    177.8898010    350.0004578    390.1400146    481.1379395    851.6405029    952.9508667   1215.2370605   1363.2775879    755.0184937    622.7091064    811.2435303    673.1730347    887.0040894   1075.5965576    779.5381470    787.0885620   2121.4370117
    619.1422119    696.7592163    606.0692139    435.7846680    522.4125977    391.4455261    316.5385437    144.3075562     87.8573532    159.3682861     40.5384750     30.2861843     29.7799568     64.9477768     73.6970367     28.7481995     53.9661179    109.4636459    199.6699219    433.3715210    416.1081543    436.7926331    605.2796021    845.1629028   1473.2878418   1735.9779053   1107.9418945    605.1682739    602.3519897    672.9195557    824.5108643    973.0338135    759.6505737    794.9720459   2169.8815918
    655.3788452    865.1647339    683.5965576    407.1765747    439.5883179    308.9929504    247.4794922    134.5317078     85.4890137    117.6034164     49.5783463     28.4656563     23.3497200     50.2476387     74.8827667     29.2339478    122.0413589    141.6669312    177.6049500    429.4776306    490.4660034    428.1137085    435.2052612    687.0175781   1101.3254395   1600.0908203   1558.2116699    608.1295166    512.7919312    751.4664307    760.0003662    834.8737183    748.7293091    822.6649170   2163.8481445
    680.5249023    498.6151428    521.3370972    319.5875854    388.7489014    279.4336853    215.8461151    196.8970032    132.7177429    107.5881577     71.6520309     43.1794090     19.4155006     36.5606689     38.3480148     23.4534073     90.5820312    172.0831604    219.3217316    380.3171387    527.7472534    478.5198669    494.3927307    884.1242065   1335.8051758   1986.7825928   1885.2861328    615.3560181    479.1795959    856.6040039    681.0399170    723.3549194    695.9691162    760.3867188   2100.8188477
    776.2530518    478.5732422    738.9992065    365.3287659    420.5848694    341.3731079    278.8933716    221.8454132    153.5433807     98.0862579     58.6078720     59.1620178     28.1284676     37.5864487     22.3056374     26.5600796     49.7418671    192.3290863    311.0984802    549.6511841    829.9197388    607.3332520    485.2987366    834.8554688   1644.8347168   2352.7592773   1885.0357666    717.6564941    458.3816833    743.9588623    642.6901855    663.6250000    731.7698975    752.8541260   1789.6334229
    656.7105713    427.8877869    472.6078491    326.3908386    348.6961060    336.6177063    255.6020966    128.4969635     97.2045135     71.8842010     40.2341309     26.5095158     35.0113716     79.5037079     22.6963501     72.5496063    142.9615784    138.0454407    292.0022583    471.3528442    816.3831177    793.2422485    551.3861694    744.1895752   1577.5054932   2026.8918457   2191.6799316   1038.4206543    535.6297607    631.0121460    574.1641235    595.8530884    681.3366089    853.8831177   1827.8050537
    635.9105225    417.1570435    357.0328369    302.9908142    381.4822388    389.5729370    211.4539032    113.9622345     74.6958160     63.5094910     66.5619354     27.1546288     62.9604187    190.6324768     21.9028416    103.0009613     96.2047577    114.5197601    344.5273438    560.9784546    897.9129639   1033.9508057    643.4404907    788.3863525   1794.8480225   2228.8747559   1784.8601074    731.4266357    424.9486389    531.4866333    512.6202393    592.7994995    631.0373535    852.5518799   1828.6429443
    911.2249146    530.3490601    579.3830566    397.1385498    409.4844360    433.3613892    232.7101288    121.2556992    104.3094330     78.1085052     49.0357361     15.1724901     27.7066498     71.7583466     19.9879150     30.3693962     74.1700974    124.6436768    438.8777466    742.4195557   1017.2273560   1032.4838867    698.2277222    669.9519653   1152.6633301   1407.5949707   1073.7796631    465.5408325    363.3423462    476.4126587    477.5337524    564.6871338    622.2827759    775.4504395   1902.0452881
    822.2252197    451.6855469    439.0156860    303.8895874    363.3245544    412.4413147    232.5212860    147.8060150    118.9665909     97.4280396     57.7507935     16.2453766     21.6341972     44.0804558     20.6195469     31.6214695    124.6846695    144.5692749    410.4422302    785.4169312    948.4427490    928.4454346    660.1752930    516.3742676    460.2743225    597.6973877    572.9950562    344.5055847    349.7924805    465.3723755    475.7171021    493.0443726    534.9375000    653.2402344   2055.5654297
    714.5125732    464.3607483    580.2830200    415.5929260    507.8664551    459.4724121    228.9475098    139.2807922     94.8364410     81.5351791     56.4911690     20.2295990     39.6190186    198.6753387     20.5708427     29.8236847    133.9399719    150.0621490    462.9969788    919.2747803   1076.6716309    974.0532227    703.0761719    515.2474365    448.6336060    425.4245605    351.6171265    279.7458496    321.2302856    419.7469177    466.6039429    495.8534546    572.2606201    720.0998535   1882.3835449
    854.0519409    615.8477783    862.5128174    633.4353027    614.8211670    524.7950439    242.9802246    123.9692612     88.9500046     87.2901459     39.3519821     22.4575386     27.0184879    100.0185089     36.2064438     22.7391472     56.0214233    146.9774475    395.3323364    851.3591919   1155.5400391   1110.0583496    827.2091675    582.6741333    354.8504944    309.6768188    247.0001221    247.9004364    318.7551270    429.1895447    531.5126343    481.7040100    548.3997803    875.7599487   1731.2181396
    917.2384644    641.0256958    842.3496094    589.5531006    460.1776733    499.8786011    280.5810547    152.8419800    125.4004288    113.3769073     36.9388733     32.7383766     22.4916878     18.7545815     19.9092579     21.3229008     56.0847855    182.9380341    462.8963928    912.7969971   1269.3509521   1279.4788818    998.8014526    713.3515015    417.9579468    240.5241394    193.3241272    231.1995087    313.9945679    439.9981995    588.4654541    493.6916504    611.5906982    989.4364014   1610.6125488
    825.8107300    622.3685913   1141.0161133    786.1334839    533.2387695    558.7642822    310.6375122    213.9248352    155.2223053     71.4734421     28.4123287     29.6393375     26.2023067     26.6745796     30.7239075     31.4777164     96.5575104    253.3054199    532.9671631   1028.8194580   1418.5067139   1478.7248535   1209.5905762    999.2478638    686.1077881    338.9262085    190.4498749    227.2786560    314.5743408    408.1727600    557.8551025    536.3449707    681.5968018   1182.8691406   1701.9042969
    896.9396362    637.9913940   1424.2286377    987.7884521    689.8308716    714.6871338    312.9508972    221.1025391    131.4530792     52.2627182     29.1092834     26.1283321     23.5401039     33.6641922     31.5258694     25.9432430     52.5294189    133.5013275    394.1227417   1021.7013550   1620.9018555   1868.0148926   1543.0075684   1265.0603027   1001.6353760    481.2348633    212.5819855    229.4592743    339.0029297    386.2090149    591.9621582    593.9172363    694.0220947   1283.1553955   1770.0937500
    949.6831055    699.3602295   1276.6086426    813.1165161    614.3157959    702.5407715    355.5491638    240.9059143    158.1039581     45.8966599     31.1839199     29.8375053     23.9372807     21.1147556     26.0592079     35.5224915     72.5070877    139.8761292    365.3786011    856.5759888   1392.3676758   1784.9667969   1714.7988281   1627.3212891   1654.1848145    736.8316650    285.7080383    271.3196411    325.2784119    376.1034851    620.1859741    621.0433350    817.5203247   1442.4910889   1970.1289062
   1132.6839600    740.2407227   1150.7583008    761.8512573    595.0430908    653.5125732    382.6466370    257.5062866    159.7823181     44.3126793     27.0780602     35.3462105     32.4983749     31.6526585     29.1536064     31.9908390     71.3023224    156.2228699    408.3074341    712.9705811   1111.2844238   1425.5461426   1474.1163330   1827.9466553   2454.9907227   1171.1215820    408.5147705    330.2167664    351.2936707    375.7481079    739.7711182    603.5451050    935.7408447   1635.4890137   2258.1127930
    993.1729736    702.2184448   1031.1149902    692.9086304    569.4231567    594.7180786    369.1402588    193.4360199    100.0793304     32.4473534     26.3372841     39.4509277     38.3544235     43.2340469     48.0890007     44.1074944     83.4779739    175.8853455    431.8588257    691.6282959    866.0579224   1125.0373535   1149.7373047   1645.2287598   2543.3764648   1399.4239502    490.8329163    323.1032104    421.8903809    420.9875488    706.4044800    592.4760132   1003.8934326   1591.4279785   2099.7099609
    915.2078247    729.3569336    986.2650146    608.7840576    518.3585815    503.4895020    304.1079712    159.2903748     85.6643982     39.7382736     25.6399326     32.4612236     39.9927750     47.9675179     50.3382797     79.9930267    145.7239685    255.5137482    462.1223145    654.3917236    768.8448486    937.7110596    894.5567627   1494.0266113   2295.8249512   1365.7368164    441.8617554    342.9308472    470.1466370    491.1817017    773.9519043    648.7827759    969.7297974   1630.3653564   2201.1062012
    982.2230225    995.1655273   1035.1456299    576.3518066    516.9867554    477.1847534    277.6286011    180.2439880    114.0381622     48.1892242     25.5129681     25.5724220     49.8833809     62.8009720     88.4319916    146.8153534    168.9786072    301.4216003    516.6571045    605.7426147    693.4218140    766.9713135    752.2242432   1256.3645020   2351.0253906   1265.6159668    427.2395020    365.7238159    461.8387756    480.9574280    844.2076416    700.9385376    841.8916016   1578.7717285   2298.4008789
    901.2838135    716.0806885    827.2262573    540.1511230    487.0381775    410.8605347    258.7056274    149.5845337     72.2886734     34.1641731     26.4592037     28.7326508     66.4128494     98.4952316    128.5151978    223.0255585    217.6547546    230.0639954    419.8334351    591.2284546    605.8977051    696.2463989    783.9729614   1289.9361572   2337.8422852    984.8385620    353.1604309    364.5906372    453.5868225    527.5491943    797.0371094    706.0648193    894.3670654   1573.0432129   2230.8859863
   1160.3374023    597.6350098    746.3663330    545.1520386    511.2640686    413.4759827    267.2984924    147.8013306     99.0330505     82.5664597     48.2865067     21.2242050     39.5338631     94.4250641    118.6766739    201.3308868    336.6977844    301.5847473    434.3631287    793.2575684    762.2976074    801.4785767    914.5332031   1502.0739746   2473.5510254   1009.2092896    404.2970581    412.7405396    503.1219177    532.5103760    750.1810303    727.7268066    921.0827026   1521.1785889   2146.2888184
   1159.8948975    513.9957886    684.6693115    581.7742920    477.7648010    408.7359924    233.3101501    117.7894287     78.8841705     86.6541519     54.8089409     16.5836258     30.3139496     89.2727127    126.6964951    171.5570831    312.3450623    320.8935242    408.2596741    675.3521118    694.8709717    841.6826172    905.1274414   1573.0449219   2745.6892090   1381.6563721    407.5594177    368.9303589    501.0747681    562.9761963    708.4268799    686.4956665    880.5004883   1396.1274414   2147.6293945
    854.5382690    448.5988770    693.1550903    458.6768494    376.9631042    390.9147339    180.3033142     94.0816727     59.4885330     38.6391373     19.3836784     15.1718035     31.0692806     71.3861237     90.0418167    111.6385269    161.4343872    166.2352448    300.1457520    491.2292480    634.9589844    911.0202026    978.6873169   1929.3242188   3672.1223145   1684.4306641    502.0104065    379.7736816    502.6961060    472.1975098    728.1286011    665.3283691    887.9498291   1273.8406982   2264.2602539
    909.9212646    525.9369507    956.3612061    482.6211548    454.0634766    388.9180603    167.3569794    125.6564331    120.7561264     59.5651016     48.8173332     17.0834827     21.3970718     35.5023613     87.6936340    120.1268921    134.6913605    202.6952515    491.2684937    553.4022827    654.2114868   1145.0552979   1040.0173340   2141.8171387   4255.2041016   1863.8521729    595.9927979    418.2263794    483.8672485    436.8574829    657.6492310    595.3292236    814.0975342   1062.8303223   2159.6547852
    881.6178589    448.9319763    700.5626221    437.7947693    370.3764648    349.4411011    195.4243622    157.0376129     91.7057953     46.6289024     58.3673019     46.4823074     23.6685181     28.5330143    102.3858261    166.7018585    201.2337189    276.6157837    561.2181396    511.8928223    560.6999512   1032.7310791   1005.8361206   2153.3334961   4588.5595703   1994.7503662    641.6632080    398.7169495    397.8166809    478.4256897    672.6812134    600.4246826    760.3793945    880.3045654   2135.7260742
    984.6756592    386.4963074    817.8956299    347.7447510    372.8064575    453.3240662    246.6154327    169.6518250    105.1194611     41.1268539     33.1517372     30.0945492     24.0015392     28.4050045     44.5695267    105.4815216    183.5909119    178.7174988    322.0671997    542.7404175    563.8162231   1064.3220215   1279.7679443   2506.1875000   3994.7031250   1908.8017578    773.1815796    412.8881226    390.1683044    551.5541992    716.3624878    661.7967529    716.7100220    871.0191650   2212.8264160
   1128.4333496    405.7824402   1325.7799072    387.9011230    534.6854248    581.9642944    266.8473206    173.8036346    128.8242340     60.7128983     63.3552628     25.6242924     25.8743839     20.9885769     26.7001915     84.7523422    118.0553436    144.7799225    258.7697144    443.5241699    516.3933105    741.1153564   1245.5544434   2336.3083496   2409.9125977   1706.1677246    742.9995728    364.3643494    398.2721863    570.5904541    657.9730225    684.1174927    742.7853394    872.5159302   1984.6292725
   1050.4508057    414.0195312   1074.9053955    410.1473694    520.7416992    569.8314209    264.1777954    163.3347168    116.6197739     81.9533310     72.4403381     24.4920864     39.7206688     19.6423302     31.1502266    123.3792496    152.4550629    168.8086700    288.3280640    513.3411865    574.3837280    636.5992432   1126.0512695   2182.6384277   2224.6135254   1891.8576660    764.2697144    374.0846558    473.7068787    636.7286377    647.4500732    731.4396362    693.1042480    826.3645630   1960.2392578
    893.8416748    407.1219177    846.1954956    439.3012695    373.9808655    465.1660156    272.6813660    175.3067017    122.0435562     81.0787125     40.3121223     23.8439655     23.8975563     17.1096840     23.2823811     59.8502922    124.7098846    199.7439117    385.2590942    764.6009521    724.2358398    737.3481445   1195.0537109   1550.8728027   1561.7187500   1553.7976074    657.7268677    446.7223511    507.1353149    706.7695923    741.4564209    748.2450562    732.3941040    805.9384766   2104.1591797
    795.4672241    402.5574646   1092.7530518    542.8007202    373.8038025    459.1871643    306.9100952    221.4067841    131.3485107     62.3687019     33.3195267     49.4053268     33.8182068     20.7729549     42.8764687     68.5402985    133.9615173    252.9902802    391.8671265    650.9151611    642.5845947    731.7238159   1147.3312988    788.5884399    916.0670776   1003.0389404    540.8720093    437.7865295    466.1051331    715.0911865    778.0379639    766.7349243    738.4121094    734.7678833   1915.5589600
   1602.6868896    398.7451782   1026.4899902    794.1185303    408.7230835    470.0686951    331.8766479    248.3959045    112.2799530     57.3235893     33.0796280     67.1107941     39.7515488     32.8655357    228.9707336    173.8085175    239.1106720    294.8871460    386.7330017    647.4766846    765.8072510    750.9588623    994.5206909    630.5547485    784.8038330    838.7615356    477.6598511    404.0204468    409.1132507    655.7262573    757.2482910    761.8487549    724.4973755    717.4293213   1861.8197021
    807.2598877    335.9725647    850.2812500    952.8494873    404.7382202    426.4849243    366.2583313    215.9681702     85.9862518     55.2866592     35.2072983     43.1011543     32.7448959     42.8990402    161.9934998    120.6007690    190.7273407    376.9981079    545.4417725    821.1510010   1158.9714355    910.7094727    947.3396606    546.6589966    581.8986816    558.9987183    407.7560120    326.0785522    394.7152100    627.1547852    707.9794922    882.8855591    803.6012573    743.4369507   1976.9641113
    385.4816284    360.6403503   1316.5441895   1308.6346436    615.6495972    536.3809204    418.2984314    266.7695312     98.2085266     49.8834648     32.4342804     27.5841579     53.7247810     62.8581963     81.5681534     79.9727783    166.7615356    493.2834473    733.6475220    894.2293701   1086.5827637   1109.8458252   1029.7506104    705.8107910    500.6015625    432.8895569    343.5153198    299.5234070    377.1224060    575.7204590    677.2670288    845.9537354    810.0227051    705.3942871   1915.6927490
    436.0024414    502.1656189   1798.4739990   1525.9968262    655.7490845    531.9456787    418.6177673    247.7084503     85.7112427     76.1533051     43.7968979     30.7762871     47.4994774     45.5117111     55.4859695    119.7843170    217.7028503    333.3985901    635.0465088   1045.4974365   1240.3297119   1396.5339355   1477.0407715    952.4749146    570.9865112    365.5006104    300.5109253    281.8843384    384.0361938    577.5693970    686.0878906    816.9276733    820.0659180    711.0001221   2110.9162598
    518.6551514    431.3526001   1170.2453613   1155.7373047    666.3160400    427.1931152    349.5433960    246.2326355     86.3129730     76.8588181     62.6725693     49.3397636     61.9991989     39.6454010     60.2315674    142.0812683    109.5577393    204.8064728    605.9256592   1157.5734863   1476.3620605   1755.1350098   1964.6271973   1304.6785889    810.0076904    427.0253906    302.7163391    286.5468140    368.4874268    612.1255493    698.3500366    785.7526855    752.3485107    692.8967896   2380.0175781
    532.5681152    395.4843140    958.2667847    815.6546631    743.0602417    515.7637329    310.0509949    248.9159698    120.0599976     78.3573608     54.7011185     43.4965401     44.3186607     46.5119133    103.1400375    176.1885681    124.4525146    250.8051758    737.0177002   1048.6921387   1552.1828613   2110.8393555   2369.0415039   1881.2678223   1143.5523682    473.4099731    311.0614624    284.8058167    359.0239868    628.8624268    738.4738159    759.0756226    766.3475342    672.3403320   1787.3775635
    565.7728271    423.2351685    885.5661011    636.9930420    586.4954834    428.5154419    241.6899414    201.8863831    120.0769882     53.3473587     45.8801346     39.6139908     51.6975822     67.6609344    124.1207047    310.8560181    212.9383850    240.3972931    617.2687378   1063.2336426   1628.0656738   2594.2631836   3088.6210938   2325.4687500   1559.9415283    573.8654785    295.9902954    276.7186890    364.3116455    608.5827026    654.2786865    751.6473389    809.4656372    689.8357544   1789.1572266
    577.0831299    344.3069763    590.2584229    514.5865479    508.7105103    402.4727783    208.5545349    204.2382812    158.7107697     64.5712967     70.6176987     68.2269821     73.6503220     88.3451309    126.7301178    350.3619385    206.3783875    205.7501526    444.5679626    877.7895508   1458.7810059   2427.4201660   3568.6433105   3371.5249023   2285.8217773    776.0703125    314.0536194    271.8078308    329.1163025    537.3963013    667.0427246    776.7764893    745.2249146    652.6857910   1867.2792969
    640.5712280    373.1352844    727.7271118    445.4071655    373.1298523    358.1848755    225.9586182    221.8161926    192.0486145     83.0420990     76.9165726    107.8299408     75.1109695     61.0017281     86.5438232    176.2662659    110.5859985    176.5386200    347.5578613    610.6468506   1114.7708740   1629.6639404   2438.2609863   3467.9121094   3505.2043457   1186.5389404    324.1649780    267.1426086    332.5508423    573.6485596    724.9370117    712.1043701    764.2312012    618.8411255   1580.6329346
    566.6060791    491.5591431   1500.3226318    454.2149048    358.6635132    326.9848022    264.3413391    274.4204102    228.7346954    101.4755630     63.0589180     96.7178497     79.8624420     64.8289261    122.1493988    146.5086365     89.2852936    173.7460785    312.8469238    528.4967041    988.0904541   1657.5921631   2596.0056152   5158.1743164   5405.9326172   1593.1345215    356.3609619    258.7056274    380.5020447    584.4351196    689.9935913    656.8422241    754.1708374    586.3447876   1537.9554443
    537.8234253    441.9895020   1074.9527588    574.9999390    488.8376465    364.9929504    267.8124695    278.4041138    195.9684143    115.2078705     49.6043053     40.4311333     28.6787815     50.2359543    150.2661438    151.7886047    113.2270737    253.4526062    274.0543518    499.5294495    997.2487183   1485.0872803   2874.4204102   6652.3056641   5806.9833984   1809.0158691    461.5504456    241.8089294    385.1164246    654.9148560    716.2987061    655.1275024    819.2015381    547.3282471   1536.8995361
    544.1849976    502.8986816   1066.3054199    648.0527344    632.3464355    501.3613892    334.4922485    245.6472473    135.9855042     84.7590103     49.7107697     24.6611862     20.5351543     47.3800392    168.0304871    113.6459579     98.4887314    197.3554382    271.6010132    445.3089294    790.1306152   1111.7463379   2414.3225098   4817.6723633   3842.1027832   1446.6364746    397.2509766    252.1933289    410.7363892    718.4185791    761.1962280    640.4671021    738.2874756    512.8430786   1507.7050781
    569.1181030    504.7547913   1259.5314941    794.6488037    772.6875000    551.6685181    320.0786438    201.8659515    121.3573380     81.2889557     37.6200790     19.0484676     25.3021049     70.9152451    150.9117432    123.5127945     98.8721466    194.8239136    322.3261719    482.2940369    699.0959473    893.5247803   1283.7329102   2328.8461914   2206.7749023    932.3247070    327.1997070    267.9284973    420.8761292    716.9210815    712.3488159    677.1910400    664.7661743    535.7756958   1519.8786621
    596.6659546    466.5772400    741.4757080    768.0975952    738.8972168    490.4076538    299.6520081    186.3353271    127.6719818     87.6203613     32.9837532     21.1417046     46.4402809     54.1285934     60.0762711     83.5120392    103.4185028    204.2462616    402.7128296    589.2682495    824.9693604    941.7760010   1256.9809570   1411.2564697   1136.6547852    945.1499023    474.6396484    305.7708740    453.0914612    662.6547241    660.9471436    682.5013428    663.9363403    623.6270752   1646.2041016
    617.7926636    577.8416748    884.4910889    782.9441528    795.1405640    501.3587036    348.0688782    257.7692871    155.7147217     92.0423965     34.1106491     44.0551224    108.5601654     82.3053818     68.1827240     85.7426376     94.9881973    192.3622131    428.9595642    622.3445435    908.1121216   1035.5483398   1118.0671387   1096.1811523    598.1368408    459.4672241    347.3426208    287.7825317    422.2566833    609.5732422    688.5552979    629.5322876    629.1495361    676.3939819   1506.8817139
    599.7354736    543.1190186    819.2480469    855.6204224    758.3709717    402.0684509    271.1259155    223.7506866    154.0422821     65.9260025     34.4440498     29.6357021     86.8282928    120.7100601    136.6329498    199.5348053    166.8777161    218.8324280    447.9104919    670.1531982    992.2891846   1088.1136475   1134.3630371   1123.3067627    680.1549072    391.3991089    275.0834961    240.1315155    347.6420288    547.5557251    643.9216919    544.9394531    571.3114014    685.8003540   1449.8997803
      3.0066016      2.5148973      1.9664185      1.6519082      1.6112325      1.4324703      1.3258420      1.4997745      1.4315330      1.0008206      0.8311350      0.9916138      1.1139623      0.8948156      0.0047756     -1.1413440     -1.9906316     -2.6044130     -2.9826901     -3.1195920     -3.1942191     -3.3090336     -3.4945261     -3.7325299     -3.9235103     -4.0172367     -4.0675530     -4.1216540     -4.1808252     -4.2581606     -4.4019337     -4.6099200     -4.6954222     -4.3625050     -3.4973013
      2.9954889      2.4804194      1.8549944      1.4692404      1.5333194      1.4643112      1.2586296      1.3121147      1.2874528      1.0639191      1.1723914      1.4446218      1.4233533      1.1170838      0.2371911     -1.0286111     -1.9926515     -2.6430314     -3.0566733     -3.2264156     -3.3349891     -3.4783206     -3.6520343     -3.8151011     -3.9286940     -3.9973004     -4.0488977     -4.0944676     -4.1433063     -4.2277832     -4.3880181     -4.6023178     -4.6840038     -4.3471656     -3.4851260
      2.9772270      2.4217455      1.7009720      1.1747283      1.3132174      1.5589538      1.4247583      1.2995496      1.2767977      1.3012837      1.6587932      1.8804133      1.4834248      0.8071639     -0.0536053     -1.1436620     -2.1099117     -2.7172735     -3.0687535     -3.2862940     -3.4489512     -3.6123240     -3.7673769     -3.8762219     -3.9330647     -3.9679506     -4.0032210     -4.0361147     -4.0783443     -4.1750321     -4.3543625     -4.5854340     -4.6810527     -4.3397870     -3.4678969
      2.9538805      2.3358896      1.5931967      1.0174304      1.1359901      1.6141729      1.7052394      1.5970922      1.5006621      1.5438870      1.9211036      1.9245381      1.2866732      0.5363066     -0.2025279     -1.0536550     -1.8345467     -2.4001725     -2.8968139     -3.3055248     -3.5661397     -3.7319438     -3.8418140     -3.9105392     -3.9390166     -3.9501016     -3.9629073     -3.9693093     -3.9943995     -4.0997763     -4.3044624     -4.5680437     -4.6924710     -4.3334603     -3.4263120
      2.9265971      2.2735727      1.6576325      1.1992097      1.1793019      1.6035416      1.8737322      1.9360318      1.8364762      1.6581179      1.7181251      1.6002151      1.1380610      0.6485109      0.0736155     -0.7070930     -1.4940549     -2.1810508     -2.8285875     -3.3104887     -3.5747457     -3.7034569     -3.7850201     -3.8741164     -3.9224551     -3.9181147     -3.8898742     -3.8491781     -3.8586299     -3.9851816     -4.2315383     -4.5407629     -4.6997886     -4.3409224     -3.4109080
      2.8991892      2.2490127      1.7986159      1.5174472      1.3510727      1.5420808      1.8523461      2.0696609      2.0688910      1.7458259      1.4647009      1.3462173      1.2041149      0.9501489      0.5014939     -0.2757086     -1.2555715     -2.0869544     -2.6770446     -3.0410383     -3.1555727     -3.1459482     -3.2374175     -3.4943047     -3.7220273     -3.7780576     -3.6989737     -3.6199245     -3.6609428     -3.8388648     -4.1404128     -4.4952312     -4.6822915     -4.3411055     -3.4079385
      2.8755665      2.2406654      1.8695222      1.7281680      1.5530086      1.5477026      1.8350854      2.1308579      2.1507130      1.8573338      1.5662153      1.5210921      1.5569514      1.4484104      1.1325326      0.4831142     -0.4823079     -1.3332666     -1.8732837     -1.9263418     -1.3569303     -1.2303013     -1.9985436     -2.6966314     -3.0553913     -3.2449508     -3.2486799     -3.2564547     -3.4041951     -3.6659899     -4.0347834     -4.4354715     -4.6519418     -4.3307548     -3.3965931
      2.8312817      2.2116592      1.8702747      1.8310354      1.7894592      1.7547868      1.9989784      2.2372065      2.1602457      1.9569348      1.8448298      1.8928167      2.0220652      2.1061230      2.0406537      1.6376680      0.8291668      0.0248300     -0.5456969      0.0449350      2.1763175      2.2726958     -0.3701778     -1.8733907     -2.0007167     -2.2474651     -2.5365396     -2.8004873     -3.1087642     -3.4810414     -3.9254351     -4.3813057     -4.6485028     -4.3464465     -3.4020855
      2.7521641      2.1022179      1.7796799      1.8104882      1.9198408      1.9415183      2.0770929      2.2092123      2.1354353      2.0975478      2.1745560      2.2952144      2.5320990      2.9545777      3.3605020      3.2238662      2.4690509      1.6576601      0.9612090      1.5845788      3.9949512      3.8852520      0.6445596     -0.9386691     -0.8065477     -1.0998867     -1.7389147     -2.3295488     -2.8193760     -3.3109257     -3.8270106     -4.3310423     -4.6517425     -4.3750725     -3.4234760
      2.6617730      1.9581416      1.6653318      1.7651460      1.9252807      1.9060369      1.8796912      1.9655417      2.0953355      2.3368151      2.6212530      2.8626440      3.2785010      4.1966257      5.5551643      6.0473342      4.9333181      3.5238900      2.5264184      2.1932349      2.6415598      2.1998427      0.8107445      0.3774166      0.6790794      0.3970300     -0.6800346     -1.8116252     -2.5546699     -3.1612418     -3.7439981     -4.2693205     -4.6187215     -4.3686571     -3.4168763
      2.5893073      1.8883594      1.6427747      1.7805746      1.8906147      1.7580770      1.6918626      1.8483791      2.1539969      2.6263759      3.1306329      3.5555515      4.1480236      5.3033738      7.2150536      8.3252201      7.2988100      5.4835610      3.8666344      2.6328979      1.8794380      1.4454138      1.4291962      1.7962474      2.4360275      2.3834341      0.7332888     -1.2283645     -2.3314216     -3.0394242     -3.6722579     -4.2105174     -4.5812483     -4.3336000     -3.3637109
      2.5586736      1.8808327      1.6521726      1.7423013      1.7823379      1.6263083      1.6721079      1.9754417      2.3109224      2.8641260      3.5886397      4.1749048      4.7950115      5.7214870      6.9483829      7.7636013      7.5994229      6.5411425      4.8558259      3.3941565      2.4771075      2.1639552      2.3574476      2.7671039      3.6406963      3.8185983      1.8363472     -0.7482695     -2.1782117     -2.9577031     -3.6086812     -4.1605549     -4.5515380     -4.2866125     -3.2980955
      2.5677090      1.8840803      1.6281929      1.6381851      1.6992772      1.7329372      1.9222478      2.2193098      2.4944012      3.1841028      4.2345662      4.9136815      5.3079081      5.8803759      6.4651899      6.7819710      6.7241302      6.1291389      5.4344635      4.6609640      3.3111935      2.4709053      2.4993725      2.7352412      3.4303854      3.6075683      1.8464118     -0.5721928     -2.0344515     -2.8837020     -3.5604084     -4.1285973     -4.5215168     -4.2275681     -3.2377360
      2.5844772      1.8984624      1.5957614      1.5294133      1.6245310      1.8829294      2.2507706      2.5082803      2.8551779      3.7853918      4.8402052      5.2986183      5.4079204      5.8231316      6.4200068      6.5877352      6.0612402      5.2212567      5.0288606      4.9125376      3.6896429      2.5154381      2.1495724      1.9925591      2.1553507      2.0834713      0.8986787     -0.6575975     -1.8387011     -2.7940423     -3.5498428     -4.1465368     -4.5270462     -4.1969833     -3.1986060
      2.6035557      1.9474561      1.5917658      1.4422872      1.4937347      1.7638237      2.1779385      2.5069616      3.1829572      4.2510428      4.6915016      4.5706754      4.6233945      5.1540995      5.7847047      5.7244582      4.9913855      4.1608782      3.7068565      3.4187391      2.7775064      2.1604123      1.8074883      1.4097623      1.1298538      0.7773821      0.0278298     -0.8286349     -1.7748367     -2.7981005     -3.6167104     -4.2285075     -4.5827498     -4.2121329     -3.1851325
      2.6237237      2.0169792      1.6194035      1.3880525      1.3642060      1.4942261      1.7377540      2.1001797      3.0642893      4.1602287      4.1439805      3.6178443      3.6334195      4.1954179      4.6900086      4.4573936      3.7291827      2.9487524      2.2541845      1.7525523      1.4222162      1.2811003      1.2128536      1.0269424      0.8382633      0.5078785     -0.1947947     -1.1054106     -2.0920947     -3.0287089     -3.7808740     -4.3626122     -4.6676292     -4.2483630     -3.1871438
      2.6094801      2.0068011      1.5764155      1.3022898      1.2250332      1.2033554      1.3486069      1.8450772      2.8593180      3.8517339      3.8742690      3.2835202      3.0497100      3.4038551      3.6284821      3.3927319      3.0240293      2.1748767      1.1030798      0.5082542      0.2860798      0.3078575      0.5083030      0.6677721      0.7671829      0.6973304     -0.1112133     -1.5447527     -2.6985195     -3.4030077     -4.0050120     -4.5237541     -4.7645035     -4.2968359     -3.2057612
      2.5543234      1.8739482      1.4459627      1.1986868      1.1224163      1.0626106      1.3007146      2.0051687      2.8745232      3.5783589      3.7691896      3.3809135      2.9452250      2.9465680      2.5695832      1.9534701      2.1766138      1.9314966      0.7367346     -0.0714217     -0.3084078     -0.2660895     -0.0047015      0.3063850      0.5994864      0.7136527     -0.2207648     -2.0367043     -3.2368691     -3.7450607     -4.2413702     -4.6822820     -4.8531914     -4.3515019     -3.2434299
      2.5157657      1.7369738      1.3429836      1.1490533      1.0836457      1.1285925      1.4424474      2.0393102      2.6793599      3.1340044      3.3925605      3.3857296      3.1196923      2.8356698      1.9450762      1.0252861      1.4870883      1.8367064      0.9274202      0.0597560     -0.2821706     -0.4706264     -0.5092068     -0.3097785      0.0741813      0.2474277     -0.6220196     -2.3043585     -3.4805813     -4.0205379     -4.4722724     -4.8217154     -4.9061565     -4.3775387     -3.2797623
      2.5108345      1.6533027      1.2354528      1.0771935      1.0320637      1.1317369      1.3154093      1.5711752      2.0555825      2.5176077      2.7803187      2.9796438      3.1181490      2.8692427      2.1245594      1.6715534      1.7343720      1.5234904      0.7416403      0.0179254     -0.3268205     -0.6633472     -1.0442866     -1.0847374     -0.7704267     -0.6192099     -1.1900799     -2.4394982     -3.6045558     -4.2717738     -4.6803370     -4.9372196     -4.9372830     -4.3829665     -3.3003447
      2.5479209      1.6310008      1.1475400      0.9956715      0.9336218      0.8370917      0.6258025      0.6424942      1.2161171      1.8746142      2.1152122      2.2115400      2.5523832      2.4199512      1.9500384      2.0236619      1.8006800      1.0775599      0.3724730     -0.2715890     -0.7065406     -1.1743728     -1.7392664     -1.8822235     -1.6154121     -1.5341927     -1.9745283     -2.9133110     -3.8966136     -4.5070200     -4.8424501     -5.0182734     -4.9845371     -4.4409633     -3.3466704
      2.6246436      1.6655115      1.1401788      0.9467356      0.7667191      0.2911441     -0.5359840     -0.7729342      0.0485092      1.0424432      1.3837624      1.3386719      1.5344888      1.2397960      0.6778891      1.0442797      1.2200702      0.6718631      0.0372036     -0.7288682     -1.4886174     -2.1456916     -2.6586809     -2.7671814     -2.5796168     -2.5643418     -2.9427211     -3.6090717     -4.2589498     -4.6927576     -4.9513526     -5.0700388     -5.0463214     -4.5477257     -3.4286170
      2.6577084      1.6721908      1.1671519      0.9792377      0.7079774     -0.1153405     -1.5102372     -2.1177619     -1.3234957     -0.0098833      0.7539068      0.8554846      0.9171916      0.3355260     -0.5714351     -0.1671974      0.4587717      0.0928753     -0.6789916     -1.6378036     -2.5554976     -3.1554520     -3.4427989     -3.4853306     -3.4397099     -3.4969900     -3.7403646     -4.1206589     -4.5120039     -4.8185310     -5.0205135     -5.1098847     -5.0848885     -4.6174955     -3.5089204
      2.6582572      1.6915349      1.2499295      1.1420642      0.8814287     -0.0403350     -1.5814886     -2.4544430     -1.9871660     -0.6980729      0.3232738      0.6067231      0.6612633      0.1705566     -0.8898891     -1.0789773     -0.6657041     -0.9533065     -1.7322667     -2.6155865     -3.3153243     -3.6581695     -3.7971139     -3.8281114     -3.8598104     -3.9704998     -4.1666884     -4.4187202     -4.6850410     -4.9115338     -5.0706654     -5.1433597     -5.0760336     -4.6029277     -3.5585158
      2.6920731      1.7737690      1.3659244      1.2589319      0.9910272      0.2915715     -0.8516566     -1.6580290     -1.4642727     -0.5714892      0.1712405      0.3105221      0.1246056     -0.2043671     -1.0435021     -1.8237602     -1.8943720     -2.0511389     -2.5739708     -3.1030846     -3.4617980     -3.6623693     -3.8276749     -3.9502280     -4.0637379     -4.2120481     -4.4002891     -4.6043096     -4.8083515     -4.9826946     -5.1072521     -5.1650405     -5.0421453     -4.5431948     -3.5748100
      2.7250667      1.8439512      1.4641714      1.3307469      1.0497839      0.6227442      0.0136467     -0.4428509     -0.3730762     -0.0101490      0.2711852      0.1561072     -0.3767119     -0.8709261     -1.3980161     -2.0176895     -2.2273037     -2.3204124     -2.6440122     -2.9168162     -3.1309195     -3.4311543     -3.7449534     -3.9890876     -4.1996713     -4.3928604     -4.5624442     -4.7238812     -4.8882666     -5.0300756     -5.1244035     -5.1627660     -4.9953156     -4.4703355     -3.5605044
      2.7347846      1.8847055      1.5574861      1.5048712      1.3201091      0.9896451      0.5802660      0.3964881      0.4488733      0.4834866      0.4457570      0.1493238     -0.4634072     -1.0405351     -1.4448274     -1.7924217     -2.0226066     -2.1776776     -2.3436730     -2.4470222     -2.6216211     -3.0181830     -3.5019965     -3.9121761     -4.2279801     -4.4675164     -4.6429758     -4.7875419     -4.9236064     -5.0412474     -5.1145949     -5.1335125     -4.9271073     -4.3703427     -3.5024512
      2.7668500      1.9381064      1.6038986      1.6042261      1.5495012      1.2886775      0.9250212      0.8341409      0.9083963      0.8797880      0.7218188      0.3041891     -0.3260209     -0.8800406     -1.2733613     -1.6202137     -1.9362679     -2.1309023     -2.1639116     -2.1496584     -2.2365746     -2.5083716     -3.0096049     -3.6055121     -4.0931945     -4.4281178     -4.6423993     -4.7884755     -4.9114084     -5.0113211     -5.0697961     -5.0785069     -4.8414106     -4.2477932     -3.4113026
      2.8210583      1.9878153      1.5786728      1.5321480      1.5264598      1.4142048      1.2163475      1.1837375      1.2333958      1.1813790      1.0542403      0.6689799     -0.0266732     -0.6670364     -1.0884817     -1.4327192     -1.7262223     -1.8987876     -1.9587969     -2.0256891     -2.1087251     -2.1983092     -2.5114739     -3.0983365     -3.7384381     -4.2446151     -4.5477834     -4.7233434     -4.8565035     -4.9438620     -4.9872928     -5.0015430     -4.7495151     -4.1201830     -3.3087611
      2.8649352      2.0218194      1.5433123      1.4346404      1.4318829      1.4499775      1.3944573      1.3424687      1.3180534      1.2685224      1.2638119      1.0537245      0.4434418     -0.2395028     -0.7792730     -1.1710061     -1.4066668     -1.5498086     -1.6709504     -1.8427024     -2.0032201     -2.0842214     -2.2550423     -2.6603637     -3.2803345     -3.9287722     -4.3731766     -4.6121221     -4.7608614     -4.8468795     -4.8889356     -4.9164515     -4.6603808     -4.0158930     -3.2378137
      2.8998306      2.0867589      1.5595994      1.3628281      1.3473442      1.4304218      1.4171321      1.3139930      1.2650664      1.2664839      1.3234444      1.2591271      0.8550852      0.2701750     -0.3009887     -0.7575556     -1.0458418     -1.2286866     -1.3656102     -1.5433537     -1.7728019     -1.9769512     -2.1761928     -2.4301193     -2.8897665     -3.5769393     -4.1608882     -4.4723110     -4.6389394     -4.7404242     -4.7986703     -4.8319769     -4.5742345     -3.9326475     -3.1859729
      2.9657950      2.2286580      1.6352506      1.3167464      1.2779272      1.3793139      1.4089028      1.3815573      1.3978025      1.4116068      1.3938472      1.3434645      1.1121079      0.6959993      0.2305086     -0.2407390     -0.6331750     -0.8807360     -1.0510029     -1.2640179     -1.5579814     -1.8829464     -2.1522512     -2.3087425     -2.5885825     -3.2249687     -3.9006279     -4.2940655     -4.4964480     -4.6234169     -4.7022929     -4.7460294     -4.5001183     -3.8511002     -3.1010256
      3.0254180      2.3386748      1.6735134      1.2916492      1.2628564      1.3693529      1.4741247      1.5828669      1.6324638      1.6166661      1.5604436      1.4924990      1.3636670      1.1148678      0.7976047      0.3559683     -0.1448172     -0.4657742     -0.6845278     -1.0078638     -1.4293978     -1.8206186     -2.0613775     -2.1558924     -2.3633032     -2.9483778     -3.6606519     -4.1154351     -4.3464203     -4.4940963     -4.5944438     -4.6632800     -4.4457903     -3.7909739     -3.0240405
      2.9853795      2.2493179      1.5944574      1.2897863      1.3005519      1.4156591      1.5719932      1.7218444      1.7953475      1.8402027      1.8050880      1.6808301      1.5944798      1.5202429      1.3834947      1.0718653      0.5476566      0.0651112     -0.2733233     -0.6837533     -1.2327275     -1.6508460     -1.8195838     -1.9076419     -2.1926548     -2.8373296     -3.5342987     -3.9668369     -4.2010264     -4.3639321     -4.4927230     -4.5915613     -4.4111862     -3.7718682     -2.9919467
      2.8889713      2.0613236      1.4939597      1.3418150      1.3816644      1.4757005      1.5981774      1.6957128      1.8568202      2.0371473      1.9613997      1.7249771      1.6999549      1.8500992      1.8957999      1.7204202      1.2693440      0.6358576      0.1043345     -0.3454467     -0.8963118     -1.3297324     -1.5095431     -1.6180354     -1.9716684     -2.7002349     -3.4274004     -3.8570008     -4.0754871     -4.2456341     -4.4083319     -4.5314474     -4.3946185     -3.7838800     -2.9804530
      2.7942042      1.9311000      1.4679327      1.4027675      1.4121068      1.3991997      1.3651966      1.3493482      1.5193936      1.7563509      1.7459770      1.6473147      1.8131851      2.1266265      2.2383299      2.0515420      1.5958120      0.9276754      0.3167794     -0.1610521     -0.6389898     -1.0021673     -1.1718946     -1.2548174     -1.5815636     -2.3543947     -3.2179315     -3.7454994     -3.9717407     -4.1594744     -4.3501954     -4.4864006     -4.3882947     -3.8045270     -2.9707162
      2.7252226      1.8977352      1.5299927      1.4418050      1.3397425      1.1129501      0.8049367      0.6458855      0.7414416      0.9961570      1.2411685      1.4936603      1.8756402      2.2598455      2.3723974      2.1151011      1.6006640      1.0133880      0.5243517      0.0669766     -0.3537306     -0.6280617     -0.8095034     -0.8551797     -1.0893075     -1.8906840     -2.8841898     -3.5415077     -3.8728740     -4.1177130     -4.3184271     -4.4558725     -4.3946815     -3.8432190     -2.9781919
      2.6942925      1.9160378      1.6097442      1.4506763      1.1831355      0.7064318     -0.0038475     -0.6361654     -0.9565978     -0.6820371      0.1763944      1.0337508      1.6523156      2.1632724      2.4246445      2.2239051      1.7359412      1.3170794      0.9829510      0.5176451      0.0911861     -0.2035568     -0.5639658     -0.6795196     -0.7370271     -1.4749577     -2.5768499     -3.3647108     -3.8142993     -4.1061220     -4.3027577     -4.4349699     -4.4114356     -3.9024127     -3.0115318
      2.6681254      1.8930119      1.6052014      1.3519771      0.9371763      0.3059455     -0.9639471     -2.5801718     -3.7203166     -3.6227210     -2.0940986     -0.1729390      1.0968654      1.8455288      2.3029809      2.3268342      2.0393786      1.7344433      1.4293207      0.9726680      0.5334055      0.1709865     -0.3467765     -0.6186857     -0.6541975     -1.3485657     -2.4985433     -3.3342564     -3.8083324     -4.0977392     -4.2844462     -4.4123034     -4.4129925     -3.9405439     -3.0415447
      2.6516821      1.8604349      1.5729200      1.2203921      0.7881678      0.0772423     -1.8549515     -4.2942705     -5.7945843     -6.0092154     -4.6635089     -2.0698035      0.1159281      1.2602618      1.8853157      2.1884797      2.1575089      1.8937446      1.6172111      1.2934756      0.8693411      0.4591153     -0.0040396     -0.4604526     -0.9149449     -1.7136304     -2.6764004     -3.3780661     -3.8024170     -4.0672321     -4.2477469     -4.3749056     -4.3839455     -3.9390879     -3.0567412
      2.6546490      1.8569801      1.5605900      1.1456434      0.7533977     -0.1067580     -2.5667577     -5.2096786     -6.4521203     -6.7457433     -6.0010462     -3.6317797     -0.9957231      0.5762714      1.4508733      1.9881154      2.1054046      1.8988800      1.6883044      1.4619396      1.0228615      0.5807956      0.2437270     -0.3773898     -1.3556473     -2.2840767     -2.9713778     -3.4475317     -3.7587652     -3.9919043     -4.1866002     -4.3284583     -4.3464298     -3.9252958     -3.0684724
      2.6541293      1.8424985      1.5329964      1.0952729      0.6016292     -0.4755358     -3.0554163     -5.5235772     -6.5121069     -6.7108150     -6.2416539     -4.3211813     -1.6852461      0.1393385      1.1651330      1.8166494      2.0092254      1.8448800      1.6411641      1.3793583      0.9006897      0.5102445      0.2675291     -0.4557897     -1.6706234     -2.6531928     -3.2125821     -3.5232913     -3.7063971     -3.8945336     -4.1012979     -4.2742386     -4.3239751     -3.9245815     -3.0728183
      2.6453576      1.8137630      1.5056182      1.0980636      0.4455394     -0.7834716     -3.2081363     -5.4895892     -6.3981013     -6.5217457     -5.9885106     -4.1520329     -1.6490865      0.1283961      1.0251496      1.5440452      1.7036099      1.4653552      1.0151954      0.4183110     -0.1007942     -0.1382867     -0.1538859     -0.9337474     -2.1076846     -2.9511633     -3.4058354     -3.6167333     -3.7151010     -3.8386731     -4.0172138     -4.2097864     -4.3004203     -3.9274099     -3.0750942
      2.6379235      1.7742598      1.4731631      1.1918110      0.5626367     -0.6349370     -2.8869083     -5.1936374     -6.1699133     -6.1094041     -5.1810498     -3.1556265     -0.9285714      0.5939467      1.3350103      1.5718980      1.4454905      0.7091635     -0.5209559     -1.5944740     -1.9745877     -1.5403225     -1.2452849     -1.8976401     -2.7985549     -3.3430049     -3.6432016     -3.7867036     -3.8295493     -3.8647354     -3.9705143     -4.1506023     -4.2672763     -3.9284332     -3.0913107
      2.5849326      1.6759541      1.4094697      1.3525134      0.9192551     -0.0865924     -2.0384505     -4.3772988     -5.5718751     -5.3057775     -4.0161204     -2.0206616     -0.0974381      1.2645886      1.9732009      1.9990051      1.4520049     -0.0450442     -2.0823593     -3.2422800     -3.3250062     -2.8328214     -2.5010116     -2.8816407     -3.4348874     -3.7569594     -3.9584565     -4.0514674     -4.0231471     -3.9561977     -3.9700620     -4.1061702     -4.2368155     -3.9356880     -3.1107337
      2.4072375      1.5618373      1.4451016      1.5909457      1.3770943      0.6205134     -0.8367215     -2.7967603     -4.1325502     -4.0495515     -2.9134126     -1.2137991      0.5331668      1.7567956      2.2539403      2.0909848      1.3646086     -0.2851664     -2.3951352     -3.5107691     -3.5994737     -3.4032810     -3.3261774     -3.5822289     -3.9251256     -4.1615806     -4.3147626     -4.3414226     -4.2244205     -4.0696354     -4.0047107     -4.0847039     -4.2196045     -3.9514341     -3.1259484
      2.2759233      1.6099237      1.6454253      1.8433504      1.7689552      1.2658274      0.3433571     -0.9444951     -2.0869079     -2.3091552     -1.6711380     -0.4445614      0.9958877      1.8842359      2.0214872      1.7264560      1.1255751     -0.0835234     -1.7225180     -2.8717959     -3.3137684     -3.4996188     -3.7107627     -4.0193620     -4.3217564     -4.5295653     -4.6275420     -4.5814667     -4.3964210     -4.1828737     -4.0620193     -4.0934114     -4.2225399     -3.9755719     -3.1452990
      2.4057655      1.8004113      1.7512280      1.8730010      1.8692143      1.6090982      1.1376435      0.3854094     -0.3888716     -0.5695726     -0.2233101      0.4578875      1.2873559      1.7057779      1.6236645      1.3204006      0.7933282     -0.0739848     -1.0996088     -2.0383210     -2.8486569     -3.4678555     -3.9153111     -4.3070350     -4.6220584     -4.8001599     -4.8429270     -4.7500601     -4.5324154     -4.2883763     -4.1302218     -4.1222496     -4.2408800     -4.0042024     -3.1656420
      2.6291540      1.9317912      1.6354523      1.6831285      1.8410246      1.8161498      1.5504669      1.0621624      0.5556120      0.4558791      0.7126426      1.0811169      1.4300724      1.5571146      1.4488995      1.1135912      0.4983926     -0.1476880     -0.7126234     -1.5389426     -2.6083834     -3.4889433     -4.0718536     -4.4935279     -4.7824569     -4.9191689     -4.9329877     -4.8348956     -4.6177082     -4.3664732     -4.1929197     -4.1629782     -4.2722330     -4.0483398     -3.2075427
      2.7553244      1.9830698      1.4897250      1.4789809      1.7925445      1.9019537      1.6371722      1.2582823      0.9115196      0.7566324      0.9131415      1.2264688      1.4784865      1.6071773      1.5998704      1.2839067      0.6723917      0.1229881     -0.5174656     -1.6051308     -2.7587323     -3.5912259     -4.1571469     -4.5408301     -4.7824845     -4.9059973     -4.9279327     -4.8426971     -4.6400509     -4.4042759     -4.2421389     -4.2111096     -4.3101983     -4.1041751     -3.2768183
      2.7875943      1.9833854      1.4038547      1.3065943      1.5851843      1.6841362      1.4397881      1.2293479      1.0686258      0.9193097      1.0254943      1.3501158      1.6455491      1.8191410      1.8866502      1.7147613      1.1013633      0.1878458     -0.8838371     -2.0784175     -3.0592749     -3.6940992     -4.1466141     -4.4578156     -4.6695156     -4.8206744     -4.8704247     -4.7897205     -4.6095014     -4.4183803     -4.2871318     -4.2613592     -4.3483009     -4.1506944     -3.3335910
      2.7849267      1.9974920      1.4023809      1.1602817      1.2850357      1.3372891      1.2131802      1.2668623      1.3314768      1.2582455      1.3680515      1.6853013      1.9273957      1.9923970      1.9837370      1.7640691      0.8592099     -0.5350640     -1.7178063     -2.5801718     -3.2254326     -3.6837554     -4.0461860     -4.3130703     -4.5245423     -4.7005138     -4.7583809     -4.6779289     -4.5392423     -4.4140577     -4.3260412     -4.3134146     -4.3923306     -4.1972814     -3.3825672
      2.7904329      2.1518350      1.5965849      1.1199973      1.0400633      1.0713286      1.1242657      1.4031885      1.6208104      1.5696393      1.6371540      1.9636781      2.1203146      1.9977396      1.7834297      1.1668587     -0.1896506     -1.5886258     -2.3465791     -2.6586175     -2.7976975     -2.9536889     -3.3464644     -3.8909070     -4.3151631     -4.5225358     -4.5593481     -4.5004911     -4.4330964     -4.3841486     -4.3516989     -4.3699203     -4.4459252     -4.2515516     -3.4409437
      2.7987788      2.3496609      1.8815594      1.2378978      1.0026580      0.9967960      1.1242089      1.4948525      1.7520362      1.6889707      1.6477684      1.8863810      2.0643759      1.9592524      1.5533404      0.4795313     -1.1066536     -2.2136376     -2.5283823     -2.2820847     -1.6404469     -1.0966644     -1.4296572     -2.7193706     -3.8753586     -4.2595468     -4.2797852     -4.2806530     -4.3058782     -4.3333898     -4.3611903     -4.4205012     -4.5012360     -4.3030663     -3.4921470
      2.8282568      2.4538012      2.0362585      1.4033227      1.1806967      1.1876417      1.2421910      1.4198711      1.5197765      1.5145507      1.4636911      1.5164943      1.7099938      1.8043950      1.3425752      0.0200592     -1.4874153     -2.3350356     -2.5099649     -1.9742144     -0.7689676      0.4646042      0.4755717     -1.3419839     -3.2915499     -3.9602656     -4.0159507     -4.0944085     -4.1862068     -4.2649183     -4.3497925     -4.4565182     -4.5502667     -4.3458052     -3.5284843
      2.8963890      2.5168726      2.0892413      1.5266070      1.4066426      1.5309932      1.4610302      1.2546211      1.1181973      1.1836756      1.2322574      1.1970166      1.3120918      1.4533278      0.9774825     -0.3696205     -1.7181215     -2.3838952     -2.5200381     -2.0590079     -0.9817501      0.2137503      0.4325032     -1.0587575     -2.8962328     -3.6658430     -3.8342402     -3.9770234     -4.0901752     -4.1922159     -4.3306446     -4.4879885     -4.5897560     -4.3721828     -3.5490727
      2.9695141      2.5623965      2.0791392      1.5571702      1.5190874      1.7486916      1.6004083      1.1987547      1.0235533      1.0802310      1.1041181      1.0686533      1.0561607      0.8905632      0.2342125     -0.9384498     -2.0278614     -2.5466592     -2.5998454     -2.2835627     -1.6766558     -1.0806001     -1.0167563     -1.7789159     -2.7699094     -3.3495338     -3.6547368     -3.8835225     -4.0221987     -4.1446238     -4.3209686     -4.5110250     -4.6128721     -4.3769464     -3.5472794
      3.0183918      2.5810630      2.0257890      1.5264131      1.5360671      1.8014646      1.7281626      1.4281619      1.2820404      1.1892923      1.0864885      1.1045916      0.9580593      0.3016012     -0.6559761     -1.6231717     -2.3888390     -2.7453384     -2.7261312     -2.4931085     -2.2180526     -2.0742652     -2.2014916     -2.5834620     -2.9718592     -3.2529893     -3.5493810     -3.8249922     -3.9958656     -4.1411095     -4.3268042     -4.5267577     -4.6316915     -4.3757372     -3.5342035
      3.0403388      2.5922418      2.0300817      1.5861225      1.5747931      1.7470840      1.7955027      1.7391001      1.5738775      1.2296747      1.0107300      1.1081406      0.9610285      0.1190374     -0.9919072     -1.9099803     -2.5637126     -2.8693371     -2.8732893     -2.7462461     -2.6294935     -2.6453574     -2.8509121     -3.1944072     -3.4598060     -3.5772426     -3.7174742     -3.8961999     -4.0421247     -4.1796455     -4.3488584     -4.5562181     -4.6652999     -4.3854728     -3.5345929
      3.0276237      2.5635431      2.0337276      1.6777935      1.6094787      1.5696627      1.5962559      1.7262697      1.5993435      1.1110606      0.8255412      0.9452695      0.9592737      0.3983548     -0.6198776     -1.5895332     -2.3287823     -2.7899101     -2.9580138     -2.9694586     -2.9626894     -3.0429776     -3.2531533     -3.5675468     -3.8229907     -3.9221423     -3.9709980     -4.0478520     -4.1376171     -4.2357926     -4.3821158     -4.5927196     -4.6936669     -4.3849125     -3.5269265
