FILE FORMAT:
lat   [deg] (size = (35))
lon   [deg] (size = (60))
cprec [cm]  (size = (60,35))
topo  [km]  (size = (60,35))
    -85.0000000    -80.0000000    -75.0000000    -70.0000000    -65.0000000    -60.0000000    -55.0000000    -50.0000000    -45.0000000    -40.0000000    -35.0000000    -30.0000000    -25.0000000    -20.0000000    -15.0000000    -10.0000000     -5.0000000      0.0000000      5.0000000     10.0000000     15.0000000     20.0000000     25.0000000     30.0000000     35.0000000     40.0000000     45.0000000     50.0000000     55.0000000     60.0000000     65.0000000     70.0000000     75.0000000     80.0000000     85.0000000
   -174.0000000   -168.0000000   -162.0000000   -156.0000000   -150.0000000   -144.0000000   -138.0000000   -132.0000000   -126.0000000   -120.0000000   -114.0000000   -108.0000000   -102.0000000    -96.0000000    -90.0000000    -84.0000000    -78.0000000    -72.0000000    -66.0000000    -60.0000000    -54.0000000    -48.0000000    -42.0000000    -36.0000000    -30.0000000    -24.0000000    -18.0000000    -12.0000000     -6.0000000      0.0000000      6.0000000     12.0000000     18.0000000     24.0000000     30.0000000     36.0000000     42.0000000     48.0000000     54.0000000     60.0000000     66.0000000     72.0000000     78.0000000     84.0000000     90.0000000     96.0000000    102.0000000    108.0000000    114.0000000    120.0000000    126.0000000    132.0000000    138.0000000    144.0000000    150.0000000    156.0000000    162.0000000    168.0000000    174.0000000    180.0000000
     75.4095917     82.9287872     84.8298874     78.3670807     90.3335342     75.9766769     64.7589874     78.7916336     91.7892075     59.9706001     43.8858833     30.3537388     26.2404366     25.3288784     35.9393044     67.1927719     82.5210648     94.5609589    109.7877350    117.2845078    125.9921722    116.9718399     81.6620636     48.7027512     74.2836151    103.3204193    114.0516586    119.2077866    114.9453888    108.9093475    101.5465469     96.9635391    102.3562088    117.6571808    128.3974762
     75.4870987     93.2354279     90.5910187     85.7535095     99.2537155     82.2112274     64.1025925     78.8679352     80.6982574     49.1609802     51.9522171     33.6914902     28.5090637     29.0664616     44.1228409     66.6954193     81.0767975    108.8242645    132.2757263    158.5646057    164.0197906    150.2305603     98.3488770     58.9722595     90.1169891     93.7870102    117.4373398    124.5712738    103.9020996     99.7455215    104.6921234     99.8063049     93.5748062    124.8796997    118.9353180
     73.9463348     86.9215088     89.8185043     76.5376053     88.3452682     89.0574188     65.9219818     72.6030884     73.7081680     46.6300201     51.3067856     39.3909225     26.5121555     25.0480003     47.7613411     59.0283699     77.3304749    101.3993073    119.3926849    171.9150696    222.0102844    191.5942688    138.1956787     77.5451431    107.4811783    108.8551178    137.5397491    133.9406433    124.6924896    107.1750488    121.4898529    102.4155731    105.7770157    122.1235123    119.8746490
     80.5818024     85.4028244     84.7587662     71.0910797     76.0070190     89.9506607     72.0357285     72.3350983     70.1243668     48.3637581     51.0530128     42.8845329     28.2168121     23.9854412     45.4308357     65.2297287     98.4570084    128.5741425    153.5241394    206.3480225    280.8317871    260.1040344    156.0697937    109.6195450     94.9796906    123.3619766    139.3477173    137.0748596    124.3293457    117.6345978    115.9519272    102.6703873    117.5171890    122.6918106    135.7525482
     84.7510071     89.1071625     81.9361725     80.5762024     76.3455353     86.0467758     77.3728943     79.5647125     64.5744781     48.4336281     50.9479294     37.5408401     25.9691162     27.3048191     42.8272667     73.7738495    115.6093521    143.8043518    169.2768860    276.6844482    379.1328735    367.8786011    216.3805389    124.5212402    102.4085693    134.4861298    140.1004333    130.5531921    109.7925873    115.6096649    115.0108643    106.1448364    114.6620255    115.3219986    128.8442230
     87.3816223     91.8446503     78.4764633     84.7172165     76.5511322     82.2420197     87.7686920     78.9399033     62.5479622     45.6232834     47.7221718     37.3948135     27.0384712     28.4264278     41.1369553     73.3097076    107.6989746    137.5187836    183.1695862    305.3187256    501.5555115    500.7626953    286.0321350    133.8684540    118.0625763    144.7051392    159.6392975    114.0346222     94.5088196    103.2723236    104.5376587     97.2366409    114.4142303    119.1435776    129.0608521
     83.1534042     80.1007690     77.0374222     81.6029587     77.4560623     74.5075226     88.2690582     82.1626434     64.8639832     56.7884750     58.7571220     44.1041946     30.2441616     28.3272915     38.9716187     75.5504074    115.3539810    156.5287018    186.8846130    250.7162170    519.4902344    624.6686401    382.1984863    183.1853180    156.8353424    152.5633545    161.9879913    122.6508408     90.9237061    100.4152298    104.1716766    113.3305206    123.8800888    124.3769531    131.4457855
     80.5306931     73.9796906     80.9077148     84.4177017     92.2736053     82.5020065     87.0829010     96.3909760     69.7802048     56.0484085     63.3511848     51.0548058     36.0966644     28.6880913     45.1833992     86.1121674    121.2240829    174.4994202    218.4618378    313.5506592    612.1154175    641.2056274    350.0366516    199.9477997    233.7581787    187.9380035    160.9974060    125.2669830    116.1109772    108.8266220    102.3984299    116.5514755    126.9208755    118.2135010    131.7854919
     86.6698761     72.7187424     77.9095306     79.6003876     86.6082230     79.6756058     95.0151672     94.4881134     77.6418610     59.2774963     64.8208160     51.4799995     31.6723137     26.6075897     38.7369118     60.7523994     84.8403168    160.1630554    223.3865662    346.7225037    615.6303101    587.8803101    288.0194397    275.2761230    290.8712769    168.7363586    127.4933014     93.1348114    108.1517563    102.7087250     94.3298950    110.2243881    115.2472687    109.3977203    137.0121765
     92.4725952     75.1296310     71.6219406     79.2748566     84.8541412     69.2304688     76.1207123     78.6796188     77.0516205     65.9534454     58.9730110     49.0266762     36.5809517     26.6898003     36.4107323     51.4567795     60.3642693    113.0066986    206.3273010    310.1819153    436.2840271    358.2410278    213.1148376    269.2857056    236.3167725    144.2145691    112.5000229     89.1986389    116.0745697    110.4174194     97.2884064    101.2271576    103.6405411    110.3368530    143.9756775
     86.4544830     82.0098724     73.9935532     77.9960022     92.7523193     83.6924973     65.3072281     61.9266281     63.1842117     70.2566147     67.0588531     56.9706306     43.2954521     32.7061386     41.7421951     46.8765678     50.5288773     84.0553513    156.6349182    253.4737854    329.0874023    254.1276550    184.9342804    181.8583984    149.5408325    149.8048096    127.4768066    126.2664032    147.8946533    112.1231079     99.8739166    103.4814072    105.7620010    102.5673676    159.0845032
     84.2727280     78.2785263     78.6840744     72.1055756     82.4556808     75.4060440     62.0106316     60.3821487     54.0678520     77.9060974     73.4498825     60.9468803     48.7405319     34.5206795     30.5294704     30.6500740     37.6904373     56.4142838     90.0705719    174.0689087    282.5874634    263.7859802    187.3481140    122.5855255    101.6087189    138.4923553    180.6427765    166.8247986    158.6051636    117.9273300     97.7107239    110.2835922     93.7040634     87.2945938    163.2078705
     86.8194809     79.9036636     86.5972443     80.0584564     87.6186295     76.7407074     66.8186569     68.1020660     54.6620178     64.9080505     77.5726395     59.9240723     45.8338509     38.7538338     26.6249180     22.6384315     29.5146217     35.6823387     57.5139694    121.6390228    171.1848755    205.1562195    175.9251556     93.7635117     75.0409088    140.4151764    174.0208435    141.3062744    123.1067657    112.6370468    105.2917862    111.0095367     97.9384689     92.5879364    165.2498779
     80.2167282     81.0743942     91.1111526     83.0120468     96.9859619     80.5082855     87.6149750     73.9267807     60.3693962     59.8172226     72.8533401     70.1783142     54.1878128     38.0913887     28.2652016     25.5467930     30.7335205     31.0199776     44.4964142     98.7418365    118.3273697    152.5835724    161.0985413     73.8858643     50.9568901     96.2790756    109.3381195    113.3181763    108.1633682    102.7561798    109.4853897    103.0181122     91.4571457    108.5356827    156.2637787
     74.6173477     81.1121979     82.7013626     77.0191116     91.3151321     76.5420914     89.2461548     80.0186005     77.7647324     67.3191986     75.7931442     79.7615814     61.5788269     37.0875511     33.0696411     26.4077492     26.2924309     27.5711555     36.6122093     66.6167984     77.8220367    109.5993881    122.6603546     62.4697685     51.3203812     78.3703003     87.2470551    111.6220093    105.0688324    101.4104614    117.5510864    109.7285538     94.4370575    109.8345184    148.3782043
     72.2930603     81.6893539     83.2315521     73.9970551     86.6132431     79.9999542     93.4574890     84.5329514     89.4068909     70.7105484     72.0615768     81.8097305     68.0481491     42.0853653     30.8923283     22.7825222     22.0186768     27.2344055     34.4411316     66.4755859     79.4933472     92.3473358    105.0340576     55.6813736     47.8660660     77.5369110     91.9439468    111.3880463    121.3662491    108.4661713    120.0591660    114.8523407    111.0760269    106.5225067    147.5443420
     73.5075760     76.2031479     83.5283051     71.6512222     79.5358429     82.1593475     83.2111053     78.0123596     81.1935730     72.2376328     69.9823227     83.1638412     72.6860657     41.4034271     28.8408718     26.9895897     27.1702728     28.7233276     35.3166084     65.2523956     82.3793259     87.5922089     92.7911453     50.2865181     43.0748215     82.0335159    109.0053711    104.3066559    103.3313828    110.2276840    121.1597900    110.5693588    105.7902985     94.8508453    145.7481232
     76.6975784     69.4865570     78.4600296     70.8037567     80.6638641     74.3567047     86.8825989     99.5452728     78.2926941     75.7913971     82.0526047     90.9920273     64.4044418     40.2587967     29.9419460     31.9103794     37.0110397     38.5941963     46.8313065     66.9321442     81.6542969    101.8312836     89.9561615     53.2187500     65.4557648     94.5790100    109.8490219     91.0560913     91.8514481    113.1837616    103.6470566    100.1369400    100.8301392     89.5211029    142.5807648
     85.3108063     77.2619705     83.8286819     79.5668640     85.5407867     79.3917999     94.1455841    109.5975952     78.1756058     76.3104401     83.8174896     93.5713654     56.4103317     35.0191612     21.9665470     24.5222702     32.2976608     43.9688454     62.4267769     91.9309540    114.4852753    111.0037384     80.2108307     48.5519676     65.4406281     90.3945770    113.7106323    101.5736847     93.4597321    115.2354507     89.8086243     97.2701569    109.4398193     89.8481064    125.9828720
     78.6866608     74.2715378     73.9434738     75.7092133     82.8254547     83.9107056     96.8930817     96.6613922     79.1208115     75.5698624     78.7037888     93.1071014     55.9406319     31.8993034     18.9840965     20.3265095     26.5842342     38.3360062     59.3065681     93.5372391    125.5386353    113.2899628     77.3187866     46.8894920     56.9662247     88.7861786    106.3449478    111.8596344     99.2111053    109.1000748     85.8061295     90.5783234    106.2844238     95.8252106    135.7705383
     72.0936584     73.5787125     74.6888733     71.2044220     83.8042450     93.4822540    103.1419449     98.3756714     96.9068680     77.6398773     76.7159271     95.3049850     51.7002449     33.7497482     24.5287361     27.9545898     27.9017544     27.0999603     49.7662163     88.8771515    119.4616470    113.8537216     82.7203140     53.9588928     76.8438110     98.6253204     89.1706696     88.0305481     74.8629456     86.3285370     90.9091873     98.6981964    104.7930145     93.7164459    135.8564606
     82.5391693     77.6665497     81.1762314     68.7644196     77.0729828     94.3633881     96.6214676     91.7087479    109.6838226     79.1392517     74.4089890     66.2362137     36.5300064     28.9736576     33.2355919     37.7002792     31.3348999     27.1157646     51.2641296     73.4336090    104.5985260     98.8392334     81.8667755     62.5751762     63.8933830     85.4905777     78.4724503     90.1460876     77.7906036     80.3666840     86.7262115    103.9138336    109.3192596     95.4765167    141.9268494
     81.4885101     66.8112183     76.8185654     64.9210663     72.3435211     94.1022491     87.1963272     75.5280914     91.5726013     91.5888214     75.2439041     40.5978127     25.3488541     20.0374031     25.5684223     39.9963150     35.3488388     25.0458755     42.5470810     55.5806999     63.7000923     74.1509171     71.5330200     70.7732849     61.3393364     64.9255829     70.3406067     87.2553101     89.2635498     91.8950577     83.9962769     99.0402679    103.3051605     94.7046051    131.9481049
     76.3911819     68.0393677     80.1934433     69.2103348     80.3484955    111.7405243     93.1633759     74.7304535     79.5394058     78.0140991     67.4205170     36.3585091     27.7719479     25.2258358     21.6828575     34.7777557     41.1996918     32.2157135     42.0682106     58.2381706     79.1577301     74.2425079     66.9495697     66.2025986     66.2237091     61.2233696     69.3816223     79.9856720     85.1232147     90.2498550     87.0720062     94.7954865    114.2086334     95.0965652    113.7807236
     79.8143158     69.8554916     77.2733078     63.3138924     72.2238693    109.3160019     97.5134430     77.3937759     83.6575699     69.0616913     54.3861923     35.8311768     24.8409443     28.8385468     21.4177341     24.3197536     36.4647179     33.9296494     50.5540352     94.1895981    125.8849716     84.5337830     58.7339554     49.8541985     58.8168716     65.6441956     65.0692139     89.5947113     96.7236710     81.2420197     82.6300354     88.2529602    111.9296875     99.4096680     99.5752335
     77.3413544     70.2379532     79.6958389     66.0231171     62.6049004     87.9672623     95.5045013     87.4962997    105.1320419     86.2623138     62.4136353     40.4652481     23.9435539     23.7811165     22.2011299     25.2255039     38.2028999     49.2154388     72.2831802    136.5731354    149.9562988     83.2515106     58.2029648     51.6267395     62.3285027     61.0970230     69.7173996     84.0640259     89.2004547     91.0749969     89.5144424     86.2657242    105.9741669     99.6252136     88.3629456
     74.4893723     75.1074982     86.1336594     80.8578415     75.6805191     89.4785690     96.1659393     94.5989761     97.9157333     75.7493744     50.0962448     37.4869232     24.4950466     23.0903072     25.4181232     32.3787270     47.6722717     66.8310471     89.7534103    160.2447510    196.6111755    133.4543762     94.0939026     65.8843765     74.3123474     78.1957779     84.8274307     86.1114731     92.3990631     96.7471008    104.6588287     78.4590378    105.3033905    109.8780518     92.7150421
     79.4121475     78.2199097     85.4758759     82.9865646     92.9564896     98.8924484     84.2285385     84.6762085     78.8622971     63.8143234     48.8626938     42.6953964     27.2383366     24.6341171     27.9589787     37.5711441     56.8772812     67.1053925     88.8074265    173.9875031    244.3819275    199.2574615    133.6395569     95.5553894    111.1046600     95.0128021     91.5946655     98.4544449    102.5577164    102.3563461    111.7459564     89.1068726    109.8657837    114.1222763     95.6505203
     80.9179840     74.3174515     81.9867859     77.6911850     92.9870453     93.6674271     78.8604584     78.9348297     72.4202194     63.9525642     57.5844307     48.8568993     31.9155979     29.5085049     33.6196518     42.3144913     58.2998428     68.3516693     81.2354889    160.3306732    239.2608185    246.6172791    179.6515350    150.8808899    140.4602356    112.0522919     95.6170502    103.0695801    100.0043335    109.0454559    111.0630722     87.3439484    117.8509979    128.3415222     99.6421356
     81.3192215     70.5992279     89.2504730     81.0329742     83.6815033     91.8557663     70.8899612     75.4551697     80.7210541     60.0760994     47.6979446     45.9870872     34.7813950     31.4442043     35.4996300     43.5807190     51.7045822     69.4144592     77.6104126    137.0371399    214.8497314    234.9715576    190.9100952    173.3261108    178.3123169    151.6705780     93.3446121     92.0286407    105.6662827    116.6908112    127.8674774     94.4858856    121.8614044    128.1699524     99.8227158
     76.4711151     67.8516006     85.8308334     77.6375504     75.8044434     78.2676239     64.0289230     65.7138214     76.6848068     50.1303635     37.7264328     45.9695663     46.3703346     37.4002762     34.4949799     39.6028519     47.3090096     56.9378433     72.9511948    113.9586639    166.3174591    197.8638000    143.8716431    130.1848907    141.1817932    115.1363068     93.6914062     97.0311966    103.8266144    127.4238281    127.4670868    104.8389740    130.5381622    120.1887207    106.2925797
     78.7701492     67.8012009     84.2285309     68.5330276     70.9730225     74.7994919     65.2882767     65.0927277     69.3165054     51.2338371     39.6442680     46.4553947     46.3560715     37.2863045     32.1231270     35.9553413     46.3263474     55.0354309     69.9826813     90.2206345    134.9323425    155.1825562    117.6510468    109.3841324    123.9770279    112.2115707     95.2402954    106.2443466    119.3792953    134.6134186    134.6558228    118.3268661    140.3371735    121.5019150    120.9015884
     88.7219086     78.1733398     85.7911224     67.8964996     75.3352661     83.9477310     71.2699509     66.8176346     66.8060608     58.6486931     40.3613052     46.7677460     54.4417915     34.5113297     33.4423904     32.6380692     42.0687294     55.2841301     76.4374237     87.3581161    111.7462311    122.9078217     96.0308533     88.1123352    110.6055527    126.5080338    115.3373795    127.0083008    139.5219421    125.4750977    130.4018860    111.9299316    134.3820953    127.2593842    122.7062378
     94.8545151     75.7559662     83.9825974     68.3636017     74.6480255     82.2983780     62.2711296     58.4950562     59.6518440     51.0632591     49.1073494     58.4538574     57.7132149     36.4068565     34.9617500     33.2542801     41.2756691     56.5529976     81.0488586     98.0440521    116.8250732    135.3106384    105.6797867    104.2060699    117.4134979    128.2879944    134.8697205    152.4442139    145.2631836    128.0279846    127.7282257    108.9474945    123.9280014    131.3726349    122.1441650
    107.4794540     79.5143509     87.8273010     73.6303253     74.0314178     77.0909195     65.2169876     56.9939384     69.1502151     56.8889389     58.4203720     57.1146965     47.1594238     31.7852516     29.0250454     29.9310665     42.2037201     62.7401848     96.3840103    133.1418762    150.7407837    159.4603882    138.1891937    133.7107391    133.9410706    138.0483704    143.5649719    140.6727600    139.6235809    127.9523926    132.3036194    111.1001587    116.7048492    127.9585724    130.4254150
    102.4353867     76.0513763     87.7081833     70.9389801     72.4531937     67.6561737     55.0381088     48.2221298     52.2560310     43.6293106     53.6841316     46.0237465     40.2107201     33.7083206     26.4580803     24.8022194     39.9115219     62.3583984     99.4845428    159.9040985    198.1829834    209.1046143    162.5537720    164.0966492    159.4012146    152.9192200    123.8896942    112.2158585    135.3728027    138.5434265    131.2740784    108.8419418    115.8024292    124.1935577    134.3225403
     91.3717422     68.4382553     84.0517731     66.7756119     75.6894989     60.4709854     42.3795509     43.7127571     56.1955070     63.4187088     56.5361748     44.3954773     38.3558693     38.2452087     24.2470131     23.3188992     33.9523773     49.5686646     98.2014084    181.6231537    253.7490234    262.1743164    196.1092072    166.4697876    166.7590027    140.3916321    112.7479401    118.5898285    134.0514984    123.4527130    118.1535873    100.7644958    106.4932022    118.1949692    133.7156067
     90.7930832     74.1106339     86.1002960     76.4229813     86.1020889     64.5746613     45.9570160     58.3836365     93.0716934    123.3350601     80.6040039     48.6229897     36.6409492     35.2327728     22.5322189     20.9665909     29.5871696     46.9331818     99.0742340    184.4470520    275.5662231    307.3464355    201.1305542    140.9198608    143.4993439    134.7495880    128.0677643    135.7923279    117.6899567    108.9260483    104.2952499    102.4126358     93.4421158    101.7663116    123.7791138
     86.2145920     74.4025803     90.9175262     78.6840973     82.7479706     63.6730347     49.3501892     53.0060120     93.6718216    109.0279388     86.3556061     53.0939636     38.8577957     28.3339653     20.4489956     20.8341217     25.9885349     47.3077927     90.3419037    172.6725311    281.5911560    302.8693237    172.3585663    104.2036285    127.4397583    130.5272064    129.6454163    130.1622772    110.6948013    103.0331650    105.8288116    104.1724472     97.6699829     99.7976074    122.2365341
     86.1257172     75.0022354    107.2302399     75.9864960     81.6824799     75.2746201     56.5639343     56.0961494    113.3525162    137.7563782     86.9558411     52.6237106     42.2607002     27.6984501     23.2181492     20.7958679     24.1384106     38.1126022     77.9983978    165.9691010    269.2843933    282.4381714    161.1571350    100.9174194    110.5366364    112.0939484    115.1016998    136.4176331    118.9732285    106.1361923     96.5258636    107.1452637    101.9654541    104.9781494    122.3078232
     80.7275391     69.1743317    110.8443985     72.9661102     85.7983093     98.0332489     52.7823868     74.1152725    155.9472351    149.2904816     86.7766571     54.4138870     39.1599693     32.4456329     26.9239616     22.1367283     23.3998680     32.6576767     63.0498848    139.6235657    220.7266388    216.9271545    127.9277344     82.2463455     97.6340103    107.2969131    119.6835098    128.8307800    116.0584335    111.2586670     97.0732574    101.5912323    101.3102264    108.4903793    118.6144867
     78.1605148     70.1512527    104.3601227     78.1898651     82.4750900    103.9357071     55.0855789     91.7945709    130.6864777     98.6928253     58.5942268     48.8248672     45.0464630     36.5760078     28.2168179     22.8875465     22.4535332     27.2563782     51.6148148    120.5001984    167.9063110    155.8123932     98.5372314     76.4514999     85.4616013    114.5556641    112.7883148    109.0500259    123.7438736    125.3400269     99.9570923     99.2485886    102.1173248    102.1950836    122.3914948
     77.2034683     68.7530060     94.6030579     81.8496628     68.2294769     95.2206573     50.1561356     98.5364304    103.8036880     84.8463058     45.3369331     43.8520699     48.8514938     33.9384232     26.0760002     22.4388084     21.3072891     22.8863621     46.4152336    103.3329086    132.3557281    121.8489227    103.8368149     73.0096207     68.9019012     97.8368149    101.1603241     99.9395294    119.4072113    121.2802734    101.5140533    103.1041412    108.2717667    104.4661102    127.4495392
     73.4012985     65.8571320     87.9126663     73.1812439     62.9791145     79.8158951     51.4190140     78.5360336     95.4748611     81.9402466     50.6319885     45.0709267     44.2522278     32.6763382     24.1989326     21.7381668     20.4763985     25.1442223     43.0479813     66.8023529     82.7136459     85.0230560     98.2868958     71.1964264     47.2153702     69.2488174     80.3790436     95.6411819    116.9224091    108.4397736    103.9624252    106.5363998    113.7657242    109.9347763    122.8565903
     73.8963089     64.2179413     84.2218552     61.1286201     52.6893234     64.1277618     49.4872704     63.2295723     84.7390900     85.1996002     57.9412842     44.9033241     37.6711655     37.0385246     27.9101219     22.0291481     24.5117760     30.5302944     36.2427444     52.2070808     61.2588501     71.3865509     99.4663544     80.0181808     43.4638939     56.6402664     93.9632568    109.9531479    114.7075806    111.3326263    115.7007294    115.2154770    120.0422745    105.2500381    126.2126846
     72.0369644     61.8317986     77.6720581     60.2086105     43.8296089     58.5797615     44.4550209     40.1806107     61.2614937     88.0450134     64.3107224     46.1877174     48.4727020     45.0826492     28.5628662     22.4217491     24.4722309     31.5263634     41.5338249     61.5424004     80.0421677     84.8174362    100.8253021     85.5401230     50.7455406     63.0805054     80.2979507    103.7917099     97.6802750    106.6615753    119.5416718    119.3451538    112.2935410    108.1600952    127.2787094
     67.5077667     65.9680252     80.0401154     72.0297775     58.6964417     61.2963562     56.0496941     42.8804207     45.7239571     67.8154907     58.0954056     55.8662300     57.1627884     42.4771194     27.5928230     25.4856911     26.9678898     35.4018211     48.9906693     71.9664383     96.4261017    118.9248810    103.5387115     83.1940308     53.4127617     58.9432793     74.5366440    124.1142960    110.7519684    104.1030731    106.2336426    111.3531036    112.9626465    109.3972321    119.1608124
     73.4885788     66.5467682     81.8607025     74.8652344     76.5456085     68.2865143     73.1906891     66.9062729     50.1856308     55.1820602     56.3353577     57.9702873     56.0902901     35.7892990     26.1715965     27.7948360     30.5181980     37.3512802     53.6987419     82.6835175    111.9232941    124.3441925    123.7685776     85.3232880     74.5632553     61.0010490     82.5764923    125.6904907    124.5570526    112.6145859    103.7704239    108.2566376    117.4237213    115.3712006    123.0562744
     65.5180283     59.3692627     72.9651031     69.8764954     86.0423737     73.4979477     79.7240448     82.2719498     67.8734131     70.9257507     70.6923370     69.1916962     58.1886368     29.7166481     21.0123634     26.0299435     31.0898628     37.6616249     59.9287605    102.2328644    134.6007996    142.5249023    124.7748032     77.8828583     73.1363983     67.7438660     90.7182846    112.9830704    125.9780273    114.7055206    101.1813736    101.4217682    111.1744843    108.1799545    122.3702774
     69.4165878     62.1129684     75.8433380     66.1284332     87.6244507     77.2269440     70.2719955     62.8592758     60.0792923     70.3628082     70.7256546     66.4001312     48.0964432     25.1574497     20.1310101     25.5915394     33.6345749     44.7269669     67.6617889    112.4524155    158.1567688    192.2359924    139.0844421    114.0358276     83.7188263     76.3278351    109.6029434    122.7640991    124.7394409    113.6311798     97.1583633     98.4496613    110.5971832     99.1133423    118.7333984
     73.5112152     62.3998184     71.9839706     64.4874191     76.1422043     72.1083527     64.9792862     56.7551689     52.9273567     50.1584969     62.0860672     57.9573898     47.2753220     27.2562160     21.2769985     25.7939453     37.1530876     53.2751274     76.7800751    118.7724457    166.5369415    214.7096710    156.3437195    134.9831238     92.8442841     93.4052048    130.1988831    136.2659149    120.8139038    112.5710831     97.4298401    103.0371933    109.7688370     99.5869293    120.6043930
     71.9438934     57.9709396     68.5746460     67.2934799     81.4136963     73.7245636     72.5528717     69.5927353     63.0586624     57.0055923     59.4434586     49.7654381     40.1203461     25.9361153     21.9742794     26.1809731     40.0188980     62.1265488     87.7913589    118.0671539    181.7059021    252.5752411    209.0476990    161.4013824    106.7977448    114.1539307    134.2297668    142.7664185    112.9259415    107.3426666     98.4666443     93.2532806     98.2474823     94.2843628    111.3944931
     68.7101593     65.2119141     79.3496399     63.2967758     81.1547623     69.4453430     64.0383911     62.5727463     62.1714172     61.2883682     55.1466675     53.8548965     39.1033211     22.9648819     19.3343887     23.8868351     38.0170326     68.6357574    104.4942169    136.8648376    221.6770782    333.9186707    301.8359985    213.5245667    147.9237976    140.3131104    142.4315186    141.0619202    102.4324188    114.5383759    109.1501083     96.0289841     92.4536591     90.5642776    104.3059845
     66.9653473     69.1265793     85.0129623     65.8532639     86.8639374     72.1164169     60.2624207     66.4312515     65.0242462     58.3549080     48.3150406     48.1660576     42.1673508     23.5433998     18.5735474     23.1629028     37.2553978     67.8152313    113.7194595    172.9883423    308.5162964    421.9458008    423.8828125    306.2395630    189.8314362    169.3552704    161.6387939    137.2163696    121.5128403    111.1493301    102.5188828    100.8164520    101.1872253     87.7504120    106.6132660
     68.8869781     67.5492249     83.3837204     67.7703400     77.9825821     74.7381134     71.1524658     75.1389084     60.4136734     56.9926567     50.9454994     42.7430305     37.5327835     23.4321747     19.9614182     23.4926929     35.0716095     61.8977051    105.1297989    185.5340271    338.1059875    446.6123657    458.5432129    336.2044067    216.6740723    202.6059570    165.4399719    123.9419098    117.8798447    107.3287354     97.7976608    103.2748642    110.8058090     96.6815720    108.2631378
     72.4720001     75.3823853     89.6793594     69.1057587     79.0232773     87.2276993     91.8334503     76.8902740     66.4263458     53.9363823     53.0367317     33.2741127     33.1613541     22.8614330     20.9307499     24.9778881     33.0489883     50.3947868     88.7223434    174.7900696    299.7025452    338.2416992    304.1226196    273.4794006    206.4859619    184.9087830    138.9872742     93.5714874    114.6500244    104.2407608    100.1430740     99.8582306    120.7525177    115.3428726    110.5608673
     71.6004944     78.9207306     87.3873138     71.1313248     77.3363876     78.9464188     82.0595398     82.9011765     70.9753571     60.2567253     48.6160927     32.6906815     26.1261139     20.6109810     22.4072247     27.6205788     33.4355965     46.5992165     68.2238083    137.7716980    255.3715515    234.9853516    205.7666473    197.8980713    173.2077637    172.2246857    125.7382660     95.6002350    109.7748184    106.5743790     98.3435059     98.7325745    121.6454468    109.8083267    113.8699951
     71.1256790     79.4929581     80.6734924     75.2264938     77.0160141     78.6814117     77.4087448     78.3131866     74.6697922     74.6544418     44.2463722     30.0535088     24.1346550     21.2831669     24.3112202     34.7699966     43.1623917     49.2952347     63.4102097     94.1716385    169.4678650    156.8656311    132.4559784    130.4895325    117.7092438    145.9053650    133.3399963     96.5627136    108.6104355    102.6766205     96.8399429     88.9371033    108.1151733    102.5248566    117.2335815
     73.0540848     88.3071899     90.5914154     80.2012177     87.4018860     92.5863495     82.5762329     81.6428680     83.6491852     74.8551331     52.1116028     39.4942513     27.4443970     19.6087551     25.7051735     42.0977554     51.1893082     57.7795029     70.9719315     84.0712509    112.0190582     95.8718338     79.5437927     75.1228790     79.8075027    109.3533173    121.2697906    104.5284195    107.4078217    107.0535660     94.7594070     92.7160263    110.5903702    100.9634323    113.2821655
     73.0905380     81.4677658     86.7644272     78.0131454     85.2666397     86.8161163     77.0738983     82.4423523     93.0193634     72.3576736     50.7941399     34.0502930     27.1353359     22.2393780     27.9694004     53.4120865     61.8396225     68.7448883     83.7551956     95.7592850    105.8333359     79.3633881     63.1754456     51.1803856     70.0456619    102.7019653    126.6771240    105.8505859     90.9801636    110.9478912     99.7625122     92.8189621    108.9935150    107.4108505    115.1426773
      3.0066016      2.5148973      1.9664185      1.6519082      1.6112325      1.4324703      1.3258420      1.4997745      1.4315330      1.0008206      0.8311350      0.9916138      1.1139623      0.8948156      0.0047756     -1.1413440     -1.9906316     -2.6044130     -2.9826901     -3.1195920     -3.1942191     -3.3090336     -3.4945261     -3.7325299     -3.9235103     -4.0172367     -4.0675530     -4.1216540     -4.1808252     -4.2581606     -4.4019337     -4.6099200     -4.6954222     -4.3625050     -3.4973013
      2.9954889      2.4804194      1.8549944      1.4692404      1.5333194      1.4643112      1.2586296      1.3121147      1.2874528      1.0639191      1.1723914      1.4446218      1.4233533      1.1170838      0.2371911     -1.0286111     -1.9926515     -2.6430314     -3.0566733     -3.2264156     -3.3349891     -3.4783206     -3.6520343     -3.8151011     -3.9286940     -3.9973004     -4.0488977     -4.0944676     -4.1433063     -4.2277832     -4.3880181     -4.6023178     -4.6840038     -4.3471656     -3.4851260
      2.9772270      2.4217455      1.7009720      1.1747283      1.3132174      1.5589538      1.4247583      1.2995496      1.2767977      1.3012837      1.6587932      1.8804133      1.4834248      0.8071639     -0.0536053     -1.1436620     -2.1099117     -2.7172735     -3.0687535     -3.2862940     -3.4489512     -3.6123240     -3.7673769     -3.8762219     -3.9330647     -3.9679506     -4.0032210     -4.0361147     -4.0783443     -4.1750321     -4.3543625     -4.5854340     -4.6810527     -4.3397870     -3.4678969
      2.9538805      2.3358896      1.5931967      1.0174304      1.1359901      1.6141729      1.7052394      1.5970922      1.5006621      1.5438870      1.9211036      1.9245381      1.2866732      0.5363066     -0.2025279     -1.0536550     -1.8345467     -2.4001725     -2.8968139     -3.3055248     -3.5661397     -3.7319438     -3.8418140     -3.9105392     -3.9390166     -3.9501016     -3.9629073     -3.9693093     -3.9943995     -4.0997763     -4.3044624     -4.5680437     -4.6924710     -4.3334603     -3.4263120
      2.9265971      2.2735727      1.6576325      1.1992097      1.1793019      1.6035416      1.8737322      1.9360318      1.8364762      1.6581179      1.7181251      1.6002151      1.1380610      0.6485109      0.0736155     -0.7070930     -1.4940549     -2.1810508     -2.8285875     -3.3104887     -3.5747457     -3.7034569     -3.7850201     -3.8741164     -3.9224551     -3.9181147     -3.8898742     -3.8491781     -3.8586299     -3.9851816     -4.2315383     -4.5407629     -4.6997886     -4.3409224     -3.4109080
      2.8991892      2.2490127      1.7986159      1.5174472      1.3510727      1.5420808      1.8523461      2.0696609      2.0688910      1.7458259      1.4647009      1.3462173      1.2041149      0.9501489      0.5014939     -0.2757086     -1.2555715     -2.0869544     -2.6770446     -3.0410383     -3.1555727     -3.1459482     -3.2374175     -3.4943047     -3.7220273     -3.7780576     -3.6989737     -3.6199245     -3.6609428     -3.8388648     -4.1404128     -4.4952312     -4.6822915     -4.3411055     -3.4079385
      2.8755665      2.2406654      1.8695222      1.7281680      1.5530086      1.5477026      1.8350854      2.1308579      2.1507130      1.8573338      1.5662153      1.5210921      1.5569514      1.4484104      1.1325326      0.4831142     -0.4823079     -1.3332666     -1.8732837     -1.9263418     -1.3569303     -1.2303013     -1.9985436     -2.6966314     -3.0553913     -3.2449508     -3.2486799     -3.2564547     -3.4041951     -3.6659899     -4.0347834     -4.4354715     -4.6519418     -4.3307548     -3.3965931
      2.8312817      2.2116592      1.8702747      1.8310354      1.7894592      1.7547868      1.9989784      2.2372065      2.1602457      1.9569348      1.8448298      1.8928167      2.0220652      2.1061230      2.0406537      1.6376680      0.8291668      0.0248300     -0.5456969      0.0449350      2.1763175      2.2726958     -0.3701778     -1.8733907     -2.0007167     -2.2474651     -2.5365396     -2.8004873     -3.1087642     -3.4810414     -3.9254351     -4.3813057     -4.6485028     -4.3464465     -3.4020855
      2.7521641      2.1022179      1.7796799      1.8104882      1.9198408      1.9415183      2.0770929      2.2092123      2.1354353      2.0975478      2.1745560      2.2952144      2.5320990      2.9545777      3.3605020      3.2238662      2.4690509      1.6576601      0.9612090      1.5845788      3.9949512      3.8852520      0.6445596     -0.9386691     -0.8065477     -1.0998867     -1.7389147     -2.3295488     -2.8193760     -3.3109257     -3.8270106     -4.3310423     -4.6517425     -4.3750725     -3.4234760
      2.6617730      1.9581416      1.6653318      1.7651460      1.9252807      1.9060369      1.8796912      1.9655417      2.0953355      2.3368151      2.6212530      2.8626440      3.2785010      4.1966257      5.5551643      6.0473342      4.9333181      3.5238900      2.5264184      2.1932349      2.6415598      2.1998427      0.8107445      0.3774166      0.6790794      0.3970300     -0.6800346     -1.8116252     -2.5546699     -3.1612418     -3.7439981     -4.2693205     -4.6187215     -4.3686571     -3.4168763
      2.5893073      1.8883594      1.6427747      1.7805746      1.8906147      1.7580770      1.6918626      1.8483791      2.1539969      2.6263759      3.1306329      3.5555515      4.1480236      5.3033738      7.2150536      8.3252201      7.2988100      5.4835610      3.8666344      2.6328979      1.8794380      1.4454138      1.4291962      1.7962474      2.4360275      2.3834341      0.7332888     -1.2283645     -2.3314216     -3.0394242     -3.6722579     -4.2105174     -4.5812483     -4.3336000     -3.3637109
      2.5586736      1.8808327      1.6521726      1.7423013      1.7823379      1.6263083      1.6721079      1.9754417      2.3109224      2.8641260      3.5886397      4.1749048      4.7950115      5.7214870      6.9483829      7.7636013      7.5994229      6.5411425      4.8558259      3.3941565      2.4771075      2.1639552      2.3574476      2.7671039      3.6406963      3.8185983      1.8363472     -0.7482695     -2.1782117     -2.9577031     -3.6086812     -4.1605549     -4.5515380     -4.2866125     -3.2980955
      2.5677090      1.8840803      1.6281929      1.6381851      1.6992772      1.7329372      1.9222478      2.2193098      2.4944012      3.1841028      4.2345662      4.9136815      5.3079081      5.8803759      6.4651899      6.7819710      6.7241302      6.1291389      5.4344635      4.6609640      3.3111935      2.4709053      2.4993725      2.7352412      3.4303854      3.6075683      1.8464118     -0.5721928     -2.0344515     -2.8837020     -3.5604084     -4.1285973     -4.5215168     -4.2275681     -3.2377360
      2.5844772      1.8984624      1.5957614      1.5294133      1.6245310      1.8829294      2.2507706      2.5082803      2.8551779      3.7853918      4.8402052      5.2986183      5.4079204      5.8231316      6.4200068      6.5877352      6.0612402      5.2212567      5.0288606      4.9125376      3.6896429      2.5154381      2.1495724      1.9925591      2.1553507      2.0834713      0.8986787     -0.6575975     -1.8387011     -2.7940423     -3.5498428     -4.1465368     -4.5270462     -4.1969833     -3.1986060
      2.6035557      1.9474561      1.5917658      1.4422872      1.4937347      1.7638237      2.1779385      2.5069616      3.1829572      4.2510428      4.6915016      4.5706754      4.6233945      5.1540995      5.7847047      5.7244582      4.9913855      4.1608782      3.7068565      3.4187391      2.7775064      2.1604123      1.8074883      1.4097623      1.1298538      0.7773821      0.0278298     -0.8286349     -1.7748367     -2.7981005     -3.6167104     -4.2285075     -4.5827498     -4.2121329     -3.1851325
      2.6237237      2.0169792      1.6194035      1.3880525      1.3642060      1.4942261      1.7377540      2.1001797      3.0642893      4.1602287      4.1439805      3.6178443      3.6334195      4.1954179      4.6900086      4.4573936      3.7291827      2.9487524      2.2541845      1.7525523      1.4222162      1.2811003      1.2128536      1.0269424      0.8382633      0.5078785     -0.1947947     -1.1054106     -2.0920947     -3.0287089     -3.7808740     -4.3626122     -4.6676292     -4.2483630     -3.1871438
      2.6094801      2.0068011      1.5764155      1.3022898      1.2250332      1.2033554      1.3486069      1.8450772      2.8593180      3.8517339      3.8742690      3.2835202      3.0497100      3.4038551      3.6284821      3.3927319      3.0240293      2.1748767      1.1030798      0.5082542      0.2860798      0.3078575      0.5083030      0.6677721      0.7671829      0.6973304     -0.1112133     -1.5447527     -2.6985195     -3.4030077     -4.0050120     -4.5237541     -4.7645035     -4.2968359     -3.2057612
      2.5543234      1.8739482      1.4459627      1.1986868      1.1224163      1.0626106      1.3007146      2.0051687      2.8745232      3.5783589      3.7691896      3.3809135      2.9452250      2.9465680      2.5695832      1.9534701      2.1766138      1.9314966      0.7367346     -0.0714217     -0.3084078     -0.2660895     -0.0047015      0.3063850      0.5994864      0.7136527     -0.2207648     -2.0367043     -3.2368691     -3.7450607     -4.2413702     -4.6822820     -4.8531914     -4.3515019     -3.2434299
      2.5157657      1.7369738      1.3429836      1.1490533      1.0836457      1.1285925      1.4424474      2.0393102      2.6793599      3.1340044      3.3925605      3.3857296      3.1196923      2.8356698      1.9450762      1.0252861      1.4870883      1.8367064      0.9274202      0.0597560     -0.2821706     -0.4706264     -0.5092068     -0.3097785      0.0741813      0.2474277     -0.6220196     -2.3043585     -3.4805813     -4.0205379     -4.4722724     -4.8217154     -4.9061565     -4.3775387     -3.2797623
      2.5108345      1.6533027      1.2354528      1.0771935      1.0320637      1.1317369      1.3154093      1.5711752      2.0555825      2.5176077      2.7803187      2.9796438      3.1181490      2.8692427      2.1245594      1.6715534      1.7343720      1.5234904      0.7416403      0.0179254     -0.3268205     -0.6633472     -1.0442866     -1.0847374     -0.7704267     -0.6192099     -1.1900799     -2.4394982     -3.6045558     -4.2717738     -4.6803370     -4.9372196     -4.9372830     -4.3829665     -3.3003447
      2.5479209      1.6310008      1.1475400      0.9956715      0.9336218      0.8370917      0.6258025      0.6424942      1.2161171      1.8746142      2.1152122      2.2115400      2.5523832      2.4199512      1.9500384      2.0236619      1.8006800      1.0775599      0.3724730     -0.2715890     -0.7065406     -1.1743728     -1.7392664     -1.8822235     -1.6154121     -1.5341927     -1.9745283     -2.9133110     -3.8966136     -4.5070200     -4.8424501     -5.0182734     -4.9845371     -4.4409633     -3.3466704
      2.6246436      1.6655115      1.1401788      0.9467356      0.7667191      0.2911441     -0.5359840     -0.7729342      0.0485092      1.0424432      1.3837624      1.3386719      1.5344888      1.2397960      0.6778891      1.0442797      1.2200702      0.6718631      0.0372036     -0.7288682     -1.4886174     -2.1456916     -2.6586809     -2.7671814     -2.5796168     -2.5643418     -2.9427211     -3.6090717     -4.2589498     -4.6927576     -4.9513526     -5.0700388     -5.0463214     -4.5477257     -3.4286170
      2.6577084      1.6721908      1.1671519      0.9792377      0.7079774     -0.1153405     -1.5102372     -2.1177619     -1.3234957     -0.0098833      0.7539068      0.8554846      0.9171916      0.3355260     -0.5714351     -0.1671974      0.4587717      0.0928753     -0.6789916     -1.6378036     -2.5554976     -3.1554520     -3.4427989     -3.4853306     -3.4397099     -3.4969900     -3.7403646     -4.1206589     -4.5120039     -4.8185310     -5.0205135     -5.1098847     -5.0848885     -4.6174955     -3.5089204
      2.6582572      1.6915349      1.2499295      1.1420642      0.8814287     -0.0403350     -1.5814886     -2.4544430     -1.9871660     -0.6980729      0.3232738      0.6067231      0.6612633      0.1705566     -0.8898891     -1.0789773     -0.6657041     -0.9533065     -1.7322667     -2.6155865     -3.3153243     -3.6581695     -3.7971139     -3.8281114     -3.8598104     -3.9704998     -4.1666884     -4.4187202     -4.6850410     -4.9115338     -5.0706654     -5.1433597     -5.0760336     -4.6029277     -3.5585158
      2.6920731      1.7737690      1.3659244      1.2589319      0.9910272      0.2915715     -0.8516566     -1.6580290     -1.4642727     -0.5714892      0.1712405      0.3105221      0.1246056     -0.2043671     -1.0435021     -1.8237602     -1.8943720     -2.0511389     -2.5739708     -3.1030846     -3.4617980     -3.6623693     -3.8276749     -3.9502280     -4.0637379     -4.2120481     -4.4002891     -4.6043096     -4.8083515     -4.9826946     -5.1072521     -5.1650405     -5.0421453     -4.5431948     -3.5748100
      2.7250667      1.8439512      1.4641714      1.3307469      1.0497839      0.6227442      0.0136467     -0.4428509     -0.3730762     -0.0101490      0.2711852      0.1561072     -0.3767119     -0.8709261     -1.3980161     -2.0176895     -2.2273037     -2.3204124     -2.6440122     -2.9168162     -3.1309195     -3.4311543     -3.7449534     -3.9890876     -4.1996713     -4.3928604     -4.5624442     -4.7238812     -4.8882666     -5.0300756     -5.1244035     -5.1627660     -4.9953156     -4.4703355     -3.5605044
      2.7347846      1.8847055      1.5574861      1.5048712      1.3201091      0.9896451      0.5802660      0.3964881      0.4488733      0.4834866      0.4457570      0.1493238     -0.4634072     -1.0405351     -1.4448274     -1.7924217     -2.0226066     -2.1776776     -2.3436730     -2.4470222     -2.6216211     -3.0181830     -3.5019965     -3.9121761     -4.2279801     -4.4675164     -4.6429758     -4.7875419     -4.9236064     -5.0412474     -5.1145949     -5.1335125     -4.9271073     -4.3703427     -3.5024512
      2.7668500      1.9381064      1.6038986      1.6042261      1.5495012      1.2886775      0.9250212      0.8341409      0.9083963      0.8797880      0.7218188      0.3041891     -0.3260209     -0.8800406     -1.2733613     -1.6202137     -1.9362679     -2.1309023     -2.1639116     -2.1496584     -2.2365746     -2.5083716     -3.0096049     -3.6055121     -4.0931945     -4.4281178     -4.6423993     -4.7884755     -4.9114084     -5.0113211     -5.0697961     -5.0785069     -4.8414106     -4.2477932     -3.4113026
      2.8210583      1.9878153      1.5786728      1.5321480      1.5264598      1.4142048      1.2163475      1.1837375      1.2333958      1.1813790      1.0542403      0.6689799     -0.0266732     -0.6670364     -1.0884817     -1.4327192     -1.7262223     -1.8987876     -1.9587969     -2.0256891     -2.1087251     -2.1983092     -2.5114739     -3.0983365     -3.7384381     -4.2446151     -4.5477834     -4.7233434     -4.8565035     -4.9438620     -4.9872928     -5.0015430     -4.7495151     -4.1201830     -3.3087611
      2.8649352      2.0218194      1.5433123      1.4346404      1.4318829      1.4499775      1.3944573      1.3424687      1.3180534      1.2685224      1.2638119      1.0537245      0.4434418     -0.2395028     -0.7792730     -1.1710061     -1.4066668     -1.5498086     -1.6709504     -1.8427024     -2.0032201     -2.0842214     -2.2550423     -2.6603637     -3.2803345     -3.9287722     -4.3731766     -4.6121221     -4.7608614     -4.8468795     -4.8889356     -4.9164515     -4.6603808     -4.0158930     -3.2378137
      2.8998306      2.0867589      1.5595994      1.3628281      1.3473442      1.4304218      1.4171321      1.3139930      1.2650664      1.2664839      1.3234444      1.2591271      0.8550852      0.2701750     -0.3009887     -0.7575556     -1.0458418     -1.2286866     -1.3656102     -1.5433537     -1.7728019     -1.9769512     -2.1761928     -2.4301193     -2.8897665     -3.5769393     -4.1608882     -4.4723110     -4.6389394     -4.7404242     -4.7986703     -4.8319769     -4.5742345     -3.9326475     -3.1859729
      2.9657950      2.2286580      1.6352506      1.3167464      1.2779272      1.3793139      1.4089028      1.3815573      1.3978025      1.4116068      1.3938472      1.3434645      1.1121079      0.6959993      0.2305086     -0.2407390     -0.6331750     -0.8807360     -1.0510029     -1.2640179     -1.5579814     -1.8829464     -2.1522512     -2.3087425     -2.5885825     -3.2249687     -3.9006279     -4.2940655     -4.4964480     -4.6234169     -4.7022929     -4.7460294     -4.5001183     -3.8511002     -3.1010256
      3.0254180      2.3386748      1.6735134      1.2916492      1.2628564      1.3693529      1.4741247      1.5828669      1.6324638      1.6166661      1.5604436      1.4924990      1.3636670      1.1148678      0.7976047      0.3559683     -0.1448172     -0.4657742     -0.6845278     -1.0078638     -1.4293978     -1.8206186     -2.0613775     -2.1558924     -2.3633032     -2.9483778     -3.6606519     -4.1154351     -4.3464203     -4.4940963     -4.5944438     -4.6632800     -4.4457903     -3.7909739     -3.0240405
      2.9853795      2.2493179      1.5944574      1.2897863      1.3005519      1.4156591      1.5719932      1.7218444      1.7953475      1.8402027      1.8050880      1.6808301      1.5944798      1.5202429      1.3834947      1.0718653      0.5476566      0.0651112     -0.2733233     -0.6837533     -1.2327275     -1.6508460     -1.8195838     -1.9076419     -2.1926548     -2.8373296     -3.5342987     -3.9668369     -4.2010264     -4.3639321     -4.4927230     -4.5915613     -4.4111862     -3.7718682     -2.9919467
      2.8889713      2.0613236      1.4939597      1.3418150      1.3816644      1.4757005      1.5981774      1.6957128      1.8568202      2.0371473      1.9613997      1.7249771      1.6999549      1.8500992      1.8957999      1.7204202      1.2693440      0.6358576      0.1043345     -0.3454467     -0.8963118     -1.3297324     -1.5095431     -1.6180354     -1.9716684     -2.7002349     -3.4274004     -3.8570008     -4.0754871     -4.2456341     -4.4083319     -4.5314474     -4.3946185     -3.7838800     -2.9804530
      2.7942042      1.9311000      1.4679327      1.4027675      1.4121068      1.3991997      1.3651966      1.3493482      1.5193936      1.7563509      1.7459770      1.6473147      1.8131851      2.1266265      2.2383299      2.0515420      1.5958120      0.9276754      0.3167794     -0.1610521     -0.6389898     -1.0021673     -1.1718946     -1.2548174     -1.5815636     -2.3543947     -3.2179315     -3.7454994     -3.9717407     -4.1594744     -4.3501954     -4.4864006     -4.3882947     -3.8045270     -2.9707162
      2.7252226      1.8977352      1.5299927      1.4418050      1.3397425      1.1129501      0.8049367      0.6458855      0.7414416      0.9961570      1.2411685      1.4936603      1.8756402      2.2598455      2.3723974      2.1151011      1.6006640      1.0133880      0.5243517      0.0669766     -0.3537306     -0.6280617     -0.8095034     -0.8551797     -1.0893075     -1.8906840     -2.8841898     -3.5415077     -3.8728740     -4.1177130     -4.3184271     -4.4558725     -4.3946815     -3.8432190     -2.9781919
      2.6942925      1.9160378      1.6097442      1.4506763      1.1831355      0.7064318     -0.0038475     -0.6361654     -0.9565978     -0.6820371      0.1763944      1.0337508      1.6523156      2.1632724      2.4246445      2.2239051      1.7359412      1.3170794      0.9829510      0.5176451      0.0911861     -0.2035568     -0.5639658     -0.6795196     -0.7370271     -1.4749577     -2.5768499     -3.3647108     -3.8142993     -4.1061220     -4.3027577     -4.4349699     -4.4114356     -3.9024127     -3.0115318
      2.6681254      1.8930119      1.6052014      1.3519771      0.9371763      0.3059455     -0.9639471     -2.5801718     -3.7203166     -3.6227210     -2.0940986     -0.1729390      1.0968654      1.8455288      2.3029809      2.3268342      2.0393786      1.7344433      1.4293207      0.9726680      0.5334055      0.1709865     -0.3467765     -0.6186857     -0.6541975     -1.3485657     -2.4985433     -3.3342564     -3.8083324     -4.0977392     -4.2844462     -4.4123034     -4.4129925     -3.9405439     -3.0415447
      2.6516821      1.8604349      1.5729200      1.2203921      0.7881678      0.0772423     -1.8549515     -4.2942705     -5.7945843     -6.0092154     -4.6635089     -2.0698035      0.1159281      1.2602618      1.8853157      2.1884797      2.1575089      1.8937446      1.6172111      1.2934756      0.8693411      0.4591153     -0.0040396     -0.4604526     -0.9149449     -1.7136304     -2.6764004     -3.3780661     -3.8024170     -4.0672321     -4.2477469     -4.3749056     -4.3839455     -3.9390879     -3.0567412
      2.6546490      1.8569801      1.5605900      1.1456434      0.7533977     -0.1067580     -2.5667577     -5.2096786     -6.4521203     -6.7457433     -6.0010462     -3.6317797     -0.9957231      0.5762714      1.4508733      1.9881154      2.1054046      1.8988800      1.6883044      1.4619396      1.0228615      0.5807956      0.2437270     -0.3773898     -1.3556473     -2.2840767     -2.9713778     -3.4475317     -3.7587652     -3.9919043     -4.1866002     -4.3284583     -4.3464298     -3.9252958     -3.0684724
      2.6541293      1.8424985      1.5329964      1.0952729      0.6016292     -0.4755358     -3.0554163     -5.5235772     -6.5121069     -6.7108150     -6.2416539     -4.3211813     -1.6852461      0.1393385      1.1651330      1.8166494      2.0092254      1.8448800      1.6411641      1.3793583      0.9006897      0.5102445      0.2675291     -0.4557897     -1.6706234     -2.6531928     -3.2125821     -3.5232913     -3.7063971     -3.8945336     -4.1012979     -4.2742386     -4.3239751     -3.9245815     -3.0728183
      2.6453576      1.8137630      1.5056182      1.0980636      0.4455394     -0.7834716     -3.2081363     -5.4895892     -6.3981013     -6.5217457     -5.9885106     -4.1520329     -1.6490865      0.1283961      1.0251496      1.5440452      1.7036099      1.4653552      1.0151954      0.4183110     -0.1007942     -0.1382867     -0.1538859     -0.9337474     -2.1076846     -2.9511633     -3.4058354     -3.6167333     -3.7151010     -3.8386731     -4.0172138     -4.2097864     -4.3004203     -3.9274099     -3.0750942
      2.6379235      1.7742598      1.4731631      1.1918110      0.5626367     -0.6349370     -2.8869083     -5.1936374     -6.1699133     -6.1094041     -5.1810498     -3.1556265     -0.9285714      0.5939467      1.3350103      1.5718980      1.4454905      0.7091635     -0.5209559     -1.5944740     -1.9745877     -1.5403225     -1.2452849     -1.8976401     -2.7985549     -3.3430049     -3.6432016     -3.7867036     -3.8295493     -3.8647354     -3.9705143     -4.1506023     -4.2672763     -3.9284332     -3.0913107
      2.5849326      1.6759541      1.4094697      1.3525134      0.9192551     -0.0865924     -2.0384505     -4.3772988     -5.5718751     -5.3057775     -4.0161204     -2.0206616     -0.0974381      1.2645886      1.9732009      1.9990051      1.4520049     -0.0450442     -2.0823593     -3.2422800     -3.3250062     -2.8328214     -2.5010116     -2.8816407     -3.4348874     -3.7569594     -3.9584565     -4.0514674     -4.0231471     -3.9561977     -3.9700620     -4.1061702     -4.2368155     -3.9356880     -3.1107337
      2.4072375      1.5618373      1.4451016      1.5909457      1.3770943      0.6205134     -0.8367215     -2.7967603     -4.1325502     -4.0495515     -2.9134126     -1.2137991      0.5331668      1.7567956      2.2539403      2.0909848      1.3646086     -0.2851664     -2.3951352     -3.5107691     -3.5994737     -3.4032810     -3.3261774     -3.5822289     -3.9251256     -4.1615806     -4.3147626     -4.3414226     -4.2244205     -4.0696354     -4.0047107     -4.0847039     -4.2196045     -3.9514341     -3.1259484
      2.2759233      1.6099237      1.6454253      1.8433504      1.7689552      1.2658274      0.3433571     -0.9444951     -2.0869079     -2.3091552     -1.6711380     -0.4445614      0.9958877      1.8842359      2.0214872      1.7264560      1.1255751     -0.0835234     -1.7225180     -2.8717959     -3.3137684     -3.4996188     -3.7107627     -4.0193620     -4.3217564     -4.5295653     -4.6275420     -4.5814667     -4.3964210     -4.1828737     -4.0620193     -4.0934114     -4.2225399     -3.9755719     -3.1452990
      2.4057655      1.8004113      1.7512280      1.8730010      1.8692143      1.6090982      1.1376435      0.3854094     -0.3888716     -0.5695726     -0.2233101      0.4578875      1.2873559      1.7057779      1.6236645      1.3204006      0.7933282     -0.0739848     -1.0996088     -2.0383210     -2.8486569     -3.4678555     -3.9153111     -4.3070350     -4.6220584     -4.8001599     -4.8429270     -4.7500601     -4.5324154     -4.2883763     -4.1302218     -4.1222496     -4.2408800     -4.0042024     -3.1656420
      2.6291540      1.9317912      1.6354523      1.6831285      1.8410246      1.8161498      1.5504669      1.0621624      0.5556120      0.4558791      0.7126426      1.0811169      1.4300724      1.5571146      1.4488995      1.1135912      0.4983926     -0.1476880     -0.7126234     -1.5389426     -2.6083834     -3.4889433     -4.0718536     -4.4935279     -4.7824569     -4.9191689     -4.9329877     -4.8348956     -4.6177082     -4.3664732     -4.1929197     -4.1629782     -4.2722330     -4.0483398     -3.2075427
      2.7553244      1.9830698      1.4897250      1.4789809      1.7925445      1.9019537      1.6371722      1.2582823      0.9115196      0.7566324      0.9131415      1.2264688      1.4784865      1.6071773      1.5998704      1.2839067      0.6723917      0.1229881     -0.5174656     -1.6051308     -2.7587323     -3.5912259     -4.1571469     -4.5408301     -4.7824845     -4.9059973     -4.9279327     -4.8426971     -4.6400509     -4.4042759     -4.2421389     -4.2111096     -4.3101983     -4.1041751     -3.2768183
      2.7875943      1.9833854      1.4038547      1.3065943      1.5851843      1.6841362      1.4397881      1.2293479      1.0686258      0.9193097      1.0254943      1.3501158      1.6455491      1.8191410      1.8866502      1.7147613      1.1013633      0.1878458     -0.8838371     -2.0784175     -3.0592749     -3.6940992     -4.1466141     -4.4578156     -4.6695156     -4.8206744     -4.8704247     -4.7897205     -4.6095014     -4.4183803     -4.2871318     -4.2613592     -4.3483009     -4.1506944     -3.3335910
      2.7849267      1.9974920      1.4023809      1.1602817      1.2850357      1.3372891      1.2131802      1.2668623      1.3314768      1.2582455      1.3680515      1.6853013      1.9273957      1.9923970      1.9837370      1.7640691      0.8592099     -0.5350640     -1.7178063     -2.5801718     -3.2254326     -3.6837554     -4.0461860     -4.3130703     -4.5245423     -4.7005138     -4.7583809     -4.6779289     -4.5392423     -4.4140577     -4.3260412     -4.3134146     -4.3923306     -4.1972814     -3.3825672
      2.7904329      2.1518350      1.5965849      1.1199973      1.0400633      1.0713286      1.1242657      1.4031885      1.6208104      1.5696393      1.6371540      1.9636781      2.1203146      1.9977396      1.7834297      1.1668587     -0.1896506     -1.5886258     -2.3465791     -2.6586175     -2.7976975     -2.9536889     -3.3464644     -3.8909070     -4.3151631     -4.5225358     -4.5593481     -4.5004911     -4.4330964     -4.3841486     -4.3516989     -4.3699203     -4.4459252     -4.2515516     -3.4409437
      2.7987788      2.3496609      1.8815594      1.2378978      1.0026580      0.9967960      1.1242089      1.4948525      1.7520362      1.6889707      1.6477684      1.8863810      2.0643759      1.9592524      1.5533404      0.4795313     -1.1066536     -2.2136376     -2.5283823     -2.2820847     -1.6404469     -1.0966644     -1.4296572     -2.7193706     -3.8753586     -4.2595468     -4.2797852     -4.2806530     -4.3058782     -4.3333898     -4.3611903     -4.4205012     -4.5012360     -4.3030663     -3.4921470
      2.8282568      2.4538012      2.0362585      1.4033227      1.1806967      1.1876417      1.2421910      1.4198711      1.5197765      1.5145507      1.4636911      1.5164943      1.7099938      1.8043950      1.3425752      0.0200592     -1.4874153     -2.3350356     -2.5099649     -1.9742144     -0.7689676      0.4646042      0.4755717     -1.3419839     -3.2915499     -3.9602656     -4.0159507     -4.0944085     -4.1862068     -4.2649183     -4.3497925     -4.4565182     -4.5502667     -4.3458052     -3.5284843
      2.8963890      2.5168726      2.0892413      1.5266070      1.4066426      1.5309932      1.4610302      1.2546211      1.1181973      1.1836756      1.2322574      1.1970166      1.3120918      1.4533278      0.9774825     -0.3696205     -1.7181215     -2.3838952     -2.5200381     -2.0590079     -0.9817501      0.2137503      0.4325032     -1.0587575     -2.8962328     -3.6658430     -3.8342402     -3.9770234     -4.0901752     -4.1922159     -4.3306446     -4.4879885     -4.5897560     -4.3721828     -3.5490727
      2.9695141      2.5623965      2.0791392      1.5571702      1.5190874      1.7486916      1.6004083      1.1987547      1.0235533      1.0802310      1.1041181      1.0686533      1.0561607      0.8905632      0.2342125     -0.9384498     -2.0278614     -2.5466592     -2.5998454     -2.2835627     -1.6766558     -1.0806001     -1.0167563     -1.7789159     -2.7699094     -3.3495338     -3.6547368     -3.8835225     -4.0221987     -4.1446238     -4.3209686     -4.5110250     -4.6128721     -4.3769464     -3.5472794
      3.0183918      2.5810630      2.0257890      1.5264131      1.5360671      1.8014646      1.7281626      1.4281619      1.2820404      1.1892923      1.0864885      1.1045916      0.9580593      0.3016012     -0.6559761     -1.6231717     -2.3888390     -2.7453384     -2.7261312     -2.4931085     -2.2180526     -2.0742652     -2.2014916     -2.5834620     -2.9718592     -3.2529893     -3.5493810     -3.8249922     -3.9958656     -4.1411095     -4.3268042     -4.5267577     -4.6316915     -4.3757372     -3.5342035
      3.0403388      2.5922418      2.0300817      1.5861225      1.5747931      1.7470840      1.7955027      1.7391001      1.5738775      1.2296747      1.0107300      1.1081406      0.9610285      0.1190374     -0.9919072     -1.9099803     -2.5637126     -2.8693371     -2.8732893     -2.7462461     -2.6294935     -2.6453574     -2.8509121     -3.1944072     -3.4598060     -3.5772426     -3.7174742     -3.8961999     -4.0421247     -4.1796455     -4.3488584     -4.5562181     -4.6652999     -4.3854728     -3.5345929
      3.0276237      2.5635431      2.0337276      1.6777935      1.6094787      1.5696627      1.5962559      1.7262697      1.5993435      1.1110606      0.8255412      0.9452695      0.9592737      0.3983548     -0.6198776     -1.5895332     -2.3287823     -2.7899101     -2.9580138     -2.9694586     -2.9626894     -3.0429776     -3.2531533     -3.5675468     -3.8229907     -3.9221423     -3.9709980     -4.0478520     -4.1376171     -4.2357926     -4.3821158     -4.5927196     -4.6936669     -4.3849125     -3.5269265
