FILE FORMAT:
lat   [deg] (size = (35))
lon   [deg] (size = (60))
cprec [cm]  (size = (60,35))
topo  [km]  (size = (60,35))
    -85.0000000    -80.0000000    -75.0000000    -70.0000000    -65.0000000    -60.0000000    -55.0000000    -50.0000000    -45.0000000    -40.0000000    -35.0000000    -30.0000000    -25.0000000    -20.0000000    -15.0000000    -10.0000000     -5.0000000      0.0000000      5.0000000     10.0000000     15.0000000     20.0000000     25.0000000     30.0000000     35.0000000     40.0000000     45.0000000     50.0000000     55.0000000     60.0000000     65.0000000     70.0000000     75.0000000     80.0000000     85.0000000
   -174.0000000   -168.0000000   -162.0000000   -156.0000000   -150.0000000   -144.0000000   -138.0000000   -132.0000000   -126.0000000   -120.0000000   -114.0000000   -108.0000000   -102.0000000    -96.0000000    -90.0000000    -84.0000000    -78.0000000    -72.0000000    -66.0000000    -60.0000000    -54.0000000    -48.0000000    -42.0000000    -36.0000000    -30.0000000    -24.0000000    -18.0000000    -12.0000000     -6.0000000      0.0000000      6.0000000     12.0000000     18.0000000     24.0000000     30.0000000     36.0000000     42.0000000     48.0000000     54.0000000     60.0000000     66.0000000     72.0000000     78.0000000     84.0000000     90.0000000     96.0000000    102.0000000    108.0000000    114.0000000    120.0000000    126.0000000    132.0000000    138.0000000    144.0000000    150.0000000    156.0000000    162.0000000    168.0000000    174.0000000    180.0000000
    245.8339844    197.7907410    276.7257080    152.8191223    199.4540405    138.9302673     39.7920990     66.5350494     81.2440948     16.5589390     11.0295162     23.2764702     28.8240757    146.1570892    132.0769501     69.4690170    147.1542358    124.9047852     86.7144470    163.2054749    291.3885803    506.4562988    619.8900146    397.1804199    352.1548767    288.3272095    198.0635223    175.2134552    181.8166656    161.6431274    206.2618713    238.7739258    266.3330688    245.2842102    546.0399780
    251.0638123    257.5709229    337.5061646    113.8721466    248.8302765    178.4756012     39.2112350     93.8393860    110.5273590     14.1843777     24.1846657     86.5460968     41.9359322    150.6142120    230.7018127     44.8186798     82.9603271    112.6470108     89.2915726    165.0573425    338.5250244    712.3077393   1178.8956299    764.5357666    517.8731689    477.1333618    257.2611694    187.2648315    220.4861145    188.4086761    210.6648407    270.1651001    295.2376709    257.1347656    563.6895752
    247.8966370    251.9956818    433.6359253     97.8759308    197.0090637    250.7548523     50.4237022     69.7686920     91.9863205     16.3065872     31.2279968     99.9213409     34.2545776     51.4663506     89.1617737     33.5783005     28.1743431     76.1138229     77.6849213    141.0656281    424.6643982   1063.2977295   1647.5172119    862.2096558    673.0418701    453.9543457    249.1239471    195.2243347    211.1483917    197.9204865    256.0503235    364.5620422    324.5727539    271.2860413    580.4496460
    285.2876587    199.7790070    299.0910034     52.2558289    161.9275665    273.7626953     67.1308670     82.3084030    108.5088959     18.0611992     93.8081055     85.4419098     27.4825935     42.5351906     77.9588165     56.6554756     88.5603027    248.0233917    135.5530701    100.1982422    370.6443481   1266.7004395   2066.6848145    942.0621948    561.0484009    399.7176514    224.4349060    200.1314087    205.2330017    183.0912170    215.6623230    383.3969116    374.8415833    320.9869385    685.8895264
    352.6681519    175.7263947    295.5471802    158.7379456    167.0682068    264.2154846    102.3765182    123.9617310    152.1898041     24.7006340     67.9515915     59.4173584     35.6077766    110.7295074    214.5277557    128.1747589    112.4840469    222.1407928    129.6454163    104.1446991    347.4465637    955.8112183   1638.4101562    777.6195068    591.3726196    467.7746582    288.8757324    236.3492432    195.5681458    197.1372223    223.6620178    386.2503052    362.1581421    314.3982239    695.0675659
    371.4971008    175.7693939    379.4260864    366.5474243    207.0638885    247.0024109    153.1692200    131.4525146    161.8326263     40.2356606     25.6101379     25.4124241     33.4546051     66.6261749    119.0906601     76.5856094     60.6541748    105.4345245    126.9985352    122.6092529    293.7556458    593.2356567    707.4020996    700.4411621    692.6429443    645.6383057    502.1708984    328.5674438    217.1383057    316.2471924    336.2814636    359.8560486    310.9091797    314.5337830    702.0172729
    340.9947815    195.5726471    252.9894714    344.5166016    254.1266632    184.9664764    141.1698914    129.9493256    125.5596695     54.3969727     40.2228127     51.5499268     55.2252617     70.3998260    130.6916962    119.0295029     71.8181381    181.2090759    215.0166473    165.2059937    420.8637085    570.2391357    365.7140503    492.0634766    666.9958496    586.2189331    557.9951172    410.9108276    299.4199219    505.6705933    370.9297485    336.2274780    334.3256226    343.2625427    761.9423828
    282.3923950    260.0628662    295.8480530    409.9880981    362.6784668    191.8935089    164.2351227    145.2329559    100.0733795     46.1520844     50.0349884     57.8924332     52.9033623     66.3412018    204.0310974    367.2364807    100.3288651    204.0134125    232.6516876    223.7580261   1467.7004395   1935.2493896    329.6593933    209.7807312    805.2011108    521.3540039    585.3021851    418.7889709    407.8822937    549.7510376    278.5364075    329.9831848    359.1798706    327.5084534    797.3165283
    265.9183044    222.6855774    327.7263184    376.7855225    391.3594360    224.6934052    201.4725189    218.2445984     92.1325684     55.5506477     53.9687500     46.5734138     33.6784973     31.7533875     71.2669449     86.7882309     35.3210258    176.6713867    177.7156677    175.9562378   1612.7073975   2533.8317871    277.8468628    247.0683289    809.9832764    733.6331787    595.6996460    405.3495483    574.6902466    510.7208862    279.1513062    286.4741211    287.4057312    295.3330383    770.5276489
    327.4016113    165.3185120    218.9794464    254.3590546    277.1740417    165.1922607    138.0945282    144.7021637     73.2314148     49.2373734     44.9800644     34.1886215     44.8393021     41.9005470     95.7630997    125.6437988     44.0905418     99.8817902    170.7866821     78.0275879    143.4492645    253.0795441    161.4112854    320.2748413   1037.4123535   1536.2375488    873.4838867    427.9212341    677.8503418    530.9029541    276.3541565    317.1308594    313.9023438    307.0411682    775.7899780
    300.9161987    192.7027283    220.0964661    303.8209534    336.8106079    168.0089569    146.2059937    123.5852509     64.2821884     53.5318375     67.5349121     47.9613800     63.1063004     30.4898529    103.4836426    310.1007080     77.3938675     77.7465744    123.9351425    125.9192123     97.9118729    160.8549805    269.6150208    469.2374573   1988.0798340   3315.3461914   1146.6479492    432.3322144    710.9426880    583.0113525    333.0526428    369.2902527    354.3309326    308.0669861    892.8350830
    280.3658447    178.1273193    230.7057343    231.0240936    262.2968140    128.7126160    124.1012726    199.7086029     88.4792709     56.9746628     37.7220383     16.8774757     15.7887897     11.8377399     27.0079441     63.4455338     33.3312378     69.2948456     42.9717407    125.6549911    166.1149292    345.1138611    670.2373657    448.8128967   1703.9743652   2429.8625488   1194.1900635    575.4713745    740.9634399    549.1039429    328.9729919    396.1399536    321.1023560    297.8173218    899.8001709
    375.0315857    155.1701355    228.2424316    174.2437286    238.7339172    146.7160187    125.1674957    159.0828552     57.0018692     38.9895363     19.8256798     14.8655596     12.6973438     20.9034691     31.6658173     30.5657005     48.1451416     26.5419502     40.0378876    351.0885315     62.9069214     77.1936874    301.8926392    266.9302979    743.7936401   1315.7343750    904.5603638    505.9591675    668.6565552    443.3224487    306.3531494    404.6929626    301.4356079    307.3227234    942.8907471
    413.0958557    156.8711853    284.4371948    186.9023743    244.6406708    180.4068298    163.9006805    131.7547150     53.6879578     41.2676964     70.7905731     73.8823395     43.2120628     58.4771118    131.2996216     73.9024887     80.7978592     61.7378044     44.6261024    400.1892700    182.8627167    111.2079468    285.8637695    143.3526611    585.8941650   1308.9818115    711.4538574    477.7063599    557.0721436    333.1323547    285.9904175    449.3813477    287.9069824    332.0366821    941.7708130
    346.2788391    174.5700378    220.4643555    144.8919373    191.9715424    130.2430573    161.7996979    114.8123016     54.1856384    100.4878693     41.5821648     22.4802437     19.0963402     21.3512249     38.7653732     21.4226761     46.5703697     66.5494156     26.9451027     41.4136848     72.7143173    139.1825256    345.2278442    177.7159576    440.5262756    830.2980347    700.4762573    520.7805786    586.0753174    358.6350098    275.5752563    387.9888000    264.5592041    295.6723022    924.0975342
    344.4483032    282.3522034    289.2199402    145.1807556    205.7492981    131.0184021    166.8183441     77.7181168     44.2697220    127.0951920     23.3281136      9.9613485     11.9529123     18.9868526     34.9753456     11.7994328     33.6810303     58.7170334     47.9673042    119.8485489    131.4919586    131.6172333    131.5922546    154.9331818    404.9858093    898.0432739    932.2423706    481.2717896    515.7962646    392.3839722    225.3409882    299.7824402    241.7201691    269.4100342    951.1325073
    370.1885681    435.8961792    401.7116394    143.7993469    197.3326263    120.6642227     95.5787582     57.5892525     44.6005135     94.9078751     23.4177723     15.3771229      6.5413995     15.5527477    107.6324921     31.7785645    166.7281647    122.3165054     39.7903214    108.0347672    186.4595032    129.4777832    108.1332169    129.8669891    267.7159424    872.5256958   1335.4434814    505.1786194    293.9332886    342.2648926    182.1568604    225.6488342    224.0299072    228.1948242    995.3275146
    369.8679810    254.0162811    248.1117706     96.8927689    180.5892792    108.4868546     80.0847168    102.1605377     70.4459686     75.7002106     38.9152603     38.5070076      6.2917762     50.9774437    235.7548523     39.6184883    221.5484619    214.4090118     54.5529861     78.6940231    156.1686859    163.7403564    159.1967010    236.8689728    421.5819397   1128.9479980   1484.2454834    464.6367188    221.9255371    320.9244080    126.6165390    203.6994476    212.0405579    182.3638611    994.6173706
    524.3334961    226.4220886    418.5960388    163.6894989    212.8710175    147.4136200    102.4774628     76.9064789    100.9847031     71.5953827     30.6695366     43.1362953      8.6223259     46.5739822     50.9126205     10.9363995     39.3306885    192.3456726    100.5489960    188.8864136    419.8246155    212.8009796     90.6323624    150.9344788    645.0814209   1479.0368652   1436.2352295    500.3577576    161.3553467    201.3958893    113.2924805    228.6290741    205.9198761    162.0983887    757.4219971
    513.1145630    226.1253204    308.4653320    144.1232910    133.6873932    136.7480927    101.1914368     43.8319626     77.9473114     62.8973618     23.4623528     12.5360413     22.9517612     76.8276520     21.5651627    116.4721527    211.8314972     68.4012375     68.9426575     92.9531021    238.8870087    288.2065735     86.1667480    147.6428375    720.3693848   1496.6710205   1441.0163574    587.2179565    160.6220093    165.7849274    106.9775238    187.5668945    222.7604980    188.7989807    756.1895752
    408.5327148    196.8219604    216.2383270    156.2207336    135.0753326    175.9329376     96.4705505     38.8852959     97.7227325     92.5317459     51.7346802     10.7613134     81.9024506    159.6152039     16.3312550    154.7208862    117.4738770     29.3364983    103.3544159    133.2769165    303.1907043    483.6052246    110.8521729    186.0573425    914.1043091   1488.1240234   1054.5871582    297.8477478    101.7833405    150.3559875    115.2342529    170.2048035    209.4267273    177.6259766    759.2550049
    675.0739746    281.9875793    396.5095825    231.7320251    165.8220520    270.3663940    114.2740936     70.6473007    179.9512024    124.9481049     69.0212250      7.0832000     21.2996044     77.1163330      9.5653639     51.6375809     77.1974945     41.1360359    167.3851013    230.4401550    343.5604248    420.7079468    100.6056137    115.3985825    450.9112244    882.0213013    506.5961914    169.9054565     93.9006348    131.8497162    125.8291168    190.3906097    203.9808655    126.3245468    870.9194336
    687.6268921    230.5453644    319.7375793    190.2001495    137.4610291    181.1726685     85.8020020     55.6981201    144.9648438    106.4823227    112.2327499      6.6904626     19.6481056     58.5664139     14.5302229     89.5654449    292.6263123     75.3789825    130.6010437    191.4622345    245.0981140    333.3013611    124.9942474     99.3972321    195.5669403    369.2492065    196.8962708    164.9778137    104.0719604    127.6306610    129.6916199    166.6747894    188.8921509    107.3646088    902.0652466
    484.4894104    202.3832703    375.6064758    292.4215698    207.2402344    180.3486786     67.4871979     51.5917892     87.2577133     53.5305557     77.6766434      9.0893688     43.1314354    251.9439697     36.4410629     89.8178177    428.4584045    128.6983490    135.7316589    171.4416504    243.2137146    417.4948730    186.3915253    148.0904388    239.9945526    254.8318634    138.3558655    117.4906769     81.8833160     96.1605682    135.1045685    182.7798615    216.7244568    135.4972229    743.9743652
    560.0302734    256.9112549    517.6212158    446.8504944    292.7217407    213.7209167     62.9315491     45.2746506     72.6978912     62.2861824     31.0576382      5.3325648      8.1288195    108.3622208    101.6206741     22.1262016     47.3249474     58.8172913     64.2177200    151.3112335    291.3446045    481.7290039    239.4095917    208.9829407    232.5543213    192.6811981    101.3557816    114.5958099    108.4877548    110.0466766    129.0660095    182.4272614    246.7522736    210.4935608    654.5428467
    596.2176514    274.3066711    458.2142029    401.5902710    230.9127960    176.4376373     79.9158630     42.8153152    117.7456818     67.0828552     36.8691483     35.2215805      6.2566333     22.3469944     37.9303246     17.8575249     56.7073174    163.2893372     99.1394653    186.7947540    307.8320007    402.0801392    250.1007843    221.1122589    305.4648132    225.4584198     80.4104538    122.5695190    131.3673401    118.2336044    149.3992767    150.1363220    239.2116241    231.5511780    602.8416138
    484.8185425    237.3487549    523.8163452    454.5635681    266.4878845    188.6123810     63.0709610     47.0004349    113.1135101     50.6374779     28.2825260     59.3007202     13.3861437     21.8650246     79.7202682     84.6752777    138.6789246    170.7045593    128.2487030    158.0998840    273.5029602    442.6378479    379.4512024    269.6418152    523.8437500    374.6797485     86.1531677    105.7033463    108.4506378     84.2656708    173.6152954    141.1255341    267.0387878    296.6652222    645.8709717
    519.8665161    250.1973572    556.4019775    489.4325562    338.2011108    246.8192139     51.1514893     36.5673447     83.5540619     56.4173965     44.6274452     63.5693283     27.3762856     42.6889725    108.4170151     46.8032799     27.0523281     34.4450836     73.2079010    140.5925751    254.9953613    552.3214722    628.5220947    385.1038818    590.2094116    540.1942749     82.6495819     95.3300018    122.1789703    102.0967102    191.6352997    145.6715546    274.8406372    308.4595337    657.5449829
    554.1345215    267.3903198    442.7868042    358.3009949    275.0772095    217.6439667     50.5936852     64.6964264    123.7219238     67.9522705     65.0810776    101.4236298     41.3992195     40.5806427     89.0195694     81.3315277     59.4459114     72.6162033    118.5648651    142.8911438    179.6893616    434.0995178    683.3594360    507.4822388    704.4387207    594.4209595    135.4275665    127.4999161    133.5599060    132.2026062    253.8785095    171.2256622    276.5243835    319.8883667    702.0991821
    696.1548462    296.2677307    407.1698608    343.8105164    241.4035187    205.2090607     79.8606491    102.8480835    129.1431580     67.7805862     62.7746277     94.5634689     82.1733398     86.8564987     98.0636139     57.5801582     79.0674362     97.2572098    157.4730835    152.9062347    145.0314636    291.8411865    478.9949646    471.1480103    740.6812744    650.5488892    180.6355896    151.6423187    137.3277893    141.9176331    252.5764618    182.5217285    267.0598450    356.3302307    747.6182251
    616.8607788    296.3374329    356.4052124    305.7315674    213.5383759    210.0370331     81.8764954     61.0898323     63.6491814     39.1798782     39.2698059     85.5586548     92.8540497    133.5360413    157.1258698     88.7570724     76.5114441     83.4464874    163.9948425    196.2825623    151.5745850    250.7071228    296.9677124    407.2403259    749.4669800    570.0673218    181.0932922    138.1395569    116.9123383    107.7649918    259.8151245    178.8292236    251.7111511    404.3900452    670.7399292
    502.3153687    288.3298340    348.4613647    239.2383575    174.1625977    165.5123444     72.4876175     48.3281631     73.4375687     48.8486099     43.5523491     69.0173035     80.8727722    102.3218536    142.2571106    135.7940521     94.2241974    101.5198898    143.6358948    185.9754944    185.1157227    245.4207458    223.2305145    345.0153809    739.0645752    582.4844971    248.0174255    215.9359131    147.2946320    109.5748291    263.2129211    191.7968750    272.1880493    474.2231445    714.2718506
    527.9493408    438.5678101    391.5585327    232.0637207    189.1357117    148.4825745     78.5480881     90.0786438     90.9965973     53.7091179     31.9620361     42.7543716     87.2713928     80.7475815    122.6717911    132.8861084     72.4135742     90.3315659    151.3287048    173.2254639    176.8247681    246.7657776    352.1215820    439.7399902    727.8255615    837.9387817    352.5101929    268.8886108    267.0967712    181.9189758    309.3984680    209.5052948    272.5023499    457.8528442    758.9822998
    419.4927368    360.7567749    271.7097168    196.2231598    165.0916748    125.9654083     72.7660141     79.9218292     64.2317963     26.0658455     33.7245712     50.9031982    117.2895279     99.0493393    106.4993439    150.1304169     91.2653198     90.9111176    135.6139221    176.3853760    138.9707336    225.4324951    418.7296448    501.7520142    732.3335571    845.0279541    337.8103943    208.9109192    207.7368164    202.2666473    313.5598145    227.5950623    292.0354614    435.7971191    729.4106445
    475.8785095    237.9364471    236.4861755    244.5359802    183.0643158    119.5848236     92.5900497     90.5147247     96.8012924     93.0256500     82.7108307     39.7095795     67.3932037     87.0623550     76.7518768    133.3779449    182.4135132    140.1604919    153.3438721    248.5450897    186.6403809    267.6779175    385.6243286    526.5056152    897.8378906    679.8840332    281.2355957    206.5887756    216.0307312    205.1802673    285.0107117    238.7709198    324.8016968    491.1914673    721.2982178
    527.6016846    190.1716766    250.0647278    262.4650269    169.4465637    111.9111328     98.5452728     53.9612427     36.2946091     42.1535835     50.7268448     43.1925087     54.1224861     89.0182037     84.0723267    100.6189728    163.7156677    125.2935333    157.1938629    162.3750000    133.6518402    219.7379456    358.9058838    633.6451416   1348.3172607    822.0348511    327.8888245    180.7421570    206.3333740    200.6072388    263.1448059    287.4003906    388.4485779    493.3764648    742.6481934
    361.7993469    155.7086487    293.9420471    185.5912628    100.3014374     85.4152679     54.0356026     31.5103874     16.8719749     14.0376616     34.3807068     55.2433853     68.2962875     75.0271149     53.0458069     56.6600151     74.2986298     74.4645538    133.6732330    124.9913483    106.3668365    248.1761780    366.4558411    799.7537231   1777.8157959    966.9013672    422.4867249    266.3854980    233.6866760    197.3503418    222.0963135    343.9858093    385.2151489    430.5871582    833.2965698
    385.0855713    172.5182343    451.1785278    195.0255890    130.8312531    127.1732635     45.9154320     65.9738159     83.4822311     39.4433517     92.8096085     96.4113922     45.3714256     44.0516968     68.8607941     77.3207855     71.7500534     88.8667603    213.9350891    165.7413635    143.4116058    398.4454956    330.0578918    825.2902222   1870.8085938   1082.8062744    536.3674316    345.6093140    272.8442993    220.9154968    203.4069061    426.1520996    356.1744995    373.0684814    821.6235352
    353.6038208    164.2566071    321.2103577    155.1208496     91.2619171    115.3948364     47.2381592     77.2837906     69.6316223     39.3848267    105.6698151    183.5215759     52.7813110     34.7349892     94.8795624    105.5386124    119.0977936    138.1208801    205.0139923    158.9513550    143.0051575    396.8071594    242.1036072    580.2821045   1623.4412842    936.4066162    540.8770752    361.3023376    223.3414001    198.3995361    242.4807129    444.9095764    322.1431580    315.6051941    831.4735107
    390.9721069    148.4574280    368.4158325    117.7093048     86.1145172    147.0280304     82.5603485     78.2009735     58.1443787     28.7376804     42.3381119    115.3613052     72.9361115     20.9155006     37.6759758     43.2065506     79.7427521     78.9777374    117.5055695    189.3626099    196.1788177    407.3993835    323.6640320    533.4291992    968.7879639    711.4573975    567.9652100    342.8436279    189.2548523    192.5369415    246.6407928    401.4983826    253.6734314    303.4128113    858.1876831
    503.0482788    156.0246124    661.7899170    142.1709290    183.1647186    194.1634979    110.0701447     61.2966003     93.1483154     48.9556656     60.7868843     75.9633636    112.2104034     13.4969606     20.5350971     38.8528595     57.3183098     71.8488083    103.3558197    183.4526672    204.8063965    253.6450195    284.3661499    470.7916565    530.9456787    726.5477295    505.4877319    278.5471497    226.2846375    177.8005219    236.5168457    383.1242676    279.6684265    282.3207703    678.5391235
    564.6508179    160.8704987    556.5333252    162.9834290    224.5940399    235.4052429    100.2068024     34.9150009     48.4452133     44.5171661     38.8095551     52.8738213    128.7850037     24.3573551     38.1396103    116.7073517    131.7867737    121.5754395    118.9349213    263.8155823    266.6378784    288.4589539    410.7479553    556.4318237    794.6141968    960.6282959    427.8516235    229.4165802    265.2472229    202.6056213    229.1300964    367.5921021    281.8445740    276.2546997    654.5261230
    612.9244995    147.5735168    423.6637268    200.9245300    171.0178070    211.5918274     92.6545029     31.3257504     50.0892525     30.8100834     10.0786724     38.9354630     56.6509209     25.4277344     19.9721413     51.4715500    101.6937408    146.1778870    176.3087463    422.0019531    339.8695068    455.2222290    708.5706177    511.7957153    821.9788208    748.4259033    285.8409729    194.3997345    218.4667511    215.5354309    237.8376007    391.3435669    278.4196777    270.6462708    777.2135010
    507.0554199    132.4887390    502.7494202    270.6770630    190.1071472    194.8394470    108.4727020     38.1745834     71.4248123     24.6554756      8.2873259     97.1317596     71.1976318     33.2155762     34.6792488     41.6753922    105.7266388    203.5730896    168.3027649    220.6947479    264.3779297    452.4430542    672.9117432    372.4872437    603.6362305    509.9999084    195.2712097    197.3964691    209.0323944    227.7202606    256.3072815    312.2655945    306.0222778    264.1881714    706.9732056
   1022.2022705    146.7791901    461.4226685    404.1475220    231.6728821    168.4964447    158.2866211     43.2638664     67.0814133     39.4758377     21.7578354     78.8671722     62.6449585     87.5949173    212.5865021    159.1926575    251.3870087    276.8772583    139.3265533    224.3916016    318.1789246    391.8008118    549.4968262    348.5053406    459.0315552    316.1196899    168.1401672    146.3700714    192.1753387    220.6077881    241.3398132    319.2932434    310.3648376    276.3797913    634.4016724
   1199.9562988    111.2500610    391.5828857    433.3121643    227.6539307    140.8133545    127.1645050     48.4184608     46.2218018     31.6829987     15.8442335     36.9124069     73.4704742    113.7048569    172.9811096    122.0309830    200.7657623    347.8895264    275.2564087    367.2212219    494.0874939    436.7152710    548.0069580    306.2731018    286.7370911    228.6584167    161.9969177    125.6220932    190.7048035    174.3684998    174.6364899    318.0636902    331.4750671    290.3899841    695.4652100
    340.1603394    119.9286041    576.7838135    495.3498535    303.9027710    190.7109375    135.0222778     87.2204742     34.7129440     21.3579216     13.9327984     26.0368996     88.7162018     95.2898407     66.2042389     61.5795212    175.2653809    399.4266052    446.3060913    383.8867798    399.5729980    415.1366272    548.3677368    293.5809021    236.7877197    216.4767303    220.7153320    154.4499817    142.4692078    162.4681702    153.8169098    307.4008484    336.5367432    266.2119141    635.7503662
    351.0195923    189.4805298    579.8345337    433.5980530    275.3724060    171.0211792    126.2739029     86.3567963     27.3272362     24.5766392     44.2136841     32.6552544     80.0539856     55.6016846     30.5062656     72.8787079    150.7811584    187.9164124    261.4961853    415.7095337    467.0142212    489.2403870    603.1882324    296.1445618    234.0228577    223.9277649    200.8418732    125.7691803    129.0690002    147.2525330    134.6945648    302.1701965    365.9159546    225.4416046    671.7573853
    379.1799927    180.1054382    300.9784546    273.6475220    250.2335205    157.9234924    136.2388458    113.8642426     37.9936523     48.9243698     64.7841797     48.2012215    119.5155411     74.2033386     45.9921112     98.7837067     70.8943634    102.8483047    219.5199738    341.2993774    520.1687012    713.9856567    725.8404541    407.3666992    348.0340271    246.4613342    146.1872253    106.0120468    134.1740417    151.8341370    123.8728485    275.8973083    374.5873108    194.0099640    784.6351318
    348.3954773    160.6478119    232.2130890    198.2177582    302.0886841    230.6741486    160.9037323    134.4264679     62.7418900     34.2817726     31.8293114     37.7293243     78.9781723     75.2089615     93.3401337    127.4257812     79.5010071    128.3317566    235.1617126    216.4256897    434.4097290    904.1947021    956.4378052    532.2969971    433.3546753    283.3856506    136.7834778    113.1410522    112.7433853    152.9443817    145.7530060    262.7022400    358.8557434    172.8894958    552.8355713
    365.6102905    187.2889099    299.7689514    159.6202087    199.8099976    183.7634583    117.9117889     97.2438736     68.4494171     19.5317535     20.1984348     35.3167496     65.2290802     62.4516182    104.8021088    181.2724915    126.8371964    116.1353989    169.1076202    149.5605164    462.1367798   1274.9372559   1484.0235596    703.7207031    600.1603394    331.1101685    137.0961456    105.5728531    115.4495010    151.0794678    152.7813568    220.9094238    313.9618530    176.9275818    515.1909790
    377.8568726    149.3305664    221.2484894    132.8897247    168.8394012    162.6530914     90.1395340    103.0346451     83.4597321     26.0611610     38.2091064     62.2839127     74.3667145     54.6372757     96.2107849    228.9390106    131.4051819     71.3162003     92.9263840    115.4957275    339.8651733   1249.0028076   2066.0163574    868.4367065    698.5236206    449.7152710    133.6189880     84.6384735    109.3395386    169.0731201    147.8574219    230.9967041    338.5635986    169.8467255    516.3978882
    407.1582336    170.5166473    321.8251953    100.6975250    154.1243744    142.3726501    101.3271027    119.3380127     67.8554764     24.9809875     24.1331367     79.0543060     61.2347641     30.0941620     61.3346939    125.5515289     56.8555794     52.6903572    119.5065460    100.0540695    171.2696991    616.3310547   1251.0371094   1007.8560791    800.2874756    527.3668213    159.0812836     95.5963898    102.8775864    169.5488129    152.2926941    223.5786438    318.8786926    183.7972107    440.1279297
    326.3663025    261.0853882    701.2967529    113.3942413    168.7571106    137.3149109    109.3072128    140.2101746    107.5723114     37.4686890     19.2735786     78.3309174     62.9487381     42.0327148     87.0526886    109.8247528     37.1691742     62.1701546    128.0856781    129.1108856    275.6464844    854.7009888   1447.3978271   1402.4002686   1141.0815430    580.6099854    209.4480286    109.2621613    135.3759613    164.3883362    149.4545441    228.6264191    302.8890686    201.6630707    442.1174316
    268.7736206    230.1330872    479.5346069    141.9097595    208.8190918    137.7586365     96.7368011    130.5746765     90.3414459     49.2510033     22.2151718     28.9527531     23.9643097     33.9449043    113.9556503    106.8539658     39.4444160    116.2341919     96.5454254    136.9980927    299.3342590    627.4926147   1586.1242676   1897.1267090   1526.1282959    785.3353271    303.9078674    120.9752350    177.0537109    172.8242645    154.9993591    250.6758575    381.8682251    202.6187744    456.6908264
    274.7292480    235.4767151    471.9744263    153.9844818    221.2944336    238.4378662    133.5391388     98.1978760     33.7470856     24.6911335     28.4179649     19.3393440     15.8086071     39.4749870    146.0928040     68.6427460     29.3417149     72.2181244     66.4045792     77.4430084    162.6578827    327.1481323    748.0562744   1227.0897217   1119.0495605    733.9644775    289.5075989    157.8008881    187.3695221    182.5178528    184.2412567    256.5678406    362.2870789    182.2744751    435.7293396
    299.2359009    245.8663635    657.6356812    229.7815399    201.6531830    291.4454346    104.3602524     74.9441833     28.7683258     25.6064968     18.5873642     21.4351082     25.2928638     56.3158951    146.1442871     72.2409058     35.3875465     42.9062042     70.6702728     96.6710205    139.8444824    258.7009277    357.7555847    493.9422302    902.8900146    710.5554810    316.3721313    215.6296692    212.8493958    194.4023438    208.6396484    222.2053528    309.2055054    185.8511658    422.6337891
    278.4984131    211.8395081    365.9640503    158.9098206    177.1916809    202.1599274     93.5447006     45.1104012     36.7710800     38.4989853     11.5041590     26.4333687     44.3845901     38.4023476     53.8331223     68.6146393     45.5776634     48.4716415     84.8123016    140.8897400    226.3107452    389.9439392    498.1663208    390.0599976    572.9443359    549.8132935    371.6698608    241.2950439    210.3955536    209.9737091    194.7834778    243.3632355    322.9417725    208.9734802    451.8997192
    286.0732727    267.3742676    419.7382202    172.3119812    212.7420654    224.5071716    111.5920868     64.0916214     63.2980423     42.0521164     13.3862438     50.1950493     97.3678741     63.8259354     49.9587479     64.8063812     37.8682899     44.6270523     72.6982880    138.8866730    226.8329315    402.1846313    472.2508240    293.2532349    242.2412109    255.1128387    205.3266144    234.6672821    202.9889832    190.9358063    224.3669739    245.7860107    286.7048035    214.1927490    434.0551758
    268.0402222    234.4621582    420.8942871    205.5339661    222.2154846    155.1461029     64.8331909     65.7946472     86.3158340     23.6286850      8.2054129     28.9318390     56.8061943    110.7998428     90.9637146     97.0136871     90.0384903     58.3793030     72.8638306    151.2812042    241.9898224    379.9004517    439.6513062    322.1449585    221.6205139    183.4761963    130.7917023    152.9437561    174.0012360    159.2813568    220.3823242    229.7494202    247.9122620    212.4627686    453.3431702
      3.0066016      2.5148973      1.9664185      1.6519082      1.6112325      1.4324703      1.3258420      1.4997745      1.4315330      1.0008206      0.8311350      0.9916138      1.1139623      0.8948156      0.0047756     -1.1413440     -1.9906316     -2.6044130     -2.9826901     -3.1195920     -3.1942191     -3.3090336     -3.4945261     -3.7325299     -3.9235103     -4.0172367     -4.0675530     -4.1216540     -4.1808252     -4.2581606     -4.4019337     -4.6099200     -4.6954222     -4.3625050     -3.4973013
      2.9954889      2.4804194      1.8549944      1.4692404      1.5333194      1.4643112      1.2586296      1.3121147      1.2874528      1.0639191      1.1723914      1.4446218      1.4233533      1.1170838      0.2371911     -1.0286111     -1.9926515     -2.6430314     -3.0566733     -3.2264156     -3.3349891     -3.4783206     -3.6520343     -3.8151011     -3.9286940     -3.9973004     -4.0488977     -4.0944676     -4.1433063     -4.2277832     -4.3880181     -4.6023178     -4.6840038     -4.3471656     -3.4851260
      2.9772270      2.4217455      1.7009720      1.1747283      1.3132174      1.5589538      1.4247583      1.2995496      1.2767977      1.3012837      1.6587932      1.8804133      1.4834248      0.8071639     -0.0536053     -1.1436620     -2.1099117     -2.7172735     -3.0687535     -3.2862940     -3.4489512     -3.6123240     -3.7673769     -3.8762219     -3.9330647     -3.9679506     -4.0032210     -4.0361147     -4.0783443     -4.1750321     -4.3543625     -4.5854340     -4.6810527     -4.3397870     -3.4678969
      2.9538805      2.3358896      1.5931967      1.0174304      1.1359901      1.6141729      1.7052394      1.5970922      1.5006621      1.5438870      1.9211036      1.9245381      1.2866732      0.5363066     -0.2025279     -1.0536550     -1.8345467     -2.4001725     -2.8968139     -3.3055248     -3.5661397     -3.7319438     -3.8418140     -3.9105392     -3.9390166     -3.9501016     -3.9629073     -3.9693093     -3.9943995     -4.0997763     -4.3044624     -4.5680437     -4.6924710     -4.3334603     -3.4263120
      2.9265971      2.2735727      1.6576325      1.1992097      1.1793019      1.6035416      1.8737322      1.9360318      1.8364762      1.6581179      1.7181251      1.6002151      1.1380610      0.6485109      0.0736155     -0.7070930     -1.4940549     -2.1810508     -2.8285875     -3.3104887     -3.5747457     -3.7034569     -3.7850201     -3.8741164     -3.9224551     -3.9181147     -3.8898742     -3.8491781     -3.8586299     -3.9851816     -4.2315383     -4.5407629     -4.6997886     -4.3409224     -3.4109080
      2.8991892      2.2490127      1.7986159      1.5174472      1.3510727      1.5420808      1.8523461      2.0696609      2.0688910      1.7458259      1.4647009      1.3462173      1.2041149      0.9501489      0.5014939     -0.2757086     -1.2555715     -2.0869544     -2.6770446     -3.0410383     -3.1555727     -3.1459482     -3.2374175     -3.4943047     -3.7220273     -3.7780576     -3.6989737     -3.6199245     -3.6609428     -3.8388648     -4.1404128     -4.4952312     -4.6822915     -4.3411055     -3.4079385
      2.8755665      2.2406654      1.8695222      1.7281680      1.5530086      1.5477026      1.8350854      2.1308579      2.1507130      1.8573338      1.5662153      1.5210921      1.5569514      1.4484104      1.1325326      0.4831142     -0.4823079     -1.3332666     -1.8732837     -1.9263418     -1.3569303     -1.2303013     -1.9985436     -2.6966314     -3.0553913     -3.2449508     -3.2486799     -3.2564547     -3.4041951     -3.6659899     -4.0347834     -4.4354715     -4.6519418     -4.3307548     -3.3965931
      2.8312817      2.2116592      1.8702747      1.8310354      1.7894592      1.7547868      1.9989784      2.2372065      2.1602457      1.9569348      1.8448298      1.8928167      2.0220652      2.1061230      2.0406537      1.6376680      0.8291668      0.0248300     -0.5456969      0.0449350      2.1763175      2.2726958     -0.3701778     -1.8733907     -2.0007167     -2.2474651     -2.5365396     -2.8004873     -3.1087642     -3.4810414     -3.9254351     -4.3813057     -4.6485028     -4.3464465     -3.4020855
      2.7521641      2.1022179      1.7796799      1.8104882      1.9198408      1.9415183      2.0770929      2.2092123      2.1354353      2.0975478      2.1745560      2.2952144      2.5320990      2.9545777      3.3605020      3.2238662      2.4690509      1.6576601      0.9612090      1.5845788      3.9949512      3.8852520      0.6445596     -0.9386691     -0.8065477     -1.0998867     -1.7389147     -2.3295488     -2.8193760     -3.3109257     -3.8270106     -4.3310423     -4.6517425     -4.3750725     -3.4234760
      2.6617730      1.9581416      1.6653318      1.7651460      1.9252807      1.9060369      1.8796912      1.9655417      2.0953355      2.3368151      2.6212530      2.8626440      3.2785010      4.1966257      5.5551643      6.0473342      4.9333181      3.5238900      2.5264184      2.1932349      2.6415598      2.1998427      0.8107445      0.3774166      0.6790794      0.3970300     -0.6800346     -1.8116252     -2.5546699     -3.1612418     -3.7439981     -4.2693205     -4.6187215     -4.3686571     -3.4168763
      2.5893073      1.8883594      1.6427747      1.7805746      1.8906147      1.7580770      1.6918626      1.8483791      2.1539969      2.6263759      3.1306329      3.5555515      4.1480236      5.3033738      7.2150536      8.3252201      7.2988100      5.4835610      3.8666344      2.6328979      1.8794380      1.4454138      1.4291962      1.7962474      2.4360275      2.3834341      0.7332888     -1.2283645     -2.3314216     -3.0394242     -3.6722579     -4.2105174     -4.5812483     -4.3336000     -3.3637109
      2.5586736      1.8808327      1.6521726      1.7423013      1.7823379      1.6263083      1.6721079      1.9754417      2.3109224      2.8641260      3.5886397      4.1749048      4.7950115      5.7214870      6.9483829      7.7636013      7.5994229      6.5411425      4.8558259      3.3941565      2.4771075      2.1639552      2.3574476      2.7671039      3.6406963      3.8185983      1.8363472     -0.7482695     -2.1782117     -2.9577031     -3.6086812     -4.1605549     -4.5515380     -4.2866125     -3.2980955
      2.5677090      1.8840803      1.6281929      1.6381851      1.6992772      1.7329372      1.9222478      2.2193098      2.4944012      3.1841028      4.2345662      4.9136815      5.3079081      5.8803759      6.4651899      6.7819710      6.7241302      6.1291389      5.4344635      4.6609640      3.3111935      2.4709053      2.4993725      2.7352412      3.4303854      3.6075683      1.8464118     -0.5721928     -2.0344515     -2.8837020     -3.5604084     -4.1285973     -4.5215168     -4.2275681     -3.2377360
      2.5844772      1.8984624      1.5957614      1.5294133      1.6245310      1.8829294      2.2507706      2.5082803      2.8551779      3.7853918      4.8402052      5.2986183      5.4079204      5.8231316      6.4200068      6.5877352      6.0612402      5.2212567      5.0288606      4.9125376      3.6896429      2.5154381      2.1495724      1.9925591      2.1553507      2.0834713      0.8986787     -0.6575975     -1.8387011     -2.7940423     -3.5498428     -4.1465368     -4.5270462     -4.1969833     -3.1986060
      2.6035557      1.9474561      1.5917658      1.4422872      1.4937347      1.7638237      2.1779385      2.5069616      3.1829572      4.2510428      4.6915016      4.5706754      4.6233945      5.1540995      5.7847047      5.7244582      4.9913855      4.1608782      3.7068565      3.4187391      2.7775064      2.1604123      1.8074883      1.4097623      1.1298538      0.7773821      0.0278298     -0.8286349     -1.7748367     -2.7981005     -3.6167104     -4.2285075     -4.5827498     -4.2121329     -3.1851325
      2.6237237      2.0169792      1.6194035      1.3880525      1.3642060      1.4942261      1.7377540      2.1001797      3.0642893      4.1602287      4.1439805      3.6178443      3.6334195      4.1954179      4.6900086      4.4573936      3.7291827      2.9487524      2.2541845      1.7525523      1.4222162      1.2811003      1.2128536      1.0269424      0.8382633      0.5078785     -0.1947947     -1.1054106     -2.0920947     -3.0287089     -3.7808740     -4.3626122     -4.6676292     -4.2483630     -3.1871438
      2.6094801      2.0068011      1.5764155      1.3022898      1.2250332      1.2033554      1.3486069      1.8450772      2.8593180      3.8517339      3.8742690      3.2835202      3.0497100      3.4038551      3.6284821      3.3927319      3.0240293      2.1748767      1.1030798      0.5082542      0.2860798      0.3078575      0.5083030      0.6677721      0.7671829      0.6973304     -0.1112133     -1.5447527     -2.6985195     -3.4030077     -4.0050120     -4.5237541     -4.7645035     -4.2968359     -3.2057612
      2.5543234      1.8739482      1.4459627      1.1986868      1.1224163      1.0626106      1.3007146      2.0051687      2.8745232      3.5783589      3.7691896      3.3809135      2.9452250      2.9465680      2.5695832      1.9534701      2.1766138      1.9314966      0.7367346     -0.0714217     -0.3084078     -0.2660895     -0.0047015      0.3063850      0.5994864      0.7136527     -0.2207648     -2.0367043     -3.2368691     -3.7450607     -4.2413702     -4.6822820     -4.8531914     -4.3515019     -3.2434299
      2.5157657      1.7369738      1.3429836      1.1490533      1.0836457      1.1285925      1.4424474      2.0393102      2.6793599      3.1340044      3.3925605      3.3857296      3.1196923      2.8356698      1.9450762      1.0252861      1.4870883      1.8367064      0.9274202      0.0597560     -0.2821706     -0.4706264     -0.5092068     -0.3097785      0.0741813      0.2474277     -0.6220196     -2.3043585     -3.4805813     -4.0205379     -4.4722724     -4.8217154     -4.9061565     -4.3775387     -3.2797623
      2.5108345      1.6533027      1.2354528      1.0771935      1.0320637      1.1317369      1.3154093      1.5711752      2.0555825      2.5176077      2.7803187      2.9796438      3.1181490      2.8692427      2.1245594      1.6715534      1.7343720      1.5234904      0.7416403      0.0179254     -0.3268205     -0.6633472     -1.0442866     -1.0847374     -0.7704267     -0.6192099     -1.1900799     -2.4394982     -3.6045558     -4.2717738     -4.6803370     -4.9372196     -4.9372830     -4.3829665     -3.3003447
      2.5479209      1.6310008      1.1475400      0.9956715      0.9336218      0.8370917      0.6258025      0.6424942      1.2161171      1.8746142      2.1152122      2.2115400      2.5523832      2.4199512      1.9500384      2.0236619      1.8006800      1.0775599      0.3724730     -0.2715890     -0.7065406     -1.1743728     -1.7392664     -1.8822235     -1.6154121     -1.5341927     -1.9745283     -2.9133110     -3.8966136     -4.5070200     -4.8424501     -5.0182734     -4.9845371     -4.4409633     -3.3466704
      2.6246436      1.6655115      1.1401788      0.9467356      0.7667191      0.2911441     -0.5359840     -0.7729342      0.0485092      1.0424432      1.3837624      1.3386719      1.5344888      1.2397960      0.6778891      1.0442797      1.2200702      0.6718631      0.0372036     -0.7288682     -1.4886174     -2.1456916     -2.6586809     -2.7671814     -2.5796168     -2.5643418     -2.9427211     -3.6090717     -4.2589498     -4.6927576     -4.9513526     -5.0700388     -5.0463214     -4.5477257     -3.4286170
      2.6577084      1.6721908      1.1671519      0.9792377      0.7079774     -0.1153405     -1.5102372     -2.1177619     -1.3234957     -0.0098833      0.7539068      0.8554846      0.9171916      0.3355260     -0.5714351     -0.1671974      0.4587717      0.0928753     -0.6789916     -1.6378036     -2.5554976     -3.1554520     -3.4427989     -3.4853306     -3.4397099     -3.4969900     -3.7403646     -4.1206589     -4.5120039     -4.8185310     -5.0205135     -5.1098847     -5.0848885     -4.6174955     -3.5089204
      2.6582572      1.6915349      1.2499295      1.1420642      0.8814287     -0.0403350     -1.5814886     -2.4544430     -1.9871660     -0.6980729      0.3232738      0.6067231      0.6612633      0.1705566     -0.8898891     -1.0789773     -0.6657041     -0.9533065     -1.7322667     -2.6155865     -3.3153243     -3.6581695     -3.7971139     -3.8281114     -3.8598104     -3.9704998     -4.1666884     -4.4187202     -4.6850410     -4.9115338     -5.0706654     -5.1433597     -5.0760336     -4.6029277     -3.5585158
      2.6920731      1.7737690      1.3659244      1.2589319      0.9910272      0.2915715     -0.8516566     -1.6580290     -1.4642727     -0.5714892      0.1712405      0.3105221      0.1246056     -0.2043671     -1.0435021     -1.8237602     -1.8943720     -2.0511389     -2.5739708     -3.1030846     -3.4617980     -3.6623693     -3.8276749     -3.9502280     -4.0637379     -4.2120481     -4.4002891     -4.6043096     -4.8083515     -4.9826946     -5.1072521     -5.1650405     -5.0421453     -4.5431948     -3.5748100
      2.7250667      1.8439512      1.4641714      1.3307469      1.0497839      0.6227442      0.0136467     -0.4428509     -0.3730762     -0.0101490      0.2711852      0.1561072     -0.3767119     -0.8709261     -1.3980161     -2.0176895     -2.2273037     -2.3204124     -2.6440122     -2.9168162     -3.1309195     -3.4311543     -3.7449534     -3.9890876     -4.1996713     -4.3928604     -4.5624442     -4.7238812     -4.8882666     -5.0300756     -5.1244035     -5.1627660     -4.9953156     -4.4703355     -3.5605044
      2.7347846      1.8847055      1.5574861      1.5048712      1.3201091      0.9896451      0.5802660      0.3964881      0.4488733      0.4834866      0.4457570      0.1493238     -0.4634072     -1.0405351     -1.4448274     -1.7924217     -2.0226066     -2.1776776     -2.3436730     -2.4470222     -2.6216211     -3.0181830     -3.5019965     -3.9121761     -4.2279801     -4.4675164     -4.6429758     -4.7875419     -4.9236064     -5.0412474     -5.1145949     -5.1335125     -4.9271073     -4.3703427     -3.5024512
      2.7668500      1.9381064      1.6038986      1.6042261      1.5495012      1.2886775      0.9250212      0.8341409      0.9083963      0.8797880      0.7218188      0.3041891     -0.3260209     -0.8800406     -1.2733613     -1.6202137     -1.9362679     -2.1309023     -2.1639116     -2.1496584     -2.2365746     -2.5083716     -3.0096049     -3.6055121     -4.0931945     -4.4281178     -4.6423993     -4.7884755     -4.9114084     -5.0113211     -5.0697961     -5.0785069     -4.8414106     -4.2477932     -3.4113026
      2.8210583      1.9878153      1.5786728      1.5321480      1.5264598      1.4142048      1.2163475      1.1837375      1.2333958      1.1813790      1.0542403      0.6689799     -0.0266732     -0.6670364     -1.0884817     -1.4327192     -1.7262223     -1.8987876     -1.9587969     -2.0256891     -2.1087251     -2.1983092     -2.5114739     -3.0983365     -3.7384381     -4.2446151     -4.5477834     -4.7233434     -4.8565035     -4.9438620     -4.9872928     -5.0015430     -4.7495151     -4.1201830     -3.3087611
      2.8649352      2.0218194      1.5433123      1.4346404      1.4318829      1.4499775      1.3944573      1.3424687      1.3180534      1.2685224      1.2638119      1.0537245      0.4434418     -0.2395028     -0.7792730     -1.1710061     -1.4066668     -1.5498086     -1.6709504     -1.8427024     -2.0032201     -2.0842214     -2.2550423     -2.6603637     -3.2803345     -3.9287722     -4.3731766     -4.6121221     -4.7608614     -4.8468795     -4.8889356     -4.9164515     -4.6603808     -4.0158930     -3.2378137
      2.8998306      2.0867589      1.5595994      1.3628281      1.3473442      1.4304218      1.4171321      1.3139930      1.2650664      1.2664839      1.3234444      1.2591271      0.8550852      0.2701750     -0.3009887     -0.7575556     -1.0458418     -1.2286866     -1.3656102     -1.5433537     -1.7728019     -1.9769512     -2.1761928     -2.4301193     -2.8897665     -3.5769393     -4.1608882     -4.4723110     -4.6389394     -4.7404242     -4.7986703     -4.8319769     -4.5742345     -3.9326475     -3.1859729
      2.9657950      2.2286580      1.6352506      1.3167464      1.2779272      1.3793139      1.4089028      1.3815573      1.3978025      1.4116068      1.3938472      1.3434645      1.1121079      0.6959993      0.2305086     -0.2407390     -0.6331750     -0.8807360     -1.0510029     -1.2640179     -1.5579814     -1.8829464     -2.1522512     -2.3087425     -2.5885825     -3.2249687     -3.9006279     -4.2940655     -4.4964480     -4.6234169     -4.7022929     -4.7460294     -4.5001183     -3.8511002     -3.1010256
      3.0254180      2.3386748      1.6735134      1.2916492      1.2628564      1.3693529      1.4741247      1.5828669      1.6324638      1.6166661      1.5604436      1.4924990      1.3636670      1.1148678      0.7976047      0.3559683     -0.1448172     -0.4657742     -0.6845278     -1.0078638     -1.4293978     -1.8206186     -2.0613775     -2.1558924     -2.3633032     -2.9483778     -3.6606519     -4.1154351     -4.3464203     -4.4940963     -4.5944438     -4.6632800     -4.4457903     -3.7909739     -3.0240405
      2.9853795      2.2493179      1.5944574      1.2897863      1.3005519      1.4156591      1.5719932      1.7218444      1.7953475      1.8402027      1.8050880      1.6808301      1.5944798      1.5202429      1.3834947      1.0718653      0.5476566      0.0651112     -0.2733233     -0.6837533     -1.2327275     -1.6508460     -1.8195838     -1.9076419     -2.1926548     -2.8373296     -3.5342987     -3.9668369     -4.2010264     -4.3639321     -4.4927230     -4.5915613     -4.4111862     -3.7718682     -2.9919467
      2.8889713      2.0613236      1.4939597      1.3418150      1.3816644      1.4757005      1.5981774      1.6957128      1.8568202      2.0371473      1.9613997      1.7249771      1.6999549      1.8500992      1.8957999      1.7204202      1.2693440      0.6358576      0.1043345     -0.3454467     -0.8963118     -1.3297324     -1.5095431     -1.6180354     -1.9716684     -2.7002349     -3.4274004     -3.8570008     -4.0754871     -4.2456341     -4.4083319     -4.5314474     -4.3946185     -3.7838800     -2.9804530
      2.7942042      1.9311000      1.4679327      1.4027675      1.4121068      1.3991997      1.3651966      1.3493482      1.5193936      1.7563509      1.7459770      1.6473147      1.8131851      2.1266265      2.2383299      2.0515420      1.5958120      0.9276754      0.3167794     -0.1610521     -0.6389898     -1.0021673     -1.1718946     -1.2548174     -1.5815636     -2.3543947     -3.2179315     -3.7454994     -3.9717407     -4.1594744     -4.3501954     -4.4864006     -4.3882947     -3.8045270     -2.9707162
      2.7252226      1.8977352      1.5299927      1.4418050      1.3397425      1.1129501      0.8049367      0.6458855      0.7414416      0.9961570      1.2411685      1.4936603      1.8756402      2.2598455      2.3723974      2.1151011      1.6006640      1.0133880      0.5243517      0.0669766     -0.3537306     -0.6280617     -0.8095034     -0.8551797     -1.0893075     -1.8906840     -2.8841898     -3.5415077     -3.8728740     -4.1177130     -4.3184271     -4.4558725     -4.3946815     -3.8432190     -2.9781919
      2.6942925      1.9160378      1.6097442      1.4506763      1.1831355      0.7064318     -0.0038475     -0.6361654     -0.9565978     -0.6820371      0.1763944      1.0337508      1.6523156      2.1632724      2.4246445      2.2239051      1.7359412      1.3170794      0.9829510      0.5176451      0.0911861     -0.2035568     -0.5639658     -0.6795196     -0.7370271     -1.4749577     -2.5768499     -3.3647108     -3.8142993     -4.1061220     -4.3027577     -4.4349699     -4.4114356     -3.9024127     -3.0115318
      2.6681254      1.8930119      1.6052014      1.3519771      0.9371763      0.3059455     -0.9639471     -2.5801718     -3.7203166     -3.6227210     -2.0940986     -0.1729390      1.0968654      1.8455288      2.3029809      2.3268342      2.0393786      1.7344433      1.4293207      0.9726680      0.5334055      0.1709865     -0.3467765     -0.6186857     -0.6541975     -1.3485657     -2.4985433     -3.3342564     -3.8083324     -4.0977392     -4.2844462     -4.4123034     -4.4129925     -3.9405439     -3.0415447
      2.6516821      1.8604349      1.5729200      1.2203921      0.7881678      0.0772423     -1.8549515     -4.2942705     -5.7945843     -6.0092154     -4.6635089     -2.0698035      0.1159281      1.2602618      1.8853157      2.1884797      2.1575089      1.8937446      1.6172111      1.2934756      0.8693411      0.4591153     -0.0040396     -0.4604526     -0.9149449     -1.7136304     -2.6764004     -3.3780661     -3.8024170     -4.0672321     -4.2477469     -4.3749056     -4.3839455     -3.9390879     -3.0567412
      2.6546490      1.8569801      1.5605900      1.1456434      0.7533977     -0.1067580     -2.5667577     -5.2096786     -6.4521203     -6.7457433     -6.0010462     -3.6317797     -0.9957231      0.5762714      1.4508733      1.9881154      2.1054046      1.8988800      1.6883044      1.4619396      1.0228615      0.5807956      0.2437270     -0.3773898     -1.3556473     -2.2840767     -2.9713778     -3.4475317     -3.7587652     -3.9919043     -4.1866002     -4.3284583     -4.3464298     -3.9252958     -3.0684724
      2.6541293      1.8424985      1.5329964      1.0952729      0.6016292     -0.4755358     -3.0554163     -5.5235772     -6.5121069     -6.7108150     -6.2416539     -4.3211813     -1.6852461      0.1393385      1.1651330      1.8166494      2.0092254      1.8448800      1.6411641      1.3793583      0.9006897      0.5102445      0.2675291     -0.4557897     -1.6706234     -2.6531928     -3.2125821     -3.5232913     -3.7063971     -3.8945336     -4.1012979     -4.2742386     -4.3239751     -3.9245815     -3.0728183
      2.6453576      1.8137630      1.5056182      1.0980636      0.4455394     -0.7834716     -3.2081363     -5.4895892     -6.3981013     -6.5217457     -5.9885106     -4.1520329     -1.6490865      0.1283961      1.0251496      1.5440452      1.7036099      1.4653552      1.0151954      0.4183110     -0.1007942     -0.1382867     -0.1538859     -0.9337474     -2.1076846     -2.9511633     -3.4058354     -3.6167333     -3.7151010     -3.8386731     -4.0172138     -4.2097864     -4.3004203     -3.9274099     -3.0750942
      2.6379235      1.7742598      1.4731631      1.1918110      0.5626367     -0.6349370     -2.8869083     -5.1936374     -6.1699133     -6.1094041     -5.1810498     -3.1556265     -0.9285714      0.5939467      1.3350103      1.5718980      1.4454905      0.7091635     -0.5209559     -1.5944740     -1.9745877     -1.5403225     -1.2452849     -1.8976401     -2.7985549     -3.3430049     -3.6432016     -3.7867036     -3.8295493     -3.8647354     -3.9705143     -4.1506023     -4.2672763     -3.9284332     -3.0913107
      2.5849326      1.6759541      1.4094697      1.3525134      0.9192551     -0.0865924     -2.0384505     -4.3772988     -5.5718751     -5.3057775     -4.0161204     -2.0206616     -0.0974381      1.2645886      1.9732009      1.9990051      1.4520049     -0.0450442     -2.0823593     -3.2422800     -3.3250062     -2.8328214     -2.5010116     -2.8816407     -3.4348874     -3.7569594     -3.9584565     -4.0514674     -4.0231471     -3.9561977     -3.9700620     -4.1061702     -4.2368155     -3.9356880     -3.1107337
      2.4072375      1.5618373      1.4451016      1.5909457      1.3770943      0.6205134     -0.8367215     -2.7967603     -4.1325502     -4.0495515     -2.9134126     -1.2137991      0.5331668      1.7567956      2.2539403      2.0909848      1.3646086     -0.2851664     -2.3951352     -3.5107691     -3.5994737     -3.4032810     -3.3261774     -3.5822289     -3.9251256     -4.1615806     -4.3147626     -4.3414226     -4.2244205     -4.0696354     -4.0047107     -4.0847039     -4.2196045     -3.9514341     -3.1259484
      2.2759233      1.6099237      1.6454253      1.8433504      1.7689552      1.2658274      0.3433571     -0.9444951     -2.0869079     -2.3091552     -1.6711380     -0.4445614      0.9958877      1.8842359      2.0214872      1.7264560      1.1255751     -0.0835234     -1.7225180     -2.8717959     -3.3137684     -3.4996188     -3.7107627     -4.0193620     -4.3217564     -4.5295653     -4.6275420     -4.5814667     -4.3964210     -4.1828737     -4.0620193     -4.0934114     -4.2225399     -3.9755719     -3.1452990
      2.4057655      1.8004113      1.7512280      1.8730010      1.8692143      1.6090982      1.1376435      0.3854094     -0.3888716     -0.5695726     -0.2233101      0.4578875      1.2873559      1.7057779      1.6236645      1.3204006      0.7933282     -0.0739848     -1.0996088     -2.0383210     -2.8486569     -3.4678555     -3.9153111     -4.3070350     -4.6220584     -4.8001599     -4.8429270     -4.7500601     -4.5324154     -4.2883763     -4.1302218     -4.1222496     -4.2408800     -4.0042024     -3.1656420
      2.6291540      1.9317912      1.6354523      1.6831285      1.8410246      1.8161498      1.5504669      1.0621624      0.5556120      0.4558791      0.7126426      1.0811169      1.4300724      1.5571146      1.4488995      1.1135912      0.4983926     -0.1476880     -0.7126234     -1.5389426     -2.6083834     -3.4889433     -4.0718536     -4.4935279     -4.7824569     -4.9191689     -4.9329877     -4.8348956     -4.6177082     -4.3664732     -4.1929197     -4.1629782     -4.2722330     -4.0483398     -3.2075427
      2.7553244      1.9830698      1.4897250      1.4789809      1.7925445      1.9019537      1.6371722      1.2582823      0.9115196      0.7566324      0.9131415      1.2264688      1.4784865      1.6071773      1.5998704      1.2839067      0.6723917      0.1229881     -0.5174656     -1.6051308     -2.7587323     -3.5912259     -4.1571469     -4.5408301     -4.7824845     -4.9059973     -4.9279327     -4.8426971     -4.6400509     -4.4042759     -4.2421389     -4.2111096     -4.3101983     -4.1041751     -3.2768183
      2.7875943      1.9833854      1.4038547      1.3065943      1.5851843      1.6841362      1.4397881      1.2293479      1.0686258      0.9193097      1.0254943      1.3501158      1.6455491      1.8191410      1.8866502      1.7147613      1.1013633      0.1878458     -0.8838371     -2.0784175     -3.0592749     -3.6940992     -4.1466141     -4.4578156     -4.6695156     -4.8206744     -4.8704247     -4.7897205     -4.6095014     -4.4183803     -4.2871318     -4.2613592     -4.3483009     -4.1506944     -3.3335910
      2.7849267      1.9974920      1.4023809      1.1602817      1.2850357      1.3372891      1.2131802      1.2668623      1.3314768      1.2582455      1.3680515      1.6853013      1.9273957      1.9923970      1.9837370      1.7640691      0.8592099     -0.5350640     -1.7178063     -2.5801718     -3.2254326     -3.6837554     -4.0461860     -4.3130703     -4.5245423     -4.7005138     -4.7583809     -4.6779289     -4.5392423     -4.4140577     -4.3260412     -4.3134146     -4.3923306     -4.1972814     -3.3825672
      2.7904329      2.1518350      1.5965849      1.1199973      1.0400633      1.0713286      1.1242657      1.4031885      1.6208104      1.5696393      1.6371540      1.9636781      2.1203146      1.9977396      1.7834297      1.1668587     -0.1896506     -1.5886258     -2.3465791     -2.6586175     -2.7976975     -2.9536889     -3.3464644     -3.8909070     -4.3151631     -4.5225358     -4.5593481     -4.5004911     -4.4330964     -4.3841486     -4.3516989     -4.3699203     -4.4459252     -4.2515516     -3.4409437
      2.7987788      2.3496609      1.8815594      1.2378978      1.0026580      0.9967960      1.1242089      1.4948525      1.7520362      1.6889707      1.6477684      1.8863810      2.0643759      1.9592524      1.5533404      0.4795313     -1.1066536     -2.2136376     -2.5283823     -2.2820847     -1.6404469     -1.0966644     -1.4296572     -2.7193706     -3.8753586     -4.2595468     -4.2797852     -4.2806530     -4.3058782     -4.3333898     -4.3611903     -4.4205012     -4.5012360     -4.3030663     -3.4921470
      2.8282568      2.4538012      2.0362585      1.4033227      1.1806967      1.1876417      1.2421910      1.4198711      1.5197765      1.5145507      1.4636911      1.5164943      1.7099938      1.8043950      1.3425752      0.0200592     -1.4874153     -2.3350356     -2.5099649     -1.9742144     -0.7689676      0.4646042      0.4755717     -1.3419839     -3.2915499     -3.9602656     -4.0159507     -4.0944085     -4.1862068     -4.2649183     -4.3497925     -4.4565182     -4.5502667     -4.3458052     -3.5284843
      2.8963890      2.5168726      2.0892413      1.5266070      1.4066426      1.5309932      1.4610302      1.2546211      1.1181973      1.1836756      1.2322574      1.1970166      1.3120918      1.4533278      0.9774825     -0.3696205     -1.7181215     -2.3838952     -2.5200381     -2.0590079     -0.9817501      0.2137503      0.4325032     -1.0587575     -2.8962328     -3.6658430     -3.8342402     -3.9770234     -4.0901752     -4.1922159     -4.3306446     -4.4879885     -4.5897560     -4.3721828     -3.5490727
      2.9695141      2.5623965      2.0791392      1.5571702      1.5190874      1.7486916      1.6004083      1.1987547      1.0235533      1.0802310      1.1041181      1.0686533      1.0561607      0.8905632      0.2342125     -0.9384498     -2.0278614     -2.5466592     -2.5998454     -2.2835627     -1.6766558     -1.0806001     -1.0167563     -1.7789159     -2.7699094     -3.3495338     -3.6547368     -3.8835225     -4.0221987     -4.1446238     -4.3209686     -4.5110250     -4.6128721     -4.3769464     -3.5472794
      3.0183918      2.5810630      2.0257890      1.5264131      1.5360671      1.8014646      1.7281626      1.4281619      1.2820404      1.1892923      1.0864885      1.1045916      0.9580593      0.3016012     -0.6559761     -1.6231717     -2.3888390     -2.7453384     -2.7261312     -2.4931085     -2.2180526     -2.0742652     -2.2014916     -2.5834620     -2.9718592     -3.2529893     -3.5493810     -3.8249922     -3.9958656     -4.1411095     -4.3268042     -4.5267577     -4.6316915     -4.3757372     -3.5342035
      3.0403388      2.5922418      2.0300817      1.5861225      1.5747931      1.7470840      1.7955027      1.7391001      1.5738775      1.2296747      1.0107300      1.1081406      0.9610285      0.1190374     -0.9919072     -1.9099803     -2.5637126     -2.8693371     -2.8732893     -2.7462461     -2.6294935     -2.6453574     -2.8509121     -3.1944072     -3.4598060     -3.5772426     -3.7174742     -3.8961999     -4.0421247     -4.1796455     -4.3488584     -4.5562181     -4.6652999     -4.3854728     -3.5345929
      3.0276237      2.5635431      2.0337276      1.6777935      1.6094787      1.5696627      1.5962559      1.7262697      1.5993435      1.1110606      0.8255412      0.9452695      0.9592737      0.3983548     -0.6198776     -1.5895332     -2.3287823     -2.7899101     -2.9580138     -2.9694586     -2.9626894     -3.0429776     -3.2531533     -3.5675468     -3.8229907     -3.9221423     -3.9709980     -4.0478520     -4.1376171     -4.2357926     -4.3821158     -4.5927196     -4.6936669     -4.3849125     -3.5269265
