FILE FORMAT:
lat   [deg] (size = (35))
lon   [deg] (size = (60))
cprec [cm]  (size = (60,35))
topo  [km]  (size = (60,35))
    -85.0000000    -80.0000000    -75.0000000    -70.0000000    -65.0000000    -60.0000000    -55.0000000    -50.0000000    -45.0000000    -40.0000000    -35.0000000    -30.0000000    -25.0000000    -20.0000000    -15.0000000    -10.0000000     -5.0000000      0.0000000      5.0000000     10.0000000     15.0000000     20.0000000     25.0000000     30.0000000     35.0000000     40.0000000     45.0000000     50.0000000     55.0000000     60.0000000     65.0000000     70.0000000     75.0000000     80.0000000     85.0000000
   -174.0000000   -168.0000000   -162.0000000   -156.0000000   -150.0000000   -144.0000000   -138.0000000   -132.0000000   -126.0000000   -120.0000000   -114.0000000   -108.0000000   -102.0000000    -96.0000000    -90.0000000    -84.0000000    -78.0000000    -72.0000000    -66.0000000    -60.0000000    -54.0000000    -48.0000000    -42.0000000    -36.0000000    -30.0000000    -24.0000000    -18.0000000    -12.0000000     -6.0000000      0.0000000      6.0000000     12.0000000     18.0000000     24.0000000     30.0000000     36.0000000     42.0000000     48.0000000     54.0000000     60.0000000     66.0000000     72.0000000     78.0000000     84.0000000     90.0000000     96.0000000    102.0000000    108.0000000    114.0000000    120.0000000    126.0000000    132.0000000    138.0000000    144.0000000    150.0000000    156.0000000    162.0000000    168.0000000    174.0000000    180.0000000
    405.2345276    397.4821777    371.2653809    203.1134949    410.8030701    274.7290344    116.3993912    149.9653168    128.9273376     35.4795303     23.0414143     36.3781586     65.0852356    165.2129059    183.9115448    111.4810410    149.7067108     89.3904037    152.6239624    366.5350952    539.2068481    677.4254761    527.6918335    294.3439026    174.3856964    129.8721619    111.6891632    125.2644806    198.0970764    288.2026978    340.1124878    259.4762268    442.4894409    503.5021362    966.9550781
    404.9089661    422.9821167    469.4616089    189.1238708    500.0483398    330.3437500     98.5469818    157.2639618    136.6565094     19.9299717     25.2021961     79.9276886     86.9845123    238.8743591    234.8438416     78.9191742     92.2315598     78.0200577    120.7433929    385.8991699    686.0416260   1105.6418457   1101.4814453    443.6015625    210.2236023    103.4270477     88.2135849    124.2709732    223.3741913    374.6340942    422.9393921    250.3719482    418.0784607    521.5980225    951.4138794
    381.9329834    361.5017700    366.3854370    132.6541443    355.7051697    398.9207153    104.9133911     95.6612854    116.6053619     20.3346977     36.7613373    109.7381821     68.5404816     95.2234192     96.4203110     29.7679024     14.4051571     29.2425575     93.4399643    359.1000061    808.1270142   1628.9575195   1844.0471191    754.0713501    238.9166718    119.2546158     82.6387787    104.5417709    250.9784851    362.7620544    403.5957336    261.0129395    450.6785278    539.3966675    927.3311768
    438.1018677    323.2381287    193.7558899     90.8455887    200.1202545    496.7719116    144.6369324    144.5591278    154.3117828     21.5584984    113.3552704    101.8355637     44.7001839     52.0431099     71.6176605     50.1198311     53.3896408    115.7186890    106.0315933    304.2047424    817.0555420   1779.9857178   2371.2700195    961.2651367    348.8689575    140.2946167     95.6630554     93.0812378    219.1325989    315.1687012    377.9764709    286.9621582    446.4950256    514.9464722   1098.1889648
    596.5619507    291.5469055    231.2910919    188.6178589    199.6437683    485.7525330    186.3182678    208.3504944    243.8117371     30.9407349     95.9608307     55.6494064     49.2999611    119.9028931    248.1834412    138.0482330    108.8881073    129.8094482    110.6233063    265.3766785    689.2346802   1349.7562256   1874.1201172    933.2683716    435.6197815    243.9797058    140.7846375    136.3267059    277.0969849    331.6546021    391.7297668    301.3378601    439.4016113    437.4344788   1042.8187256
    578.7945557    296.2570496    261.2229614    405.8959351    311.9116821    491.9005737    226.0517883    177.3763580    278.8461304     39.5423851     37.5446320     31.2189693     58.8221664    140.1497498    210.7757263     88.5941925     19.9900169     29.8242855     78.2493744    148.2189026    455.3595581   1168.5018311   1757.8726807    985.6649170    541.2997437    244.4833984    195.0749817    202.2086182    288.1325073    357.8888855    405.0792236    273.1848755    430.3087769    439.3777771   1039.7088623
    480.1148987    333.7798767    246.7681122    303.2406006    356.7234192    365.8809204    202.2111969    151.3193207    201.6221924     56.1269302     40.2009926     55.3421707     90.1108856    140.9043274    150.1673431     93.8172531     31.3117409     89.0334473    182.4221344     85.5131226    364.5297546    724.0977173   1125.1413574   1832.9310303   1094.2438965    247.3288574    174.3755341    217.9754944    254.9684143    357.8212891    397.3913574    302.5910034    570.4755859    470.0437012   1127.3317871
    380.3973694    388.6455383    338.9574280    380.9136963    615.8190918    380.6082458    235.0063934    168.0349121    112.5444565     49.9607353     49.3153763     75.0639954    116.6554184    200.1900635    349.9096375    482.3353577     82.8428879    146.5963745    226.2238770    109.5031357    876.5105591   1892.9492188    770.7534790    860.5865479   1550.0117188    287.6994019    263.4825439    274.8870239    251.7862854    353.9308167    453.3795776    331.0335999    532.4412231    457.6798706   1146.0903320
    357.7047424    328.1588440    336.2743530    292.1765747    739.6794434    484.2942810    283.3664551    233.1099091     82.1168747     50.1440811     60.4304581     75.7608185     91.4150391    112.2781219    149.6099701    130.2936096     23.3291969    137.4993591    130.7306213    134.7871399   1449.8132324   3980.1953125    483.1721802    331.0591125   1304.3024902    279.1561890    244.5013885    256.8664246    273.5492554    356.5681458    458.4633789    362.4650269    389.3576660    413.8451233   1063.8907471
    362.5425110    246.7598419    272.9980469    176.6035767    392.0450439    291.7455139    170.7741089    149.2891235     73.2376099     49.5334511     63.9382324     87.6654587    106.5890121    113.4468384    195.1809692    160.9939728     32.4131355     60.2315178    176.9780884    131.4797821    432.0983887    905.4130859    329.3044434    552.8463745    805.3841553    365.4201660    235.8797302    179.6308899    309.5722046    345.7037354    415.2835083    396.6513672    513.8117676    396.3841858   1043.2934570
    317.6150513    239.3813019    341.5489197    235.1485291    509.2367554    288.7119446    164.7704773    131.0938416     56.8032722     53.3150253     95.6649399    122.1280975    129.1178741     83.3632050    215.4232483    294.0082397     74.5423508    137.2093658    326.8529968    277.4863892    223.3374481    249.1233215    332.6751709    508.7031860    695.0026855    853.9063721    341.5629272    189.5692139    491.1991577    344.6109314    431.1961060    466.5589905    470.3321838    353.0316772   1269.9832764
    296.1152649    222.2707825    298.1423950    176.0767059    345.2385254    186.6937714    109.5820160    157.9838715     62.2560539     59.1592293     78.3992538     54.1329269     45.0417862     26.9027004     41.2719650     60.6724319     65.3706894    188.8852844    116.7178345    214.7720184    335.8508911    311.6220093    363.5357056    255.5113831    428.8186035   1047.4412842    727.1331787    413.3067322    983.4370117    374.5292358    369.5857849    511.9182739    447.0933533    368.3965454   1308.9154053
    353.7059937    205.3500214    278.3503113    149.5966492    318.9797363    225.6133575    130.4657440    156.3010864     56.0028458     38.5039406     91.8741608     51.1424294     39.6155243     55.6354065     55.6449776     27.1721611     53.3436508     62.3424911     86.4881973    431.9078979    158.6500549    114.1650391    230.5161133    158.6472168    290.0657043   1194.3605957   1465.2122803    911.9026489   1117.9193115    394.6939087    370.1954651    612.9768066    477.1464844    428.1611328   1424.6838379
    342.1179199    213.4754944    326.6425171    170.9275208    341.5153198    335.4092407    241.7475128    198.9453278     70.6069183     63.4894180    188.3227997    112.8045273     67.5971146     68.0805664    135.5451965     91.6780396    124.0344238     52.6854439     82.1733246    824.7635498    345.4710083     83.5057449    159.3263397    126.7983170    252.5500183    643.0198975    513.8353271    642.2859497    915.3097534    343.5178833    413.1545410    564.3497314    465.9400330    425.9987183   1475.9088135
    313.2649841    264.3917847    259.9786987    123.3781128    205.5375519    179.0596619    234.6284180    243.5240479    101.2777939    160.5457153     84.7879944     27.4119377     20.6802902     38.3732796     61.6847229     35.5546112     79.0549164     81.2656174     43.8859825    107.5838623    129.0859222     71.9504089    194.1189575    187.4584045    283.1227417    302.7256165    183.3283691    325.6407776    662.0768433    362.3002930    450.0715942    529.7017822    528.6926880    376.7717896   1420.2730713
    311.4387817    361.4649963    363.5363464    165.1313782    284.7024231    189.8310089    214.4797058    128.2657166     69.0326080    156.9832764     33.9232903      9.3760347     10.0581074     45.0304794     49.6703529     10.6722736     25.9165802     38.9662819     59.1845894    156.6342926    151.5653076     82.8688354    101.1664124    178.6669464    321.4323120    464.9860229    276.9975281    269.0961304    398.3246460    353.9867249    442.5613403    522.1254883    578.1504517    351.4491577   1434.8934326
    322.5736694    372.8091125    423.5923462    160.9879456    243.3872528    119.8423233    118.4216919     75.6578140     59.7945786     94.5334396     27.6512337      7.6274986      5.2960420     30.2348537     35.8312187     11.0126219     79.2451630     72.0464478     45.0165749    224.2498016    177.4234924    102.9574203     68.0361938    138.9826508    211.9045715    395.8049011    433.0773926    241.4818878    250.1963348    401.9822388    384.8089600    425.6770020    524.1149902    329.1740417   1527.9060059
    332.6271973    271.5880432    310.3432922    127.2219849    193.4707184     79.9060822     79.3103790    153.6289520    116.1322174     83.5579376     33.0168991     14.1494188      3.5008073     23.1134720     18.9629993      8.1595316     49.4753723    117.8288574     51.3039436    105.1361237    112.2507172     93.4869919     94.4505692    187.1517029    265.7080383    554.9595337    583.7126465    189.0967865    191.7749634    530.0741577    308.2531738    427.5818787    455.9409180    333.8081665   1625.9543457
    432.6870728    245.2522888    516.7195435    193.4238739    213.0934601    145.6284485    137.1149597    157.3345337     96.6473923     48.1997566     21.2475758     15.4208736      5.0797329     16.4790649      7.8562307      8.0790329     14.0746861    164.5551605    122.1215210    222.4841766    243.6712341    116.4928207    101.4384918    147.9321136    367.7462769    739.1336670    670.8453369    258.8081665    240.7092285    490.9740601    297.6063843    398.0105591    458.3231506    374.3752747   1290.6912842
    336.7973633    203.5531464    307.1486206    148.6977234    144.8196564    143.0390472    112.6152573     45.4419785     39.1709518     24.6993141     14.3776093     12.1199780      8.4688063     31.8470860      9.8994427     64.4637070    127.0060806     72.3396606     95.3646851    158.3245392    211.4287872    166.4313660    120.1800919    138.0857849    363.5192566    687.6058350    779.8594360    565.5574341    356.8565063    439.0523987    324.2535095    299.7571411    457.6189880    436.7911682   1309.7089844
    339.8656616    180.1174316    211.6186066    144.1642456    204.0566101    190.2508850     95.7658310     35.0551567     31.3942528     28.3166866     17.0809841      9.0109882     39.1427078     88.6351166     10.8623352    115.6618042     93.7364960     31.8878422    166.6791992    215.2831268    217.9425049    282.3993835    123.6582413    177.3794556    764.3884277    888.5396729    727.1901245    435.3638306    250.5069275    328.5853882    295.1794434    267.4092407    396.4271240    378.5472412   1341.7947998
    590.2757568    188.4419861    383.0315552    213.6643066    185.4351501    182.6516266    104.3700104     41.3340683     83.7185211     38.5231895     16.2824097      6.0150638     26.8909359     48.6103973      9.6488981     17.0588303     39.3894119     44.5766106    300.8483887    506.2645874    418.1260376    375.8375854    135.9190063    126.9324951    384.2328491    607.0446777    469.3773499    243.1399384    182.5680695    282.0352173    248.2560577    287.8412476    444.4027710    348.7696533   1424.3269043
    475.6898499    169.2709503    264.6169739    170.8266907    159.5672302    127.2746201     70.7198639     48.4642410     85.8245392     56.6502876     23.5150108      6.0317607     16.2218456     22.1921654      8.8952484     15.1847715    138.6375427     74.6318588    219.6550751    520.1104126    451.5350647    313.0883179    185.5900574    103.1507416    139.1189880    265.2390747    241.7629852    216.6233673    220.0697937    280.3341064    233.0964355    279.8034973    429.5935974    327.2680054   1625.8037109
    402.6093140    173.2141876    327.8325806    272.9429016    274.8652039    173.2529602     68.1227951     29.0939980     45.8273430     40.5744514     27.1965485      6.2531252     30.5226326    122.3090820     11.4440870     18.6724281    238.9508514    146.8067322    240.9553680    484.5598145    493.9540405    354.3435974    256.0312805    115.7663345    162.3057251    214.8421326    213.2610321    178.1958618    199.1640320    261.8877563    252.8480225    264.8323364    454.8732910    388.6371765   1509.4882812
    506.4805298    177.9227753    451.6343384    537.5468140    359.1123962    203.5237122     96.6977539     38.3503380     41.9801407     44.6911926     16.5664177      5.7186952     13.6862288     42.9102173     15.6265306     11.2227707     58.3016052    101.0717468    140.0089722    330.3085632    469.4578247    396.4633789    281.0458984    202.4035187    122.7584000    150.3487701    167.4709930    170.0470581    195.6172791    261.9506226    309.4905090    213.6118622    404.0691223    456.8986206   1403.0844727
    547.6292114    171.2478638    348.7895203    418.8188477    275.3320618    175.7172699    110.2987213     68.2153778     83.2433090     48.7644310     15.1654911      9.8474550      6.8178968      9.3140535     12.6158428     14.5680265     88.7096863    179.1788635    173.2785950    324.2209473    487.6228638    356.8740845    281.1121216    301.1198730    164.2567444    131.3040161     99.3135529    123.9448013    169.6417542    209.6579285    331.3201904    255.6524658    408.2721863    471.6813965   1208.7755127
    460.7513733    176.5930481    431.4055786    573.9678955    396.2480469    240.2989502    119.9192963     80.3072891    102.9250259     46.5960617     21.9260426     13.6330843      6.7088232     10.9689016     17.5522671     30.2738762    122.9946442    222.3735046    236.9680939    345.9055786    472.0768127    329.5277405    296.1500854    346.4139404    219.8051300    127.3466415     80.6758575    107.1771469    142.7400818    162.6497345    348.7334595    322.5017090    466.5253296    543.4633789   1215.6243896
    531.5575562    173.8516541    474.0188599    667.7181396    604.8171387    385.5926819     78.8118744     55.8973923     73.4401627     39.1350632     22.5605583     13.2321138     10.3568649     12.1443644     14.7306232     29.0221825     68.8737411     90.1545486    160.9542694    303.8586121    434.0566406    454.8219299    304.7924805    311.8972168    275.2780457    144.1893463     93.7002411    134.2021332    166.9309998    172.1181946    343.5025940    311.7271118    483.4076233    563.5513916   1191.2896729
    560.8337402    177.8648987    355.8523560    448.5699158    437.6783142    393.8720703    119.3174057     81.4168549     95.0374832     49.3781433     30.3397579     18.6987801      9.0744734     12.5334759     13.3449221     47.9552231     95.6792984    133.6448669    170.8586731    224.8687744    271.2308655    414.0685425    443.0252075    451.1126404    402.0350952    232.4524231    118.7947769    167.7313232    187.9913635    209.6603241    354.2183228    299.2149658    513.9766235    682.7633057   1245.9055176
    744.5379639    201.9485779    321.1840820    379.2184448    387.3861084    509.0802307    256.1455688    109.4307251    106.7215576     35.4519615     27.7503548     27.6464329     13.6588058     13.2614841     23.5901203     53.6935349     99.3648224    135.9479828    221.5407715    192.8591461    219.5197449    304.4562378    364.4747009    506.3904419    640.8732300    344.6795654    155.4700470    179.0924072    235.5158997    229.3772430    478.4681091    322.7023315    493.4846802    816.9558716   1381.5590820
    492.5357971    190.5929260    282.1672974    314.9075317    349.7511902    442.0361328    286.0501099    104.3544083     60.2640800     25.0494270     17.4955063     29.5422478     19.3990479     18.4912319     43.8960648     79.1685333     94.5772476    128.7152405    236.0630798    252.1436768    194.7362213    211.8421326    243.5585175    456.7640076   1046.0858154    449.0228577    181.0881653    202.8687897    235.5229797    280.5820007    446.4550781    333.0294189    504.7035522    793.8479614   1320.1390381
    456.5398865    246.6880341    335.4596558    268.1372986    314.6076660    341.7990723    242.8551025    139.0012665     55.2981453     24.0957375     19.1435699     24.8623753     22.2446785     29.4781342     58.2837524    102.5109634    139.2910156    206.9832001    310.1374512    272.0283203    185.0586548    139.5993958    129.8078918    398.6773682   1077.8220215    434.6987915    192.4979401    224.5297394    312.5854797    288.1348267    440.9147949    398.1102600    556.6372070    837.4384766   1297.1302490
    499.6005859    363.1399536    423.8873596    284.9828491    314.1019897    345.9127197    237.2071533    165.0896606     60.7271614     38.4424362     24.5230446     21.3685417     31.9832001     48.4164505     81.4612885    153.9181061    176.2229004    269.2893372    408.8344116    258.7012939    169.7223816    111.5307846    123.1751938    375.9545593   1202.1766357    505.8899536    204.9895477    242.6748505    279.4289856    282.4715576    539.4447021    345.4327393    512.0571289    822.3655396   1279.2480469
    494.1279297    257.0527954    316.3341675    218.9083557    253.5076141    286.0661011    197.3825989    115.7759628     34.0618515     28.0064354     27.4489231     26.8438358     54.6730156     80.8988419    122.5127716    256.5644531    267.2882690    225.4845276    305.5953064    236.7496643    137.3045502    130.8443909    204.5467682    614.4199219   1082.1562500    398.1388855    201.0407715    219.9180145    256.1109619    281.9391479    547.7807617    351.8837280    534.9885864    828.9347534   1240.1013184
    725.7547607    214.0615540    283.5012817    238.4211121    283.0092163    269.9575195    216.1369324    145.4437256     80.5440903     96.9443054     54.1976242     26.1768551     43.3877831     88.3199081    127.6253433    243.5257111    411.9666443    300.1076660    329.8296814    444.6293945    257.8204651    195.7501984    284.2102661    761.2390747   1177.1602783    347.1380920    214.1607971    302.1800232    289.3645630    245.0130310    464.5731506    343.8084412    502.6708374    763.9572754   1203.7822266
    669.1080322    165.6367188    301.1660156    231.9950409    273.8099976    264.2570190    198.4887543     94.9614182     54.2297783     90.2221298     64.8247375     20.1707439     33.1779785    104.8336639    147.3404236    194.2724762    360.3028870    306.2063904    270.8337708    352.9020996    181.2471619    142.2989502    202.5904846    639.2626343   1294.2929688    542.6974487    211.0232391    221.8713684    274.8628540    233.3844299    374.9522095    313.1576538    471.2057495    675.5344849   1221.7143555
    426.5498962    146.7226868    352.6918335    164.5633392    209.7355499    257.2763062     95.8018112     36.1060677     39.7293854     42.5916214     23.9235477     14.7003117     31.8027382     82.2862091    111.1817780    125.6814728    158.1096954    109.7104111    139.8710327    181.4983215    122.4799805    210.9514618    294.3636475    931.3511963   1718.7834473    596.5963135    267.4703979    258.7200928    336.6897278    240.3818359    360.5005493    342.4315491    423.3821716    622.0579224   1355.7269287
    455.4299316    150.0334015    469.3191833    221.2633972    244.3113556    291.9080200     71.5433197     99.5294800    137.0712585     78.1572647     68.8093185     24.8840771     12.6914558     36.7841682    104.0641098    142.7140350    132.4150696    139.2722168    328.8028259    260.6194458    197.1661835    553.7788086    301.6275024    748.1092529   1614.2951660    572.4598999    329.8110657    340.9071350    300.6407471    294.3253784    377.5554810    356.3090210    407.8011780    568.1916504   1253.0936279
    427.8807068    143.5763245    400.1285706    195.2393646    210.0093079    253.7424774     77.1690216     93.9529266     67.2274475     56.3109360    123.8320694     56.3337288     14.3117695     26.0913048    107.9153671    178.9508820    214.2196960    235.3602600    397.0567322    233.0406952    186.6130981    624.6808472    227.6170959    401.0828247   1341.4473877    580.1131592    307.5220642    302.5366516    260.5133667    326.2301636    410.3003845    316.2465210    391.2138672    568.2355957   1281.8879395
    470.3728027    137.2959900    533.2385254    154.6671906    187.3425446    331.6857300    129.5508118    152.6519928     97.7723541     39.3085098     73.3517303     39.8503685     16.8721256     23.8256512     39.9788055     90.5663071    171.0467834    106.6048965    153.9213409    263.0453796    210.3193054    676.9508667    367.4152832    415.5327148    895.3327026    558.3674927    402.2557678    303.7943420    233.3549042    341.4011841    396.5300598    358.1711121    394.6473083    520.9324951   1454.9887695
    541.6271973    134.7798462    751.4429321    179.3077393    300.4977417    467.1153259    138.3408356     85.6758041    213.7712097     87.3419037     70.8361969     44.3589706     24.8812981     16.7383080     25.1860466     83.8669586    101.1922607     62.7196960     79.2284088    175.0184174    150.5558624    330.4608765    421.8092651    434.7830505    367.3755493    390.8054810    366.6723022    259.4082947    266.0668640    307.1432800    320.3606567    343.4061890    429.7791138    476.3948364   1242.5528564
    479.7598267    138.9615021    552.8763428    191.7783508    347.6770630    400.5864258    122.3171234     50.5880508    198.1461639    112.8256226     43.3755417     49.5548325     56.6433182     18.4851246     26.6255913    125.2504730    138.9540405     90.6595001     94.6403275    207.4485626    150.1941376    181.8590393    405.7017212    571.4754639    534.6505737    628.1065674    392.0028381    294.6614990    344.6557617    388.2334290    377.9422302    404.5484619    378.3908081    443.0747681   1190.3781738
    434.1686096    143.7648621    422.8881836    261.3925171    285.9136353    232.7327423    117.8526993     50.9621086    203.8921051     84.9901886     13.1723156     15.2769957     20.0654240     13.8326321     17.9784851     52.9019470     75.2103043     95.2800827    180.4432068    336.4282837    184.3772888    192.8821106    644.7157593    541.6270752    571.3398438    723.7988281    373.6097107    302.3235779    339.3208618    425.0612793    409.8781738    489.3467712    456.9268494    445.4315491   1356.5782471
    410.7368774    141.5932159    461.0641479    417.5465698    374.3731689    219.4754181    130.6369324     50.9179344    182.0656586     73.3178406      6.0671372     14.9875536     24.9954262     14.7311230     37.3787956     45.1660919     70.1764297    119.8836441    165.9934540    252.5126648    106.8870239    132.7226562    564.7933960    301.8630371    392.5601501    554.2031860    330.6574097    273.3173218    294.6551819    403.4230347    444.1418457    457.8165894    491.5411987    487.2409668   1257.7698975
    680.3125000    119.7882233    380.1032104    661.8632202    529.9180908    221.7261505    140.3655548     48.2826195     83.3405151     84.4150925     24.0312214     50.3451080     23.4574242     23.7645226    182.6885071    160.7912445    181.4931641    133.9452972     75.1594162    131.0225830    116.1548309    119.7378922    447.0485840    342.0201111    383.6263123    573.7186279    337.6149292    241.1488342    257.6535034    358.2051392    395.6792297    420.4580078    491.5345154    480.7485962   1270.0161133
    299.3681946     98.8592987    246.6860352    635.7724609    542.1735840    201.3629456    173.8232117     84.3563614     45.5139732     52.8698616     18.5875397     35.5240707     27.0592461     45.0020294    148.5495148    102.6850586    134.8415527    176.8982239    111.8934555    188.8277130    239.6774139    191.5212250    408.8392639    295.9224243    288.0935974    376.0348511    232.8642883    198.1721191    217.9502869    308.6299438    366.5194397    430.0564880    564.5293579    471.1995239   1489.5726318
    202.9261780     87.8139496    424.3693237    683.8906860    905.3743896    351.8012085    222.8039093    119.9258652     28.2434235     40.1806183     23.1111717     22.2145061     36.3598824     65.8805161     82.3289795     66.8887558    126.0517731    335.3375854    278.7654419    229.0476837    240.0997620    194.3810730    310.2616577    274.0038452    221.9645691    306.4809570    180.4538269    160.1682434    214.0581512    346.0605774    347.7704468    390.9965515    556.5099487    461.0821838   1372.3216553
    281.1060181    105.8616943    469.5274353    538.4028931    873.6005859    422.3506470    236.0743866    127.9838486     25.1034222     47.0122414     20.3851719     16.9860268     45.8269539     39.5369301     52.5976982    120.9107437    156.8668060    186.6296539    280.9781799    375.5468750    297.2740784    239.6392365    345.5687561    267.5966187    172.3388367    246.5631561    116.0961685    127.0349274    186.4802399    350.8193665    330.8108521    405.8633728    604.1806641    442.2092285   1476.7633057
    384.4429932    112.4631729    263.9562988    285.9023132    585.0628662    488.4426880    244.7780304    157.4194641     31.0326481     52.7634773     39.4807472     25.0974655     65.7051163     52.4141159     61.5100288    122.3590469     53.1251221     77.3463669    251.7219696    430.8804321    407.9856567    410.4645081    491.4934692    231.8646698    134.1141205    260.6418152    100.5362320    101.4241028    184.5117798    301.1861877    260.3158264    390.0573120    648.3462524    434.1542053   1551.4714355
    382.1955566    126.3630600    281.3758545    208.7423096    602.3801880    738.3683472    288.8887329    191.3839569     67.2132111     48.0810699     31.1938267     24.9600868     57.7280159     61.3384781     97.5139999    170.8293152     81.7524567    131.9219971    382.0749207    329.8489075    392.2647095    597.3076782    660.9039917    343.1644897    184.3946838    245.5966339    102.8380737    103.6870346    176.9947205    343.0854797    272.6716003    360.7009888    613.6827393    440.9484253   1123.0280762
    477.8623962    111.8477554    271.8502502    167.4759216    322.3194885    487.0828247    214.0826874    142.1529236     64.4164124     24.7770710     18.6600132     20.3822937     56.7878914     89.7478485    129.0192413    264.3594971    150.3944550    131.1335602    315.6700134    346.5281372    511.1708374    914.1242065   1122.8420410    683.6218262    369.4126282    308.1909790    108.4266739    121.2689362    195.9355621    306.3143921    253.7452087    339.4362183    647.1680908    464.9033203   1119.3161621
    438.1515198     99.3651581    194.8784027    154.4182739    301.9782410    369.4557800    163.0888519    164.7486420    111.4553604     35.7413521     25.7593937     28.4331055     83.4764481    121.1122284    122.4593353    243.8150330    100.5836868     68.6672211    136.7535095    211.7507019    418.9920959    934.4520264   2039.9703369   1721.2858887   1092.6687012    358.8739319    146.4917297    130.7740021    209.5784149    289.6245117    240.4915771    317.6645508    660.1013794    459.1220703   1100.6204834
    455.4517212    153.7562714    347.0977173    141.8791046    221.9781189    300.3594055    171.0486145    185.6727600    136.2952271     42.0966644     23.8798695     58.4622993     74.8717117     64.7330475     71.8059845    103.3364410     30.4599152     26.4536705     75.2845917    105.7228622    195.4355621    384.2686462   1189.3100586   2726.5761719   2234.4772949    512.6604614    146.0106201    145.5479279    205.4983368    292.8426819    278.3031006    343.0632019    617.6427612    458.1723022    973.2583008
    386.5958557    186.0717926    600.8247681    168.3670654    246.4109802    275.4609985    194.1160278    259.8982849    188.6548157     57.1099663     21.1425095     58.0874557     74.7152863     59.9681625     98.3729324     79.6512451     28.8892822     45.5402374     85.0605240    117.7751236    206.5801697    499.7723083   1810.7220459   4783.8295898   3233.3916016    644.0890503    188.0864868    161.9811401    226.7377625    326.8408813    294.8960571    320.2677612    564.7558594    441.4690857    920.7276611
    353.9855347    208.4576721    393.4518127    203.6621704    354.8185425    382.8746643    193.9652557    233.1295471    162.7198181     93.0921326     48.8277321     45.1399384     35.2704163     54.2117538    119.6774902     65.2621841     37.0077972     98.0474701     86.0571060    153.7589111    253.3353271    559.9981689   2351.0754395   5597.2548828   2585.6779785    810.6653442    277.2272949    177.6416931    283.7377014    356.1391296    308.3948059    331.4562378    588.0086060    405.1181641    871.2872925
    385.6856384    263.9360962    484.7020874    245.4802704    540.8120728    570.5996094    278.9123840    206.9098358     89.4491959     73.1082916     96.4503174     48.5165176     29.4574547     42.9617653    102.2606049     39.9287338     29.0488224     71.9041672     87.5302505    143.3608551    181.7439880    318.6254272   2001.2341309   2989.8286133   1231.6423340    587.8717651    246.3441467    171.7312927    346.6800537    415.6837463    334.1408386    317.9974670    564.2601318    399.5697632    851.4217529
    401.0704041    300.4089355    497.4953613    311.7817993    607.5595093    693.6215820    263.8169556    135.1230164     78.8919830     75.1847000     69.6394958     45.5080757     38.5284081     43.3347130     75.4797211     46.0893211     33.3629112     55.7111588    116.1794891    183.1790009    191.6173553    188.3900452    496.6831055   1169.4606934    913.5966797    492.2997131    231.5837860    188.6497650    344.5510254    423.5002441    362.6625977    289.2517700    515.3927612    429.3217773    871.1978760
    379.8499146    327.7905884    336.9420166    200.4462280    496.4104004    527.6138306    241.6159363    110.7200775    110.3310318     92.0334625     41.0618134     37.3261147     39.0624924     28.6013336     34.0253296     37.1114311     34.5772400     60.2102852    137.8270569    254.5634308    287.6847229    296.8912964    623.2877808    917.9073486    644.3873291    629.6437378    358.5019836    238.5651855    337.8938599    386.8973999    370.7329712    314.9470825    556.2213745    439.3357544    964.0291748
    416.9052734    418.7743530    480.8136597    200.8692780    469.7528381    547.8507080    317.3714294    196.3405914    186.3486633    110.0275726     39.3443146     73.6012421     93.8469543     44.4577293     32.5182838     37.6012306     33.3424530     55.6515312    152.2991028    264.4978943    347.9228516    362.9804993    481.5006409    496.4786682    216.7278748    231.5394592    209.3899841    209.3040009    297.0933838    352.2584229    364.1785278    289.3112183    477.1715698    429.8289490    927.8367920
    412.1855469    390.9868774    435.9519043    268.4429016    427.6209412    370.4201355    214.1105652    176.5014954    201.1558838     63.8084641     39.8933945     65.1939697     91.7090607     98.1396332     73.9312973     79.0794601     65.3484955     56.6329117    164.6826935    331.3102722    402.2767029    433.8339844    373.7866821    372.7340393    172.5264130    147.8523254    131.7323761    144.0074158    202.9183655    276.1085510    326.9762878    275.9898682    427.2120667    446.8830566    873.2918701
      3.0066016      2.5148973      1.9664185      1.6519082      1.6112325      1.4324703      1.3258420      1.4997745      1.4315330      1.0008206      0.8311350      0.9916138      1.1139623      0.8948156      0.0047756     -1.1413440     -1.9906316     -2.6044130     -2.9826901     -3.1195920     -3.1942191     -3.3090336     -3.4945261     -3.7325299     -3.9235103     -4.0172367     -4.0675530     -4.1216540     -4.1808252     -4.2581606     -4.4019337     -4.6099200     -4.6954222     -4.3625050     -3.4973013
      2.9954889      2.4804194      1.8549944      1.4692404      1.5333194      1.4643112      1.2586296      1.3121147      1.2874528      1.0639191      1.1723914      1.4446218      1.4233533      1.1170838      0.2371911     -1.0286111     -1.9926515     -2.6430314     -3.0566733     -3.2264156     -3.3349891     -3.4783206     -3.6520343     -3.8151011     -3.9286940     -3.9973004     -4.0488977     -4.0944676     -4.1433063     -4.2277832     -4.3880181     -4.6023178     -4.6840038     -4.3471656     -3.4851260
      2.9772270      2.4217455      1.7009720      1.1747283      1.3132174      1.5589538      1.4247583      1.2995496      1.2767977      1.3012837      1.6587932      1.8804133      1.4834248      0.8071639     -0.0536053     -1.1436620     -2.1099117     -2.7172735     -3.0687535     -3.2862940     -3.4489512     -3.6123240     -3.7673769     -3.8762219     -3.9330647     -3.9679506     -4.0032210     -4.0361147     -4.0783443     -4.1750321     -4.3543625     -4.5854340     -4.6810527     -4.3397870     -3.4678969
      2.9538805      2.3358896      1.5931967      1.0174304      1.1359901      1.6141729      1.7052394      1.5970922      1.5006621      1.5438870      1.9211036      1.9245381      1.2866732      0.5363066     -0.2025279     -1.0536550     -1.8345467     -2.4001725     -2.8968139     -3.3055248     -3.5661397     -3.7319438     -3.8418140     -3.9105392     -3.9390166     -3.9501016     -3.9629073     -3.9693093     -3.9943995     -4.0997763     -4.3044624     -4.5680437     -4.6924710     -4.3334603     -3.4263120
      2.9265971      2.2735727      1.6576325      1.1992097      1.1793019      1.6035416      1.8737322      1.9360318      1.8364762      1.6581179      1.7181251      1.6002151      1.1380610      0.6485109      0.0736155     -0.7070930     -1.4940549     -2.1810508     -2.8285875     -3.3104887     -3.5747457     -3.7034569     -3.7850201     -3.8741164     -3.9224551     -3.9181147     -3.8898742     -3.8491781     -3.8586299     -3.9851816     -4.2315383     -4.5407629     -4.6997886     -4.3409224     -3.4109080
      2.8991892      2.2490127      1.7986159      1.5174472      1.3510727      1.5420808      1.8523461      2.0696609      2.0688910      1.7458259      1.4647009      1.3462173      1.2041149      0.9501489      0.5014939     -0.2757086     -1.2555715     -2.0869544     -2.6770446     -3.0410383     -3.1555727     -3.1459482     -3.2374175     -3.4943047     -3.7220273     -3.7780576     -3.6989737     -3.6199245     -3.6609428     -3.8388648     -4.1404128     -4.4952312     -4.6822915     -4.3411055     -3.4079385
      2.8755665      2.2406654      1.8695222      1.7281680      1.5530086      1.5477026      1.8350854      2.1308579      2.1507130      1.8573338      1.5662153      1.5210921      1.5569514      1.4484104      1.1325326      0.4831142     -0.4823079     -1.3332666     -1.8732837     -1.9263418     -1.3569303     -1.2303013     -1.9985436     -2.6966314     -3.0553913     -3.2449508     -3.2486799     -3.2564547     -3.4041951     -3.6659899     -4.0347834     -4.4354715     -4.6519418     -4.3307548     -3.3965931
      2.8312817      2.2116592      1.8702747      1.8310354      1.7894592      1.7547868      1.9989784      2.2372065      2.1602457      1.9569348      1.8448298      1.8928167      2.0220652      2.1061230      2.0406537      1.6376680      0.8291668      0.0248300     -0.5456969      0.0449350      2.1763175      2.2726958     -0.3701778     -1.8733907     -2.0007167     -2.2474651     -2.5365396     -2.8004873     -3.1087642     -3.4810414     -3.9254351     -4.3813057     -4.6485028     -4.3464465     -3.4020855
      2.7521641      2.1022179      1.7796799      1.8104882      1.9198408      1.9415183      2.0770929      2.2092123      2.1354353      2.0975478      2.1745560      2.2952144      2.5320990      2.9545777      3.3605020      3.2238662      2.4690509      1.6576601      0.9612090      1.5845788      3.9949512      3.8852520      0.6445596     -0.9386691     -0.8065477     -1.0998867     -1.7389147     -2.3295488     -2.8193760     -3.3109257     -3.8270106     -4.3310423     -4.6517425     -4.3750725     -3.4234760
      2.6617730      1.9581416      1.6653318      1.7651460      1.9252807      1.9060369      1.8796912      1.9655417      2.0953355      2.3368151      2.6212530      2.8626440      3.2785010      4.1966257      5.5551643      6.0473342      4.9333181      3.5238900      2.5264184      2.1932349      2.6415598      2.1998427      0.8107445      0.3774166      0.6790794      0.3970300     -0.6800346     -1.8116252     -2.5546699     -3.1612418     -3.7439981     -4.2693205     -4.6187215     -4.3686571     -3.4168763
      2.5893073      1.8883594      1.6427747      1.7805746      1.8906147      1.7580770      1.6918626      1.8483791      2.1539969      2.6263759      3.1306329      3.5555515      4.1480236      5.3033738      7.2150536      8.3252201      7.2988100      5.4835610      3.8666344      2.6328979      1.8794380      1.4454138      1.4291962      1.7962474      2.4360275      2.3834341      0.7332888     -1.2283645     -2.3314216     -3.0394242     -3.6722579     -4.2105174     -4.5812483     -4.3336000     -3.3637109
      2.5586736      1.8808327      1.6521726      1.7423013      1.7823379      1.6263083      1.6721079      1.9754417      2.3109224      2.8641260      3.5886397      4.1749048      4.7950115      5.7214870      6.9483829      7.7636013      7.5994229      6.5411425      4.8558259      3.3941565      2.4771075      2.1639552      2.3574476      2.7671039      3.6406963      3.8185983      1.8363472     -0.7482695     -2.1782117     -2.9577031     -3.6086812     -4.1605549     -4.5515380     -4.2866125     -3.2980955
      2.5677090      1.8840803      1.6281929      1.6381851      1.6992772      1.7329372      1.9222478      2.2193098      2.4944012      3.1841028      4.2345662      4.9136815      5.3079081      5.8803759      6.4651899      6.7819710      6.7241302      6.1291389      5.4344635      4.6609640      3.3111935      2.4709053      2.4993725      2.7352412      3.4303854      3.6075683      1.8464118     -0.5721928     -2.0344515     -2.8837020     -3.5604084     -4.1285973     -4.5215168     -4.2275681     -3.2377360
      2.5844772      1.8984624      1.5957614      1.5294133      1.6245310      1.8829294      2.2507706      2.5082803      2.8551779      3.7853918      4.8402052      5.2986183      5.4079204      5.8231316      6.4200068      6.5877352      6.0612402      5.2212567      5.0288606      4.9125376      3.6896429      2.5154381      2.1495724      1.9925591      2.1553507      2.0834713      0.8986787     -0.6575975     -1.8387011     -2.7940423     -3.5498428     -4.1465368     -4.5270462     -4.1969833     -3.1986060
      2.6035557      1.9474561      1.5917658      1.4422872      1.4937347      1.7638237      2.1779385      2.5069616      3.1829572      4.2510428      4.6915016      4.5706754      4.6233945      5.1540995      5.7847047      5.7244582      4.9913855      4.1608782      3.7068565      3.4187391      2.7775064      2.1604123      1.8074883      1.4097623      1.1298538      0.7773821      0.0278298     -0.8286349     -1.7748367     -2.7981005     -3.6167104     -4.2285075     -4.5827498     -4.2121329     -3.1851325
      2.6237237      2.0169792      1.6194035      1.3880525      1.3642060      1.4942261      1.7377540      2.1001797      3.0642893      4.1602287      4.1439805      3.6178443      3.6334195      4.1954179      4.6900086      4.4573936      3.7291827      2.9487524      2.2541845      1.7525523      1.4222162      1.2811003      1.2128536      1.0269424      0.8382633      0.5078785     -0.1947947     -1.1054106     -2.0920947     -3.0287089     -3.7808740     -4.3626122     -4.6676292     -4.2483630     -3.1871438
      2.6094801      2.0068011      1.5764155      1.3022898      1.2250332      1.2033554      1.3486069      1.8450772      2.8593180      3.8517339      3.8742690      3.2835202      3.0497100      3.4038551      3.6284821      3.3927319      3.0240293      2.1748767      1.1030798      0.5082542      0.2860798      0.3078575      0.5083030      0.6677721      0.7671829      0.6973304     -0.1112133     -1.5447527     -2.6985195     -3.4030077     -4.0050120     -4.5237541     -4.7645035     -4.2968359     -3.2057612
      2.5543234      1.8739482      1.4459627      1.1986868      1.1224163      1.0626106      1.3007146      2.0051687      2.8745232      3.5783589      3.7691896      3.3809135      2.9452250      2.9465680      2.5695832      1.9534701      2.1766138      1.9314966      0.7367346     -0.0714217     -0.3084078     -0.2660895     -0.0047015      0.3063850      0.5994864      0.7136527     -0.2207648     -2.0367043     -3.2368691     -3.7450607     -4.2413702     -4.6822820     -4.8531914     -4.3515019     -3.2434299
      2.5157657      1.7369738      1.3429836      1.1490533      1.0836457      1.1285925      1.4424474      2.0393102      2.6793599      3.1340044      3.3925605      3.3857296      3.1196923      2.8356698      1.9450762      1.0252861      1.4870883      1.8367064      0.9274202      0.0597560     -0.2821706     -0.4706264     -0.5092068     -0.3097785      0.0741813      0.2474277     -0.6220196     -2.3043585     -3.4805813     -4.0205379     -4.4722724     -4.8217154     -4.9061565     -4.3775387     -3.2797623
      2.5108345      1.6533027      1.2354528      1.0771935      1.0320637      1.1317369      1.3154093      1.5711752      2.0555825      2.5176077      2.7803187      2.9796438      3.1181490      2.8692427      2.1245594      1.6715534      1.7343720      1.5234904      0.7416403      0.0179254     -0.3268205     -0.6633472     -1.0442866     -1.0847374     -0.7704267     -0.6192099     -1.1900799     -2.4394982     -3.6045558     -4.2717738     -4.6803370     -4.9372196     -4.9372830     -4.3829665     -3.3003447
      2.5479209      1.6310008      1.1475400      0.9956715      0.9336218      0.8370917      0.6258025      0.6424942      1.2161171      1.8746142      2.1152122      2.2115400      2.5523832      2.4199512      1.9500384      2.0236619      1.8006800      1.0775599      0.3724730     -0.2715890     -0.7065406     -1.1743728     -1.7392664     -1.8822235     -1.6154121     -1.5341927     -1.9745283     -2.9133110     -3.8966136     -4.5070200     -4.8424501     -5.0182734     -4.9845371     -4.4409633     -3.3466704
      2.6246436      1.6655115      1.1401788      0.9467356      0.7667191      0.2911441     -0.5359840     -0.7729342      0.0485092      1.0424432      1.3837624      1.3386719      1.5344888      1.2397960      0.6778891      1.0442797      1.2200702      0.6718631      0.0372036     -0.7288682     -1.4886174     -2.1456916     -2.6586809     -2.7671814     -2.5796168     -2.5643418     -2.9427211     -3.6090717     -4.2589498     -4.6927576     -4.9513526     -5.0700388     -5.0463214     -4.5477257     -3.4286170
      2.6577084      1.6721908      1.1671519      0.9792377      0.7079774     -0.1153405     -1.5102372     -2.1177619     -1.3234957     -0.0098833      0.7539068      0.8554846      0.9171916      0.3355260     -0.5714351     -0.1671974      0.4587717      0.0928753     -0.6789916     -1.6378036     -2.5554976     -3.1554520     -3.4427989     -3.4853306     -3.4397099     -3.4969900     -3.7403646     -4.1206589     -4.5120039     -4.8185310     -5.0205135     -5.1098847     -5.0848885     -4.6174955     -3.5089204
      2.6582572      1.6915349      1.2499295      1.1420642      0.8814287     -0.0403350     -1.5814886     -2.4544430     -1.9871660     -0.6980729      0.3232738      0.6067231      0.6612633      0.1705566     -0.8898891     -1.0789773     -0.6657041     -0.9533065     -1.7322667     -2.6155865     -3.3153243     -3.6581695     -3.7971139     -3.8281114     -3.8598104     -3.9704998     -4.1666884     -4.4187202     -4.6850410     -4.9115338     -5.0706654     -5.1433597     -5.0760336     -4.6029277     -3.5585158
      2.6920731      1.7737690      1.3659244      1.2589319      0.9910272      0.2915715     -0.8516566     -1.6580290     -1.4642727     -0.5714892      0.1712405      0.3105221      0.1246056     -0.2043671     -1.0435021     -1.8237602     -1.8943720     -2.0511389     -2.5739708     -3.1030846     -3.4617980     -3.6623693     -3.8276749     -3.9502280     -4.0637379     -4.2120481     -4.4002891     -4.6043096     -4.8083515     -4.9826946     -5.1072521     -5.1650405     -5.0421453     -4.5431948     -3.5748100
      2.7250667      1.8439512      1.4641714      1.3307469      1.0497839      0.6227442      0.0136467     -0.4428509     -0.3730762     -0.0101490      0.2711852      0.1561072     -0.3767119     -0.8709261     -1.3980161     -2.0176895     -2.2273037     -2.3204124     -2.6440122     -2.9168162     -3.1309195     -3.4311543     -3.7449534     -3.9890876     -4.1996713     -4.3928604     -4.5624442     -4.7238812     -4.8882666     -5.0300756     -5.1244035     -5.1627660     -4.9953156     -4.4703355     -3.5605044
      2.7347846      1.8847055      1.5574861      1.5048712      1.3201091      0.9896451      0.5802660      0.3964881      0.4488733      0.4834866      0.4457570      0.1493238     -0.4634072     -1.0405351     -1.4448274     -1.7924217     -2.0226066     -2.1776776     -2.3436730     -2.4470222     -2.6216211     -3.0181830     -3.5019965     -3.9121761     -4.2279801     -4.4675164     -4.6429758     -4.7875419     -4.9236064     -5.0412474     -5.1145949     -5.1335125     -4.9271073     -4.3703427     -3.5024512
      2.7668500      1.9381064      1.6038986      1.6042261      1.5495012      1.2886775      0.9250212      0.8341409      0.9083963      0.8797880      0.7218188      0.3041891     -0.3260209     -0.8800406     -1.2733613     -1.6202137     -1.9362679     -2.1309023     -2.1639116     -2.1496584     -2.2365746     -2.5083716     -3.0096049     -3.6055121     -4.0931945     -4.4281178     -4.6423993     -4.7884755     -4.9114084     -5.0113211     -5.0697961     -5.0785069     -4.8414106     -4.2477932     -3.4113026
      2.8210583      1.9878153      1.5786728      1.5321480      1.5264598      1.4142048      1.2163475      1.1837375      1.2333958      1.1813790      1.0542403      0.6689799     -0.0266732     -0.6670364     -1.0884817     -1.4327192     -1.7262223     -1.8987876     -1.9587969     -2.0256891     -2.1087251     -2.1983092     -2.5114739     -3.0983365     -3.7384381     -4.2446151     -4.5477834     -4.7233434     -4.8565035     -4.9438620     -4.9872928     -5.0015430     -4.7495151     -4.1201830     -3.3087611
      2.8649352      2.0218194      1.5433123      1.4346404      1.4318829      1.4499775      1.3944573      1.3424687      1.3180534      1.2685224      1.2638119      1.0537245      0.4434418     -0.2395028     -0.7792730     -1.1710061     -1.4066668     -1.5498086     -1.6709504     -1.8427024     -2.0032201     -2.0842214     -2.2550423     -2.6603637     -3.2803345     -3.9287722     -4.3731766     -4.6121221     -4.7608614     -4.8468795     -4.8889356     -4.9164515     -4.6603808     -4.0158930     -3.2378137
      2.8998306      2.0867589      1.5595994      1.3628281      1.3473442      1.4304218      1.4171321      1.3139930      1.2650664      1.2664839      1.3234444      1.2591271      0.8550852      0.2701750     -0.3009887     -0.7575556     -1.0458418     -1.2286866     -1.3656102     -1.5433537     -1.7728019     -1.9769512     -2.1761928     -2.4301193     -2.8897665     -3.5769393     -4.1608882     -4.4723110     -4.6389394     -4.7404242     -4.7986703     -4.8319769     -4.5742345     -3.9326475     -3.1859729
      2.9657950      2.2286580      1.6352506      1.3167464      1.2779272      1.3793139      1.4089028      1.3815573      1.3978025      1.4116068      1.3938472      1.3434645      1.1121079      0.6959993      0.2305086     -0.2407390     -0.6331750     -0.8807360     -1.0510029     -1.2640179     -1.5579814     -1.8829464     -2.1522512     -2.3087425     -2.5885825     -3.2249687     -3.9006279     -4.2940655     -4.4964480     -4.6234169     -4.7022929     -4.7460294     -4.5001183     -3.8511002     -3.1010256
      3.0254180      2.3386748      1.6735134      1.2916492      1.2628564      1.3693529      1.4741247      1.5828669      1.6324638      1.6166661      1.5604436      1.4924990      1.3636670      1.1148678      0.7976047      0.3559683     -0.1448172     -0.4657742     -0.6845278     -1.0078638     -1.4293978     -1.8206186     -2.0613775     -2.1558924     -2.3633032     -2.9483778     -3.6606519     -4.1154351     -4.3464203     -4.4940963     -4.5944438     -4.6632800     -4.4457903     -3.7909739     -3.0240405
      2.9853795      2.2493179      1.5944574      1.2897863      1.3005519      1.4156591      1.5719932      1.7218444      1.7953475      1.8402027      1.8050880      1.6808301      1.5944798      1.5202429      1.3834947      1.0718653      0.5476566      0.0651112     -0.2733233     -0.6837533     -1.2327275     -1.6508460     -1.8195838     -1.9076419     -2.1926548     -2.8373296     -3.5342987     -3.9668369     -4.2010264     -4.3639321     -4.4927230     -4.5915613     -4.4111862     -3.7718682     -2.9919467
      2.8889713      2.0613236      1.4939597      1.3418150      1.3816644      1.4757005      1.5981774      1.6957128      1.8568202      2.0371473      1.9613997      1.7249771      1.6999549      1.8500992      1.8957999      1.7204202      1.2693440      0.6358576      0.1043345     -0.3454467     -0.8963118     -1.3297324     -1.5095431     -1.6180354     -1.9716684     -2.7002349     -3.4274004     -3.8570008     -4.0754871     -4.2456341     -4.4083319     -4.5314474     -4.3946185     -3.7838800     -2.9804530
      2.7942042      1.9311000      1.4679327      1.4027675      1.4121068      1.3991997      1.3651966      1.3493482      1.5193936      1.7563509      1.7459770      1.6473147      1.8131851      2.1266265      2.2383299      2.0515420      1.5958120      0.9276754      0.3167794     -0.1610521     -0.6389898     -1.0021673     -1.1718946     -1.2548174     -1.5815636     -2.3543947     -3.2179315     -3.7454994     -3.9717407     -4.1594744     -4.3501954     -4.4864006     -4.3882947     -3.8045270     -2.9707162
      2.7252226      1.8977352      1.5299927      1.4418050      1.3397425      1.1129501      0.8049367      0.6458855      0.7414416      0.9961570      1.2411685      1.4936603      1.8756402      2.2598455      2.3723974      2.1151011      1.6006640      1.0133880      0.5243517      0.0669766     -0.3537306     -0.6280617     -0.8095034     -0.8551797     -1.0893075     -1.8906840     -2.8841898     -3.5415077     -3.8728740     -4.1177130     -4.3184271     -4.4558725     -4.3946815     -3.8432190     -2.9781919
      2.6942925      1.9160378      1.6097442      1.4506763      1.1831355      0.7064318     -0.0038475     -0.6361654     -0.9565978     -0.6820371      0.1763944      1.0337508      1.6523156      2.1632724      2.4246445      2.2239051      1.7359412      1.3170794      0.9829510      0.5176451      0.0911861     -0.2035568     -0.5639658     -0.6795196     -0.7370271     -1.4749577     -2.5768499     -3.3647108     -3.8142993     -4.1061220     -4.3027577     -4.4349699     -4.4114356     -3.9024127     -3.0115318
      2.6681254      1.8930119      1.6052014      1.3519771      0.9371763      0.3059455     -0.9639471     -2.5801718     -3.7203166     -3.6227210     -2.0940986     -0.1729390      1.0968654      1.8455288      2.3029809      2.3268342      2.0393786      1.7344433      1.4293207      0.9726680      0.5334055      0.1709865     -0.3467765     -0.6186857     -0.6541975     -1.3485657     -2.4985433     -3.3342564     -3.8083324     -4.0977392     -4.2844462     -4.4123034     -4.4129925     -3.9405439     -3.0415447
      2.6516821      1.8604349      1.5729200      1.2203921      0.7881678      0.0772423     -1.8549515     -4.2942705     -5.7945843     -6.0092154     -4.6635089     -2.0698035      0.1159281      1.2602618      1.8853157      2.1884797      2.1575089      1.8937446      1.6172111      1.2934756      0.8693411      0.4591153     -0.0040396     -0.4604526     -0.9149449     -1.7136304     -2.6764004     -3.3780661     -3.8024170     -4.0672321     -4.2477469     -4.3749056     -4.3839455     -3.9390879     -3.0567412
      2.6546490      1.8569801      1.5605900      1.1456434      0.7533977     -0.1067580     -2.5667577     -5.2096786     -6.4521203     -6.7457433     -6.0010462     -3.6317797     -0.9957231      0.5762714      1.4508733      1.9881154      2.1054046      1.8988800      1.6883044      1.4619396      1.0228615      0.5807956      0.2437270     -0.3773898     -1.3556473     -2.2840767     -2.9713778     -3.4475317     -3.7587652     -3.9919043     -4.1866002     -4.3284583     -4.3464298     -3.9252958     -3.0684724
      2.6541293      1.8424985      1.5329964      1.0952729      0.6016292     -0.4755358     -3.0554163     -5.5235772     -6.5121069     -6.7108150     -6.2416539     -4.3211813     -1.6852461      0.1393385      1.1651330      1.8166494      2.0092254      1.8448800      1.6411641      1.3793583      0.9006897      0.5102445      0.2675291     -0.4557897     -1.6706234     -2.6531928     -3.2125821     -3.5232913     -3.7063971     -3.8945336     -4.1012979     -4.2742386     -4.3239751     -3.9245815     -3.0728183
      2.6453576      1.8137630      1.5056182      1.0980636      0.4455394     -0.7834716     -3.2081363     -5.4895892     -6.3981013     -6.5217457     -5.9885106     -4.1520329     -1.6490865      0.1283961      1.0251496      1.5440452      1.7036099      1.4653552      1.0151954      0.4183110     -0.1007942     -0.1382867     -0.1538859     -0.9337474     -2.1076846     -2.9511633     -3.4058354     -3.6167333     -3.7151010     -3.8386731     -4.0172138     -4.2097864     -4.3004203     -3.9274099     -3.0750942
      2.6379235      1.7742598      1.4731631      1.1918110      0.5626367     -0.6349370     -2.8869083     -5.1936374     -6.1699133     -6.1094041     -5.1810498     -3.1556265     -0.9285714      0.5939467      1.3350103      1.5718980      1.4454905      0.7091635     -0.5209559     -1.5944740     -1.9745877     -1.5403225     -1.2452849     -1.8976401     -2.7985549     -3.3430049     -3.6432016     -3.7867036     -3.8295493     -3.8647354     -3.9705143     -4.1506023     -4.2672763     -3.9284332     -3.0913107
      2.5849326      1.6759541      1.4094697      1.3525134      0.9192551     -0.0865924     -2.0384505     -4.3772988     -5.5718751     -5.3057775     -4.0161204     -2.0206616     -0.0974381      1.2645886      1.9732009      1.9990051      1.4520049     -0.0450442     -2.0823593     -3.2422800     -3.3250062     -2.8328214     -2.5010116     -2.8816407     -3.4348874     -3.7569594     -3.9584565     -4.0514674     -4.0231471     -3.9561977     -3.9700620     -4.1061702     -4.2368155     -3.9356880     -3.1107337
      2.4072375      1.5618373      1.4451016      1.5909457      1.3770943      0.6205134     -0.8367215     -2.7967603     -4.1325502     -4.0495515     -2.9134126     -1.2137991      0.5331668      1.7567956      2.2539403      2.0909848      1.3646086     -0.2851664     -2.3951352     -3.5107691     -3.5994737     -3.4032810     -3.3261774     -3.5822289     -3.9251256     -4.1615806     -4.3147626     -4.3414226     -4.2244205     -4.0696354     -4.0047107     -4.0847039     -4.2196045     -3.9514341     -3.1259484
      2.2759233      1.6099237      1.6454253      1.8433504      1.7689552      1.2658274      0.3433571     -0.9444951     -2.0869079     -2.3091552     -1.6711380     -0.4445614      0.9958877      1.8842359      2.0214872      1.7264560      1.1255751     -0.0835234     -1.7225180     -2.8717959     -3.3137684     -3.4996188     -3.7107627     -4.0193620     -4.3217564     -4.5295653     -4.6275420     -4.5814667     -4.3964210     -4.1828737     -4.0620193     -4.0934114     -4.2225399     -3.9755719     -3.1452990
      2.4057655      1.8004113      1.7512280      1.8730010      1.8692143      1.6090982      1.1376435      0.3854094     -0.3888716     -0.5695726     -0.2233101      0.4578875      1.2873559      1.7057779      1.6236645      1.3204006      0.7933282     -0.0739848     -1.0996088     -2.0383210     -2.8486569     -3.4678555     -3.9153111     -4.3070350     -4.6220584     -4.8001599     -4.8429270     -4.7500601     -4.5324154     -4.2883763     -4.1302218     -4.1222496     -4.2408800     -4.0042024     -3.1656420
      2.6291540      1.9317912      1.6354523      1.6831285      1.8410246      1.8161498      1.5504669      1.0621624      0.5556120      0.4558791      0.7126426      1.0811169      1.4300724      1.5571146      1.4488995      1.1135912      0.4983926     -0.1476880     -0.7126234     -1.5389426     -2.6083834     -3.4889433     -4.0718536     -4.4935279     -4.7824569     -4.9191689     -4.9329877     -4.8348956     -4.6177082     -4.3664732     -4.1929197     -4.1629782     -4.2722330     -4.0483398     -3.2075427
      2.7553244      1.9830698      1.4897250      1.4789809      1.7925445      1.9019537      1.6371722      1.2582823      0.9115196      0.7566324      0.9131415      1.2264688      1.4784865      1.6071773      1.5998704      1.2839067      0.6723917      0.1229881     -0.5174656     -1.6051308     -2.7587323     -3.5912259     -4.1571469     -4.5408301     -4.7824845     -4.9059973     -4.9279327     -4.8426971     -4.6400509     -4.4042759     -4.2421389     -4.2111096     -4.3101983     -4.1041751     -3.2768183
      2.7875943      1.9833854      1.4038547      1.3065943      1.5851843      1.6841362      1.4397881      1.2293479      1.0686258      0.9193097      1.0254943      1.3501158      1.6455491      1.8191410      1.8866502      1.7147613      1.1013633      0.1878458     -0.8838371     -2.0784175     -3.0592749     -3.6940992     -4.1466141     -4.4578156     -4.6695156     -4.8206744     -4.8704247     -4.7897205     -4.6095014     -4.4183803     -4.2871318     -4.2613592     -4.3483009     -4.1506944     -3.3335910
      2.7849267      1.9974920      1.4023809      1.1602817      1.2850357      1.3372891      1.2131802      1.2668623      1.3314768      1.2582455      1.3680515      1.6853013      1.9273957      1.9923970      1.9837370      1.7640691      0.8592099     -0.5350640     -1.7178063     -2.5801718     -3.2254326     -3.6837554     -4.0461860     -4.3130703     -4.5245423     -4.7005138     -4.7583809     -4.6779289     -4.5392423     -4.4140577     -4.3260412     -4.3134146     -4.3923306     -4.1972814     -3.3825672
      2.7904329      2.1518350      1.5965849      1.1199973      1.0400633      1.0713286      1.1242657      1.4031885      1.6208104      1.5696393      1.6371540      1.9636781      2.1203146      1.9977396      1.7834297      1.1668587     -0.1896506     -1.5886258     -2.3465791     -2.6586175     -2.7976975     -2.9536889     -3.3464644     -3.8909070     -4.3151631     -4.5225358     -4.5593481     -4.5004911     -4.4330964     -4.3841486     -4.3516989     -4.3699203     -4.4459252     -4.2515516     -3.4409437
      2.7987788      2.3496609      1.8815594      1.2378978      1.0026580      0.9967960      1.1242089      1.4948525      1.7520362      1.6889707      1.6477684      1.8863810      2.0643759      1.9592524      1.5533404      0.4795313     -1.1066536     -2.2136376     -2.5283823     -2.2820847     -1.6404469     -1.0966644     -1.4296572     -2.7193706     -3.8753586     -4.2595468     -4.2797852     -4.2806530     -4.3058782     -4.3333898     -4.3611903     -4.4205012     -4.5012360     -4.3030663     -3.4921470
      2.8282568      2.4538012      2.0362585      1.4033227      1.1806967      1.1876417      1.2421910      1.4198711      1.5197765      1.5145507      1.4636911      1.5164943      1.7099938      1.8043950      1.3425752      0.0200592     -1.4874153     -2.3350356     -2.5099649     -1.9742144     -0.7689676      0.4646042      0.4755717     -1.3419839     -3.2915499     -3.9602656     -4.0159507     -4.0944085     -4.1862068     -4.2649183     -4.3497925     -4.4565182     -4.5502667     -4.3458052     -3.5284843
      2.8963890      2.5168726      2.0892413      1.5266070      1.4066426      1.5309932      1.4610302      1.2546211      1.1181973      1.1836756      1.2322574      1.1970166      1.3120918      1.4533278      0.9774825     -0.3696205     -1.7181215     -2.3838952     -2.5200381     -2.0590079     -0.9817501      0.2137503      0.4325032     -1.0587575     -2.8962328     -3.6658430     -3.8342402     -3.9770234     -4.0901752     -4.1922159     -4.3306446     -4.4879885     -4.5897560     -4.3721828     -3.5490727
      2.9695141      2.5623965      2.0791392      1.5571702      1.5190874      1.7486916      1.6004083      1.1987547      1.0235533      1.0802310      1.1041181      1.0686533      1.0561607      0.8905632      0.2342125     -0.9384498     -2.0278614     -2.5466592     -2.5998454     -2.2835627     -1.6766558     -1.0806001     -1.0167563     -1.7789159     -2.7699094     -3.3495338     -3.6547368     -3.8835225     -4.0221987     -4.1446238     -4.3209686     -4.5110250     -4.6128721     -4.3769464     -3.5472794
      3.0183918      2.5810630      2.0257890      1.5264131      1.5360671      1.8014646      1.7281626      1.4281619      1.2820404      1.1892923      1.0864885      1.1045916      0.9580593      0.3016012     -0.6559761     -1.6231717     -2.3888390     -2.7453384     -2.7261312     -2.4931085     -2.2180526     -2.0742652     -2.2014916     -2.5834620     -2.9718592     -3.2529893     -3.5493810     -3.8249922     -3.9958656     -4.1411095     -4.3268042     -4.5267577     -4.6316915     -4.3757372     -3.5342035
      3.0403388      2.5922418      2.0300817      1.5861225      1.5747931      1.7470840      1.7955027      1.7391001      1.5738775      1.2296747      1.0107300      1.1081406      0.9610285      0.1190374     -0.9919072     -1.9099803     -2.5637126     -2.8693371     -2.8732893     -2.7462461     -2.6294935     -2.6453574     -2.8509121     -3.1944072     -3.4598060     -3.5772426     -3.7174742     -3.8961999     -4.0421247     -4.1796455     -4.3488584     -4.5562181     -4.6652999     -4.3854728     -3.5345929
      3.0276237      2.5635431      2.0337276      1.6777935      1.6094787      1.5696627      1.5962559      1.7262697      1.5993435      1.1110606      0.8255412      0.9452695      0.9592737      0.3983548     -0.6198776     -1.5895332     -2.3287823     -2.7899101     -2.9580138     -2.9694586     -2.9626894     -3.0429776     -3.2531533     -3.5675468     -3.8229907     -3.9221423     -3.9709980     -4.0478520     -4.1376171     -4.2357926     -4.3821158     -4.5927196     -4.6936669     -4.3849125     -3.5269265
